0.0000 0.0000
0.0020 0.0001
0.0040 0.0003
0.0060 0.0006
0.0080 0.0010
0.0100 0.0016
0.0120 0.0023
0.0140 0.0031
0.0160 0.0040
0.0180 0.0051
0.0200 0.0063
0.0220 0.0076
0.0240 0.0091
0.0260 0.0107
0.0280 0.0124
0.0300 0.0142
0.0320 0.0162
0.0340 0.0183
0.0360 0.0205
0.0380 0.0228
0.0400 0.0253
0.0420 0.0279
0.0440 0.0306
0.0460 0.0334
0.0480 0.0364
0.0500 0.0395
0.0520 0.0427
0.0540 0.0461
0.0560 0.0495
0.0580 0.0532
0.0600 0.0569
0.0620 0.0607
0.0640 0.0647
0.0660 0.0688
0.0680 0.0731
0.0700 0.0774
0.0720 0.0819
0.0740 0.0865
0.0760 0.0913
0.0780 0.0961
0.0800 0.1011
0.0820 0.1062
0.0840 0.1115
0.0860 0.1169
0.0880 0.1224
0.0900 0.1280
0.0920 0.1337
0.0940 0.1396
0.0960 0.1456
0.0980 0.1517
0.1000 0.1580
0.1020 0.1644
0.1040 0.1709
0.1060 0.1775
0.1080 0.1843
0.1100 0.1912
0.1120 0.1982
0.1140 0.2053
0.1160 0.2126
0.1180 0.2200
0.1200 0.2275
0.1220 0.2352
0.1240 0.2429
0.1260 0.2508
0.1280 0.2589
0.1300 0.2670
0.1320 0.2753
0.1340 0.2837
0.1360 0.2922
0.1380 0.3009
0.1400 0.3097
0.1420 0.3186
0.1440 0.3276
0.1460 0.3368
0.1480 0.3461
0.1500 0.3555
0.1520 0.3650
0.1540 0.3747
0.1560 0.3845
0.1580 0.3944
0.1600 0.4045
0.1620 0.4147
0.1640 0.4250
0.1660 0.4354
0.1680 0.4459
0.1700 0.4566
0.1720 0.4674
0.1740 0.4784
0.1760 0.4894
0.1780 0.5006
0.1800 0.5119
0.1820 0.5234
0.1840 0.5349
0.1860 0.5466
0.1880 0.5584
0.1900 0.5704
0.1920 0.5825
0.1940 0.5946
0.1960 0.6070
0.1980 0.6194
0.2000 0.6320
0.2020 0.6447
0.2040 0.6575
0.2060 0.6705
0.2080 0.6836
0.2100 0.6968
0.2120 0.7101
0.2140 0.7236
0.2160 0.7372
0.2180 0.7509
0.2200 0.7647
0.2220 0.7787
0.2240 0.7928
0.2260 0.8070
0.2280 0.8213
0.2300 0.8358
0.2320 0.8504
0.2340 0.8651
0.2360 0.8800
0.2380 0.8950
0.2400 0.9101
0.2420 0.9253
0.2440 0.9407
0.2460 0.9562
0.2480 0.9718
0.2500 0.9875
0.2520 1.0034
0.2540 1.0194
0.2560 1.0355
0.2580 1.0517
0.2600 1.0681
0.2620 1.0846
0.2640 1.1012
0.2660 1.1179
0.2680 1.1348
0.2700 1.1518
0.2720 1.1689
0.2740 1.1862
0.2760 1.2036
0.2780 1.2211
0.2800 1.2387
0.2820 1.2565
0.2840 1.2744
0.2860 1.2924
0.2880 1.3105
0.2900 1.3288
0.2920 1.3472
0.2940 1.3657
0.2960 1.3843
0.2980 1.4031
0.3000 1.4220
0.3020 1.4410
0.3040 1.4602
0.3060 1.4794
0.3080 1.4989
0.3100 1.5184
0.3120 1.5380
0.3140 1.5578
0.3160 1.5777
0.3180 1.5978
0.3200 1.6179
0.3220 1.6382
0.3240 1.6586
0.3260 1.6792
0.3280 1.6998
0.3300 1.7206
0.3320 1.7415
0.3340 1.7626
0.3360 1.7838
0.3380 1.8051
0.3400 1.8265
0.3420 1.8480
0.3440 1.8697
0.3460 1.8915
0.3480 1.9134
0.3500 1.9355
0.3520 1.9577
0.3540 1.9800
0.3560 2.0024
0.3580 2.0250
0.3600 2.0477
0.3620 2.0705
0.3640 2.0934
0.3660 2.1165
0.3680 2.1397
0.3700 2.1630
0.3720 2.1865
0.3740 2.2100
0.3760 2.2337
0.3780 2.2576
0.3800 2.2815
0.3820 2.3056
0.3840 2.3298
0.3860 2.3541
0.3880 2.3786
0.3900 2.4032
0.3920 2.4279
0.3940 2.4527
0.3960 2.4777
0.3980 2.5028
0.4000 2.5280
0.4020 2.5533
0.4040 2.5788
0.4060 2.6044
0.4080 2.6301
0.4100 2.6560
0.4120 2.6820
0.4140 2.7081
0.4160 2.7343
0.4180 2.7606
0.4200 2.7871
0.4220 2.8137
0.4240 2.8405
0.4260 2.8673
0.4280 2.8943
0.4300 2.9214
0.4320 2.9487
0.4340 2.9760
0.4360 3.0035
0.4380 3.0311
0.4400 3.0589
0.4420 3.0868
0.4440 3.1147
0.4460 3.1429
0.4480 3.1711
0.4500 3.1995
0.4520 3.2280
0.4540 3.2566
0.4560 3.2854
0.4580 3.3143
0.4600 3.3433
0.4620 3.3724
0.4640 3.4017
0.4660 3.4311
0.4680 3.4606
0.4700 3.4902
0.4720 3.5200
0.4740 3.5499
0.4760 3.5799
0.4780 3.6100
0.4800 3.6403
0.4820 3.6707
0.4840 3.7012
0.4860 3.7319
0.4880 3.7627
0.4900 3.7936
0.4920 3.8246
0.4940 3.8558
0.4960 3.8871
0.4980 3.9185
0.5000 3.9500
0.5020 3.9817
0.5040 4.0135
0.5060 4.0454
0.5080 4.0774
0.5100 4.1096
0.5120 4.1419
0.5140 4.1743
0.5160 4.2068
0.5180 4.2395
0.5200 4.2723
0.5220 4.3052
0.5240 4.3383
0.5260 4.3715
0.5280 4.4048
0.5300 4.4382
0.5320 4.4718
0.5340 4.5055
0.5360 4.5393
0.5380 4.5732
0.5400 4.6073
0.5420 4.6415
0.5440 4.6758
0.5460 4.7102
0.5480 4.7448
0.5500 4.7795
0.5520 4.8143
0.5540 4.8493
0.5560 4.8843
0.5580 4.9196
0.5600 4.9549
0.5620 4.9903
0.5640 5.0259
0.5660 5.0616
0.5680 5.0975
0.5700 5.1334
0.5720 5.1695
0.5740 5.2057
0.5760 5.2421
0.5780 5.2785
0.5800 5.3151
0.5820 5.3518
0.5840 5.3887
0.5860 5.4257
0.5880 5.4628
0.5900 5.5000
0.5920 5.5373
0.5940 5.5748
0.5960 5.6124
0.5980 5.6501
0.6000 5.6880
0.6020 5.7260
0.6040 5.7641
0.6060 5.8023
0.6080 5.8407
0.6100 5.8792
0.6120 5.9178
0.6140 5.9565
0.6160 5.9954
0.6180 6.0344
0.6200 6.0735
0.6220 6.1128
0.6240 6.1521
0.6260 6.1916
0.6280 6.2313
0.6300 6.2710
0.6320 6.3109
0.6340 6.3509
0.6360 6.3910
0.6380 6.4313
0.6400 6.4717
0.6420 6.5122
0.6440 6.5528
0.6460 6.5936
0.6480 6.6345
0.6500 6.6755
0.6520 6.7166
0.6540 6.7579
0.6560 6.7993
0.6580 6.8408
0.6600 6.8825
0.6620 6.9243
0.6640 6.9662
0.6660 7.0082
0.6680 7.0503
0.6700 7.0926
0.6720 7.1350
0.6740 7.1776
0.6760 7.2202
0.6780 7.2630
0.6800 7.3059
0.6820 7.3490
0.6840 7.3921
0.6860 7.4354
0.6880 7.4788
0.6900 7.5224
0.6920 7.5661
0.6940 7.6098
0.6960 7.6538
0.6980 7.6978
0.7000 7.7420
0.7020 7.7863
0.7040 7.8307
0.7060 7.8753
0.7080 7.9200
0.7100 7.9648
0.7120 8.0097
0.7140 8.0548
0.7160 8.1000
0.7180 8.1453
0.7200 8.1907
0.7220 8.2363
0.7240 8.2820
0.7260 8.3278
0.7280 8.3737
0.7300 8.4198
0.7320 8.4660
0.7340 8.5123
0.7360 8.5588
0.7380 8.6054
0.7400 8.6521
0.7420 8.6989
0.7440 8.7459
0.7460 8.7930
0.7480 8.8402
0.7500 8.8875
0.7520 8.9350
0.7540 8.9826
0.7560 9.0303
0.7580 9.0781
0.7600 9.1261
0.7620 9.1742
0.7640 9.2224
0.7660 9.2707
0.7680 9.3192
0.7700 9.3678
0.7720 9.4165
0.7740 9.4654
0.7760 9.5144
0.7780 9.5635
0.7800 9.6127
0.7820 9.6621
0.7840 9.7116
0.7860 9.7612
0.7880 9.8109
0.7900 9.8608
0.7920 9.9108
0.7940 9.9609
0.7960 10.0111
0.7980 10.0615
0.8000 10.1120
0.8020 10.1626
0.8040 10.2134
0.8060 10.2642
0.8080 10.3153
0.8100 10.3664
0.8120 10.4176
0.8140 10.4690
0.8160 10.5205
0.8180 10.5722
0.8200 10.6239
0.8220 10.6758
0.8240 10.7278
0.8260 10.7800
0.8280 10.8322
0.8300 10.8846
0.8320 10.9371
0.8340 10.9898
0.8360 11.0426
0.8380 11.0955
0.8400 11.1485
0.8420 11.2016
0.8440 11.2549
0.8460 11.3083
0.8480 11.3618
0.8500 11.4155
0.8520 11.4693
0.8540 11.5232
0.8560 11.5772
0.8580 11.6314
0.8600 11.6857
0.8620 11.7401
0.8640 11.7946
0.8660 11.8493
0.8680 11.9041
0.8700 11.9590
0.8720 12.0141
0.8740 12.0692
0.8760 12.1245
0.8780 12.1800
0.8800 12.2355
0.8820 12.2912
0.8840 12.3470
0.8860 12.4029
0.8880 12.4590
0.8900 12.5152
0.8920 12.5715
0.8940 12.6279
0.8960 12.6845
0.8980 12.7412
0.9000 12.7980
0.9020 12.8549
0.9040 12.9120
0.9060 12.9692
0.9080 13.0265
0.9100 13.0840
0.9120 13.1416
0.9140 13.1993
0.9160 13.2571
0.9180 13.3150
0.9200 13.3731
0.9220 13.4313
0.9240 13.4897
0.9260 13.5481
0.9280 13.6067
0.9300 13.6654
0.9320 13.7243
0.9340 13.7832
0.9360 13.8423
0.9380 13.9015
0.9400 13.9609
0.9420 14.0204
0.9440 14.0799
0.9460 14.1397
0.9480 14.1995
0.9500 14.2595
0.9520 14.3196
0.9540 14.3798
0.9560 14.4402
0.9580 14.5007
0.9600 14.5613
0.9620 14.6220
0.9640 14.6829
0.9660 14.7439
0.9680 14.8050
0.9700 14.8662
0.9720 14.9276
0.9740 14.9891
0.9760 15.0507
0.9780 15.1124
0.9800 15.1743
0.9820 15.2363
0.9840 15.2984
0.9860 15.3607
0.9880 15.4231
0.9900 15.4856
0.9920 15.5482
0.9940 15.6110
0.9960 15.6739
0.9980 15.7369
1.0000 15.8000
1.0020 15.8633
1.0040 15.9267
1.0060 15.9902
1.0080 16.0538
1.0100 16.1176
1.0120 16.1815
1.0140 16.2455
1.0160 16.3096
1.0180 16.3739
1.0200 16.4383
1.0220 16.5028
1.0240 16.5675
1.0260 16.6323
1.0280 16.6972
1.0300 16.7622
1.0320 16.8274
1.0340 16.8927
1.0360 16.9581
1.0380 17.0236
1.0400 17.0893
1.0420 17.1551
1.0440 17.2210
1.0460 17.2870
1.0480 17.3532
1.0500 17.4195
1.0520 17.4859
1.0540 17.5525
1.0560 17.6191
1.0580 17.6860
1.0600 17.7529
1.0620 17.8199
1.0640 17.8871
1.0660 17.9544
1.0680 18.0219
1.0700 18.0894
1.0720 18.1571
1.0740 18.2249
1.0760 18.2929
1.0780 18.3609
1.0800 18.4291
1.0820 18.4974
1.0840 18.5659
1.0860 18.6345
1.0880 18.7032
1.0900 18.7720
1.0920 18.8409
1.0940 18.9100
1.0960 18.9792
1.0980 19.0485
1.1000 19.1180
1.1020 19.1876
1.1040 19.2573
1.1060 19.3271
1.1080 19.3971
1.1100 19.4672
1.1120 19.5374
1.1140 19.6077
1.1160 19.6782
1.1180 19.7488
1.1200 19.8195
1.1220 19.8904
1.1240 19.9613
1.1260 20.0324
1.1280 20.1037
1.1300 20.1750
1.1320 20.2465
1.1340 20.3181
1.1360 20.3898
1.1380 20.4617
1.1400 20.5337
1.1420 20.6058
1.1440 20.6780
1.1460 20.7504
1.1480 20.8229
1.1500 20.8955
1.1520 20.9682
1.1540 21.0411
1.1560 21.1141
1.1580 21.1872
1.1600 21.2605
1.1620 21.3339
1.1640 21.4074
1.1660 21.4810
1.1680 21.5547
1.1700 21.6286
1.1720 21.7026
1.1740 21.7768
1.1760 21.8510
1.1780 21.9254
1.1800 21.9999
1.1820 22.0746
1.1840 22.1493
1.1860 22.2242
1.1880 22.2992
1.1900 22.3744
1.1920 22.4497
1.1940 22.5250
1.1960 22.6006
1.1980 22.6762
1.2000 22.7520
1.2020 22.8279
1.2040 22.9039
1.2060 22.9801
1.2080 23.0564
1.2100 23.1328
1.2120 23.2093
1.2140 23.2860
1.2160 23.3628
1.2180 23.4397
1.2200 23.5167
1.2220 23.5939
1.2240 23.6712
1.2260 23.7484
1.2280 23.8255
1.2300 23.9025
1.2320 23.9793
1.2340 24.0560
1.2360 24.1326
1.2380 24.2091
1.2400 24.2854
1.2420 24.3616
1.2440 24.4377
1.2460 24.5137
1.2480 24.5895
1.2500 24.6652
1.2520 24.7408
1.2540 24.8163
1.2560 24.8916
1.2580 24.9668
1.2600 25.0419
1.2620 25.1168
1.2640 25.1916
1.2660 25.2663
1.2680 25.3409
1.2700 25.4154
1.2720 25.4897
1.2740 25.5639
1.2760 25.6379
1.2780 25.7119
1.2800 25.7857
1.2820 25.8594
1.2840 25.9329
1.2860 26.0064
1.2880 26.0797
1.2900 26.1528
1.2920 26.2259
1.2940 26.2988
1.2960 26.3716
1.2980 26.4443
1.3000 26.5168
1.3020 26.5893
1.3040 26.6616
1.3060 26.7337
1.3080 26.8058
1.3100 26.8777
1.3120 26.9495
1.3140 27.0211
1.3160 27.0927
1.3180 27.1641
1.3200 27.2354
1.3220 27.3065
1.3240 27.3775
1.3260 27.4485
1.3280 27.5192
1.3300 27.5899
1.3320 27.6604
1.3340 27.7308
1.3360 27.8011
1.3380 27.8712
1.3400 27.9412
1.3420 28.0111
1.3440 28.0809
1.3460 28.1505
1.3480 28.2201
1.3500 28.2894
1.3520 28.3587
1.3540 28.4278
1.3560 28.4969
1.3580 28.5657
1.3600 28.6345
1.3620 28.7031
1.3640 28.7716
1.3660 28.8400
1.3680 28.9082
1.3700 28.9764
1.3720 29.0444
1.3740 29.1122
1.3760 29.1800
1.3780 29.2476
1.3800 29.3151
1.3820 29.3825
1.3840 29.4497
1.3860 29.5168
1.3880 29.5838
1.3900 29.6507
1.3920 29.7174
1.3940 29.7840
1.3960 29.8505
1.3980 29.9168
1.4000 29.9831
1.4020 30.0492
1.4040 30.1151
1.4060 30.1810
1.4080 30.2467
1.4100 30.3123
1.4120 30.3778
1.4140 30.4431
1.4160 30.5083
1.4180 30.5734
1.4200 30.6384
1.4220 30.7032
1.4240 30.7679
1.4260 30.8325
1.4280 30.8970
1.4300 30.9613
1.4320 31.0255
1.4340 31.0896
1.4360 31.1535
1.4380 31.2174
1.4400 31.2811
1.4420 31.3446
1.4440 31.4081
1.4460 31.4714
1.4480 31.5346
1.4500 31.5977
1.4520 31.6606
1.4540 31.7234
1.4560 31.7861
1.4580 31.8487
1.4600 31.9111
1.4620 31.9734
1.4640 32.0356
1.4660 32.0977
1.4680 32.1596
1.4700 32.2214
1.4720 32.2831
1.4740 32.3446
1.4760 32.4060
1.4780 32.4673
1.4800 32.5285
1.4820 32.5896
1.4840 32.6505
1.4860 32.7113
1.4880 32.7719
1.4900 32.8325
1.4920 32.8929
1.4940 32.9532
1.4960 33.0133
1.4980 33.0734
1.5000 33.1333
1.5020 33.1931
1.5040 33.2527
1.5060 33.3122
1.5080 33.3716
1.5100 33.4309
1.5120 33.4901
1.5140 33.5491
1.5160 33.6080
1.5180 33.6668
1.5200 33.7254
1.5220 33.7839
1.5240 33.8423
1.5260 33.9006
1.5280 33.9587
1.5300 34.0167
1.5320 34.0746
1.5340 34.1324
1.5360 34.1900
1.5380 34.2475
1.5400 34.3049
1.5420 34.3621
1.5440 34.4193
1.5460 34.4763
1.5480 34.5331
1.5500 34.5899
1.5520 34.6465
1.5540 34.7030
1.5560 34.7594
1.5580 34.8156
1.5600 34.8717
1.5620 34.9277
1.5640 34.9836
1.5660 35.0393
1.5680 35.0949
1.5700 35.1504
1.5720 35.2058
1.5740 35.2610
1.5760 35.3161
1.5780 35.3711
1.5800 35.4259
1.5820 35.4807
1.5840 35.5353
1.5860 35.5897
1.5880 35.6441
1.5900 35.6983
1.5920 35.7524
1.5940 35.8064
1.5960 35.8602
1.5980 35.9139
1.6000 35.9675
1.6020 36.0210
1.6040 36.0743
1.6060 36.1275
1.6080 36.1806
1.6100 36.2335
1.6120 36.2864
1.6140 36.3391
1.6160 36.3916
1.6180 36.4441
1.6200 36.4964
1.6220 36.5486
1.6240 36.6007
1.6260 36.6526
1.6280 36.7044
1.6300 36.7561
1.6320 36.8077
1.6340 36.8591
1.6360 36.9105
1.6380 36.9616
1.6400 37.0127
1.6420 37.0636
1.6440 37.1144
1.6460 37.1651
1.6480 37.2157
1.6500 37.2661
1.6520 37.3164
1.6540 37.3666
1.6560 37.4166
1.6580 37.4665
1.6600 37.5163
1.6620 37.5660
1.6640 37.6156
1.6660 37.6650
1.6680 37.7143
1.6700 37.7634
1.6720 37.8125
1.6740 37.8614
1.6760 37.9102
1.6780 37.9588
1.6800 38.0073
1.6820 38.0558
1.6840 38.1040
1.6860 38.1522
1.6880 38.2002
1.6900 38.2481
1.6920 38.2959
1.6940 38.3435
1.6960 38.3910
1.6980 38.4384
1.7000 38.4857
1.7020 38.5329
1.7040 38.5799
1.7060 38.6268
1.7080 38.6735
1.7100 38.7202
1.7120 38.7667
1.7140 38.8130
1.7160 38.8593
1.7180 38.9054
1.7200 38.9514
1.7220 38.9973
1.7240 39.0431
1.7260 39.0887
1.7280 39.1342
1.7300 39.1796
1.7320 39.2248
1.7340 39.2699
1.7360 39.3149
1.7380 39.3598
1.7400 39.4045
1.7420 39.4491
1.7440 39.4936
1.7460 39.5380
1.7480 39.5822
1.7500 39.6263
1.7520 39.6703
1.7540 39.7142
1.7560 39.7579
1.7580 39.8015
1.7600 39.8450
1.7620 39.8883
1.7640 39.9315
1.7660 39.9746
1.7680 40.0176
1.7700 40.0604
1.7720 40.1032
1.7740 40.1458
1.7760 40.1882
1.7780 40.2306
1.7800 40.2728
1.7820 40.3149
1.7840 40.3568
1.7860 40.3986
1.7880 40.4403
1.7900 40.4819
1.7920 40.5234
1.7940 40.5647
1.7960 40.6059
1.7980 40.6470
1.8000 40.6879
1.8020 40.7288
1.8040 40.7694
1.8060 40.8100
1.8080 40.8505
1.8100 40.8908
1.8120 40.9310
1.8140 40.9710
1.8160 41.0110
1.8180 41.0508
1.8200 41.0905
1.8220 41.1300
1.8240 41.1694
1.8260 41.2087
1.8280 41.2479
1.8300 41.2870
1.8320 41.3259
1.8340 41.3647
1.8360 41.4034
1.8380 41.4419
1.8400 41.4803
1.8420 41.5186
1.8440 41.5568
1.8460 41.5948
1.8480 41.6328
1.8500 41.6705
1.8520 41.7082
1.8540 41.7457
1.8560 41.7831
1.8580 41.8204
1.8600 41.8576
1.8620 41.8946
1.8640 41.9315
1.8660 41.9683
1.8680 42.0049
1.8700 42.0415
1.8720 42.0779
1.8740 42.1141
1.8760 42.1503
1.8780 42.1863
1.8800 42.2222
1.8820 42.2579
1.8840 42.2936
1.8860 42.3291
1.8880 42.3645
1.8900 42.3997
1.8920 42.4349
1.8940 42.4699
1.8960 42.5048
1.8980 42.5395
1.9000 42.5741
1.9020 42.6086
1.9040 42.6430
1.9060 42.6773
1.9080 42.7114
1.9100 42.7454
1.9120 42.7793
1.9140 42.8130
1.9160 42.8466
1.9180 42.8801
1.9200 42.9135
1.9220 42.9467
1.9240 42.9798
1.9260 43.0128
1.9280 43.0457
1.9300 43.0784
1.9320 43.1110
1.9340 43.1435
1.9360 43.1758
1.9380 43.2081
1.9400 43.2402
1.9420 43.2721
1.9440 43.3040
1.9460 43.3357
1.9480 43.3673
1.9500 43.3988
1.9520 43.4301
1.9540 43.4613
1.9560 43.4924
1.9580 43.5234
1.9600 43.5542
1.9620 43.5849
1.9640 43.6155
1.9660 43.6459
1.9680 43.6763
1.9700 43.7065
1.9720 43.7366
1.9740 43.7665
1.9760 43.7963
1.9780 43.8260
1.9800 43.8556
1.9820 43.8850
1.9840 43.9144
1.9860 43.9436
1.9880 43.9726
1.9900 44.0016
1.9920 44.0304
1.9940 44.0591
1.9960 44.0876
1.9980 44.1161
2.0000 44.1444
2.0020 44.1725
2.0040 44.2006
2.0060 44.2285
2.0080 44.2563
2.0100 44.2840
2.0120 44.3116
2.0140 44.3390
2.0160 44.3663
2.0180 44.3934
2.0200 44.4205
2.0220 44.4474
2.0240 44.4742
2.0260 44.5009
2.0280 44.5274
2.0300 44.5538
2.0320 44.5801
2.0340 44.6063
2.0360 44.6323
2.0380 44.6582
2.0400 44.6840
2.0420 44.7096
2.0440 44.7352
2.0460 44.7606
2.0480 44.7858
2.0500 44.8110
2.0520 44.8360
2.0540 44.8609
2.0560 44.8857
2.0580 44.9103
2.0600 44.9348
2.0620 44.9592
2.0640 44.9835
2.0660 45.0076
2.0680 45.0316
2.0700 45.0555
2.0720 45.0793
2.0740 45.1029
2.0760 45.1264
2.0780 45.1498
2.0800 45.1730
2.0820 45.1961
2.0840 45.2191
2.0860 45.2420
2.0880 45.2648
2.0900 45.2874
2.0920 45.3099
2.0940 45.3322
2.0960 45.3545
2.0980 45.3766
2.1000 45.3986
2.1020 45.4204
2.1040 45.4422
2.1060 45.4638
2.1080 45.4853
2.1100 45.5066
2.1120 45.5279
2.1140 45.5490
2.1160 45.5699
2.1180 45.5908
2.1200 45.6115
2.1220 45.6321
2.1240 45.6526
2.1260 45.6729
2.1280 45.6931
2.1300 45.7132
2.1320 45.7332
2.1340 45.7530
2.1360 45.7727
2.1380 45.7923
2.1400 45.8118
2.1420 45.8311
2.1440 45.8503
2.1460 45.8694
2.1480 45.8884
2.1500 45.9072
2.1520 45.9259
2.1540 45.9445
2.1560 45.9629
2.1580 45.9812
2.1600 45.9994
2.1620 46.0175
2.1640 46.0354
2.1660 46.0533
2.1680 46.0710
2.1700 46.0885
2.1720 46.1060
2.1740 46.1233
2.1760 46.1404
2.1780 46.1575
2.1800 46.1744
2.1820 46.1912
2.1840 46.2079
2.1860 46.2245
2.1880 46.2409
2.1900 46.2572
2.1920 46.2734
2.1940 46.2894
2.1960 46.3053
2.1980 46.3211
2.2000 46.3368
2.2020 46.3523
2.2040 46.3678
2.2060 46.3830
2.2080 46.3982
2.2100 46.4132
2.2120 46.4282
2.2140 46.4429
2.2160 46.4576
2.2180 46.4721
2.2200 46.4865
2.2220 46.5008
2.2240 46.5150
2.2260 46.5290
2.2280 46.5429
2.2300 46.5566
2.2320 46.5703
2.2340 46.5838
2.2360 46.5972
2.2380 46.6105
2.2400 46.6236
2.2420 46.6366
2.2440 46.6495
2.2460 46.6623
2.2480 46.6749
2.2500 46.6874
2.2520 46.6998
2.2540 46.7120
2.2560 46.7242
2.2580 46.7362
2.2600 46.7481
2.2620 46.7598
2.2640 46.7714
2.2660 46.7829
2.2680 46.7943
2.2700 46.8055
2.2720 46.8167
2.2740 46.8276
2.2760 46.8385
2.2780 46.8492
2.2800 46.8599
2.2820 46.8703
2.2840 46.8807
2.2860 46.8909
2.2880 46.9010
2.2900 46.9110
2.2920 46.9209
2.2940 46.9306
2.2960 46.9402
2.2980 46.9497
2.3000 46.9590
2.3020 46.9682
2.3040 46.9773
2.3060 46.9863
2.3080 46.9951
2.3100 47.0039
2.3120 47.0125
2.3140 47.0209
2.3160 47.0293
2.3180 47.0375
2.3200 47.0455
2.3220 47.0535
2.3240 47.0613
2.3260 47.0690
2.3280 47.0766
2.3300 47.0841
2.3320 47.0914
2.3340 47.0986
2.3360 47.1057
2.3380 47.1126
2.3400 47.1194
2.3420 47.1261
2.3440 47.1327
2.3460 47.1391
2.3480 47.1454
2.3500 47.1516
2.3520 47.1577
2.3540 47.1636
2.3560 47.1694
2.3580 47.1751
2.3600 47.1807
2.3620 47.1861
2.3640 47.1914
2.3660 47.1966
2.3680 47.2016
2.3700 47.2066
2.3720 47.2114
2.3740 47.2160
2.3760 47.2206
2.3780 47.2250
2.3800 47.2293
2.3820 47.2334
2.3840 47.2375
2.3860 47.2414
2.3880 47.2452
2.3900 47.2488
2.3920 47.2524
2.3940 47.2558
2.3960 47.2591
2.3980 47.2622
2.4000 47.2652
2.4020 47.2681
2.4040 47.2709
2.4060 47.2736
2.4080 47.2761
2.4100 47.2785
2.4120 47.2808
2.4140 47.2829
2.4160 47.2849
2.4180 47.2868
2.4200 47.2886
2.4220 47.2902
2.4240 47.2917
2.4260 47.2931
2.4280 47.2944
2.4300 47.2955
2.4320 47.2965
2.4340 47.2974
2.4360 47.2981
2.4380 47.2987
2.4400 47.2992
2.4420 47.2996
2.4440 47.2999
2.4460 47.3000
