0.0000 0.0000
0.0020 -0.0001
0.0040 -0.0003
0.0060 -0.0006
0.0080 -0.0010
0.0100 -0.0016
0.0120 -0.0023
0.0140 -0.0031
0.0160 -0.0040
0.0180 -0.0051
0.0200 -0.0063
0.0220 -0.0076
0.0240 -0.0091
0.0260 -0.0107
0.0280 -0.0124
0.0300 -0.0142
0.0320 -0.0162
0.0340 -0.0183
0.0360 -0.0205
0.0380 -0.0228
0.0400 -0.0253
0.0420 -0.0279
0.0440 -0.0306
0.0460 -0.0334
0.0480 -0.0364
0.0500 -0.0395
0.0520 -0.0427
0.0540 -0.0461
0.0560 -0.0495
0.0580 -0.0532
0.0600 -0.0569
0.0620 -0.0607
0.0640 -0.0647
0.0660 -0.0688
0.0680 -0.0731
0.0700 -0.0774
0.0720 -0.0819
0.0740 -0.0865
0.0760 -0.0913
0.0780 -0.0961
0.0800 -0.1011
0.0820 -0.1062
0.0840 -0.1115
0.0860 -0.1169
0.0880 -0.1224
0.0900 -0.1280
0.0920 -0.1337
0.0940 -0.1396
0.0960 -0.1456
0.0980 -0.1517
0.1000 -0.1580
0.1020 -0.1644
0.1040 -0.1709
0.1060 -0.1775
0.1080 -0.1843
0.1100 -0.1912
0.1120 -0.1982
0.1140 -0.2053
0.1160 -0.2126
0.1180 -0.2200
0.1200 -0.2275
0.1220 -0.2352
0.1240 -0.2429
0.1260 -0.2508
0.1280 -0.2589
0.1300 -0.2670
0.1320 -0.2753
0.1340 -0.2837
0.1360 -0.2922
0.1380 -0.3009
0.1400 -0.3097
0.1420 -0.3186
0.1440 -0.3276
0.1460 -0.3368
0.1480 -0.3461
0.1500 -0.3555
0.1520 -0.3650
0.1540 -0.3747
0.1560 -0.3845
0.1580 -0.3944
0.1600 -0.4045
0.1620 -0.4147
0.1640 -0.4250
0.1660 -0.4354
0.1680 -0.4459
0.1700 -0.4566
0.1720 -0.4674
0.1740 -0.4784
0.1760 -0.4894
0.1780 -0.5006
0.1800 -0.5119
0.1820 -0.5234
0.1840 -0.5349
0.1860 -0.5466
0.1880 -0.5584
0.1900 -0.5704
0.1920 -0.5825
0.1940 -0.5946
0.1960 -0.6070
0.1980 -0.6194
0.2000 -0.6320
0.2020 -0.6447
0.2040 -0.6575
0.2060 -0.6705
0.2080 -0.6836
0.2100 -0.6968
0.2120 -0.7101
0.2140 -0.7236
0.2160 -0.7372
0.2180 -0.7509
0.2200 -0.7647
0.2220 -0.7787
0.2240 -0.7928
0.2260 -0.8070
0.2280 -0.8213
0.2300 -0.8358
0.2320 -0.8504
0.2340 -0.8651
0.2360 -0.8800
0.2380 -0.8950
0.2400 -0.9101
0.2420 -0.9253
0.2440 -0.9407
0.2460 -0.9562
0.2480 -0.9718
0.2500 -0.9875
0.2520 -1.0034
0.2540 -1.0194
0.2560 -1.0355
0.2580 -1.0517
0.2600 -1.0681
0.2620 -1.0846
0.2640 -1.1012
0.2660 -1.1179
0.2680 -1.1348
0.2700 -1.1518
0.2720 -1.1689
0.2740 -1.1862
0.2760 -1.2036
0.2780 -1.2211
0.2800 -1.2387
0.2820 -1.2565
0.2840 -1.2744
0.2860 -1.2924
0.2880 -1.3105
0.2900 -1.3288
0.2920 -1.3472
0.2940 -1.3657
0.2960 -1.3843
0.2980 -1.4031
0.3000 -1.4220
0.3020 -1.4410
0.3040 -1.4602
0.3060 -1.4794
0.3080 -1.4989
0.3100 -1.5184
0.3120 -1.5380
0.3140 -1.5578
0.3160 -1.5777
0.3180 -1.5978
0.3200 -1.6179
0.3220 -1.6382
0.3240 -1.6586
0.3260 -1.6792
0.3280 -1.6998
0.3300 -1.7206
0.3320 -1.7415
0.3340 -1.7626
0.3360 -1.7838
0.3380 -1.8051
0.3400 -1.8265
0.3420 -1.8480
0.3440 -1.8697
0.3460 -1.8915
0.3480 -1.9134
0.3500 -1.9355
0.3520 -1.9577
0.3540 -1.9800
0.3560 -2.0024
0.3580 -2.0250
0.3600 -2.0477
0.3620 -2.0705
0.3640 -2.0934
0.3660 -2.1165
0.3680 -2.1397
0.3700 -2.1630
0.3720 -2.1865
0.3740 -2.2100
0.3760 -2.2337
0.3780 -2.2576
0.3800 -2.2815
0.3820 -2.3056
0.3840 -2.3298
0.3860 -2.3541
0.3880 -2.3786
0.3900 -2.4032
0.3920 -2.4279
0.3940 -2.4527
0.3960 -2.4777
0.3980 -2.5028
0.4000 -2.5280
0.4020 -2.5533
0.4040 -2.5788
0.4060 -2.6044
0.4080 -2.6301
0.4100 -2.6560
0.4120 -2.6820
0.4140 -2.7081
0.4160 -2.7343
0.4180 -2.7606
0.4200 -2.7871
0.4220 -2.8137
0.4240 -2.8405
0.4260 -2.8673
0.4280 -2.8943
0.4300 -2.9214
0.4320 -2.9487
0.4340 -2.9760
0.4360 -3.0035
0.4380 -3.0311
0.4400 -3.0589
0.4420 -3.0868
0.4440 -3.1147
0.4460 -3.1429
0.4480 -3.1711
0.4500 -3.1995
0.4520 -3.2280
0.4540 -3.2566
0.4560 -3.2854
0.4580 -3.3143
0.4600 -3.3433
0.4620 -3.3724
0.4640 -3.4017
0.4660 -3.4311
0.4680 -3.4606
0.4700 -3.4902
0.4720 -3.5200
0.4740 -3.5499
0.4760 -3.5799
0.4780 -3.6100
0.4800 -3.6403
0.4820 -3.6707
0.4840 -3.7012
0.4860 -3.7319
0.4880 -3.7627
0.4900 -3.7936
0.4920 -3.8246
0.4940 -3.8558
0.4960 -3.8871
0.4980 -3.9185
0.5000 -3.9500
0.5020 -3.9817
0.5040 -4.0135
0.5060 -4.0454
0.5080 -4.0774
0.5100 -4.1096
0.5120 -4.1419
0.5140 -4.1743
0.5160 -4.2068
0.5180 -4.2395
0.5200 -4.2723
0.5220 -4.3052
0.5240 -4.3383
0.5260 -4.3715
0.5280 -4.4048
0.5300 -4.4382
0.5320 -4.4718
0.5340 -4.5055
0.5360 -4.5393
0.5380 -4.5732
0.5400 -4.6073
0.5420 -4.6415
0.5440 -4.6758
0.5460 -4.7102
0.5480 -4.7448
0.5500 -4.7795
0.5520 -4.8143
0.5540 -4.8493
0.5560 -4.8843
0.5580 -4.9196
0.5600 -4.9549
0.5620 -4.9903
0.5640 -5.0259
0.5660 -5.0616
0.5680 -5.0975
0.5700 -5.1334
0.5720 -5.1695
0.5740 -5.2057
0.5760 -5.2421
0.5780 -5.2785
0.5800 -5.3151
0.5820 -5.3518
0.5840 -5.3887
0.5860 -5.4257
0.5880 -5.4628
0.5900 -5.5000
0.5920 -5.5373
0.5940 -5.5748
0.5960 -5.6124
0.5980 -5.6501
0.6000 -5.6880
0.6020 -5.7260
0.6040 -5.7641
0.6060 -5.8023
0.6080 -5.8407
0.6100 -5.8792
0.6120 -5.9178
0.6140 -5.9565
0.6160 -5.9954
0.6180 -6.0344
0.6200 -6.0735
0.6220 -6.1128
0.6240 -6.1521
0.6260 -6.1916
0.6280 -6.2313
0.6300 -6.2710
0.6320 -6.3109
0.6340 -6.3509
0.6360 -6.3910
0.6380 -6.4313
0.6400 -6.4717
0.6420 -6.5122
0.6440 -6.5528
0.6460 -6.5936
0.6480 -6.6345
0.6500 -6.6755
0.6520 -6.7166
0.6540 -6.7579
0.6560 -6.7993
0.6580 -6.8408
0.6600 -6.8825
0.6620 -6.9243
0.6640 -6.9662
0.6660 -7.0082
0.6680 -7.0503
0.6700 -7.0926
0.6720 -7.1350
0.6740 -7.1776
0.6760 -7.2202
0.6780 -7.2630
0.6800 -7.3059
0.6820 -7.3490
0.6840 -7.3921
0.6860 -7.4354
0.6880 -7.4788
0.6900 -7.5224
0.6920 -7.5661
0.6940 -7.6098
0.6960 -7.6538
0.6980 -7.6978
0.7000 -7.7420
0.7020 -7.7863
0.7040 -7.8307
0.7060 -7.8753
0.7080 -7.9200
0.7100 -7.9648
0.7120 -8.0097
0.7140 -8.0548
0.7160 -8.1000
0.7180 -8.1453
0.7200 -8.1907
0.7220 -8.2363
0.7240 -8.2820
0.7260 -8.3278
0.7280 -8.3737
0.7300 -8.4198
0.7320 -8.4660
0.7340 -8.5123
0.7360 -8.5588
0.7380 -8.6054
0.7400 -8.6521
0.7420 -8.6989
0.7440 -8.7459
0.7460 -8.7930
0.7480 -8.8402
0.7500 -8.8875
0.7520 -8.9350
0.7540 -8.9826
0.7560 -9.0303
0.7580 -9.0781
0.7600 -9.1261
0.7620 -9.1742
0.7640 -9.2224
0.7660 -9.2707
0.7680 -9.3192
0.7700 -9.3678
0.7720 -9.4165
0.7740 -9.4654
0.7760 -9.5144
0.7780 -9.5635
0.7800 -9.6127
0.7820 -9.6621
0.7840 -9.7116
0.7860 -9.7612
0.7880 -9.8109
0.7900 -9.8608
0.7920 -9.9108
0.7940 -9.9609
0.7960 -10.0111
0.7980 -10.0615
0.8000 -10.1120
0.8020 -10.1626
0.8040 -10.2134
0.8060 -10.2642
0.8080 -10.3153
0.8100 -10.3664
0.8120 -10.4176
0.8140 -10.4690
0.8160 -10.5205
0.8180 -10.5722
0.8200 -10.6239
0.8220 -10.6758
0.8240 -10.7278
0.8260 -10.7800
0.8280 -10.8322
0.8300 -10.8846
0.8320 -10.9371
0.8340 -10.9898
0.8360 -11.0426
0.8380 -11.0955
0.8400 -11.1485
0.8420 -11.2016
0.8440 -11.2549
0.8460 -11.3083
0.8480 -11.3618
0.8500 -11.4155
0.8520 -11.4693
0.8540 -11.5232
0.8560 -11.5772
0.8580 -11.6314
0.8600 -11.6857
0.8620 -11.7401
0.8640 -11.7946
0.8660 -11.8493
0.8680 -11.9041
0.8700 -11.9590
0.8720 -12.0141
0.8740 -12.0692
0.8760 -12.1245
0.8780 -12.1800
0.8800 -12.2355
0.8820 -12.2912
0.8840 -12.3470
0.8860 -12.4029
0.8880 -12.4590
0.8900 -12.5152
0.8920 -12.5715
0.8940 -12.6279
0.8960 -12.6845
0.8980 -12.7412
0.9000 -12.7980
0.9020 -12.8549
0.9040 -12.9120
0.9060 -12.9692
0.9080 -13.0265
0.9100 -13.0840
0.9120 -13.1416
0.9140 -13.1993
0.9160 -13.2571
0.9180 -13.3150
0.9200 -13.3731
0.9220 -13.4313
0.9240 -13.4897
0.9260 -13.5481
0.9280 -13.6067
0.9300 -13.6654
0.9320 -13.7243
0.9340 -13.7832
0.9360 -13.8423
0.9380 -13.9015
0.9400 -13.9609
0.9420 -14.0204
0.9440 -14.0799
0.9460 -14.1397
0.9480 -14.1995
0.9500 -14.2595
0.9520 -14.3196
0.9540 -14.3798
0.9560 -14.4402
0.9580 -14.5007
0.9600 -14.5613
0.9620 -14.6220
0.9640 -14.6829
0.9660 -14.7439
0.9680 -14.8050
0.9700 -14.8662
0.9720 -14.9276
0.9740 -14.9891
0.9760 -15.0507
0.9780 -15.1124
0.9800 -15.1743
0.9820 -15.2363
0.9840 -15.2984
0.9860 -15.3607
0.9880 -15.4231
0.9900 -15.4856
0.9920 -15.5482
0.9940 -15.6110
0.9960 -15.6739
0.9980 -15.7369
1.0000 -15.8000
1.0020 -15.8633
1.0040 -15.9267
1.0060 -15.9902
1.0080 -16.0538
1.0100 -16.1176
1.0120 -16.1815
1.0140 -16.2455
1.0160 -16.3096
1.0180 -16.3739
1.0200 -16.4383
1.0220 -16.5028
1.0240 -16.5675
1.0260 -16.6323
1.0280 -16.6972
1.0300 -16.7622
1.0320 -16.8274
1.0340 -16.8927
1.0360 -16.9581
1.0380 -17.0236
1.0400 -17.0893
1.0420 -17.1551
1.0440 -17.2210
1.0460 -17.2870
1.0480 -17.3532
1.0500 -17.4195
1.0520 -17.4859
1.0540 -17.5525
1.0560 -17.6191
1.0580 -17.6860
1.0600 -17.7529
1.0620 -17.8199
1.0640 -17.8871
1.0660 -17.9544
1.0680 -18.0219
1.0700 -18.0894
1.0720 -18.1571
1.0740 -18.2249
1.0760 -18.2929
1.0780 -18.3609
1.0800 -18.4291
1.0820 -18.4974
1.0840 -18.5659
1.0860 -18.6345
1.0880 -18.7032
1.0900 -18.7720
1.0920 -18.8409
1.0940 -18.9100
1.0960 -18.9792
1.0980 -19.0485
1.1000 -19.1180
1.1020 -19.1876
1.1040 -19.2573
1.1060 -19.3271
1.1080 -19.3971
1.1100 -19.4672
1.1120 -19.5374
1.1140 -19.6077
1.1160 -19.6782
1.1180 -19.7488
1.1200 -19.8195
1.1220 -19.8904
1.1240 -19.9613
1.1260 -20.0324
1.1280 -20.1037
1.1300 -20.1750
1.1320 -20.2465
1.1340 -20.3181
1.1360 -20.3898
1.1380 -20.4617
1.1400 -20.5337
1.1420 -20.6058
1.1440 -20.6780
1.1460 -20.7504
1.1480 -20.8229
1.1500 -20.8955
1.1520 -20.9682
1.1540 -21.0411
1.1560 -21.1141
1.1580 -21.1872
1.1600 -21.2605
1.1620 -21.3339
1.1640 -21.4074
1.1660 -21.4810
1.1680 -21.5547
1.1700 -21.6286
1.1720 -21.7026
1.1740 -21.7768
1.1760 -21.8510
1.1780 -21.9254
1.1800 -21.9999
1.1820 -22.0746
1.1840 -22.1493
1.1860 -22.2242
1.1880 -22.2992
1.1900 -22.3744
1.1920 -22.4497
1.1940 -22.5250
1.1960 -22.6006
1.1980 -22.6762
1.2000 -22.7520
1.2020 -22.8279
1.2040 -22.9039
1.2060 -22.9801
1.2080 -23.0564
1.2100 -23.1328
1.2120 -23.2093
1.2140 -23.2860
1.2160 -23.3628
1.2180 -23.4397
1.2200 -23.5167
1.2220 -23.5939
1.2240 -23.6712
1.2260 -23.7486
1.2280 -23.8261
1.2300 -23.9038
1.2320 -23.9816
1.2340 -24.0595
1.2360 -24.1376
1.2380 -24.2158
1.2400 -24.2941
1.2420 -24.3725
1.2440 -24.4511
1.2460 -24.5298
1.2480 -24.6086
1.2500 -24.6875
1.2520 -24.7666
1.2540 -24.8458
1.2560 -24.9251
1.2580 -25.0045
1.2600 -25.0841
1.2620 -25.1638
1.2640 -25.2436
1.2660 -25.3235
1.2680 -25.4036
1.2700 -25.4838
1.2720 -25.5641
1.2740 -25.6446
1.2760 -25.7252
1.2780 -25.8059
1.2800 -25.8867
1.2820 -25.9677
1.2840 -26.0488
1.2860 -26.1300
1.2880 -26.2113
1.2900 -26.2928
1.2920 -26.3744
1.2940 -26.4561
1.2960 -26.5379
1.2980 -26.6199
1.3000 -26.7020
1.3020 -26.7842
1.3040 -26.8666
1.3060 -26.9490
1.3080 -27.0317
1.3100 -27.1144
1.3120 -27.1972
1.3140 -27.2802
1.3160 -27.3633
1.3180 -27.4466
1.3200 -27.5299
1.3220 -27.6134
1.3240 -27.6970
1.3260 -27.7808
1.3280 -27.8646
1.3300 -27.9486
1.3320 -28.0327
1.3340 -28.1170
1.3360 -28.2014
1.3380 -28.2859
1.3400 -28.3705
1.3420 -28.4552
1.3440 -28.5401
1.3460 -28.6251
1.3480 -28.7102
1.3500 -28.7955
1.3520 -28.8809
1.3540 -28.9664
1.3560 -29.0520
1.3580 -29.1378
1.3600 -29.2237
1.3620 -29.3097
1.3640 -29.3958
1.3660 -29.4821
1.3680 -29.5685
1.3700 -29.6550
1.3720 -29.7417
1.3740 -29.8284
1.3760 -29.9153
1.3780 -30.0024
1.3800 -30.0895
1.3820 -30.1768
1.3840 -30.2642
1.3860 -30.3517
1.3880 -30.4394
1.3900 -30.5272
1.3920 -30.6151
1.3940 -30.7031
1.3960 -30.7913
1.3980 -30.8796
1.4000 -30.9680
1.4020 -31.0565
1.4040 -31.1452
1.4060 -31.2340
1.4080 -31.3229
1.4100 -31.4120
1.4120 -31.5012
1.4140 -31.5905
1.4160 -31.6799
1.4180 -31.7694
1.4200 -31.8591
1.4220 -31.9489
1.4240 -32.0389
1.4260 -32.1289
1.4280 -32.2191
1.4300 -32.3094
1.4320 -32.3999
1.4340 -32.4904
1.4360 -32.5811
1.4380 -32.6719
1.4400 -32.7629
1.4420 -32.8540
1.4440 -32.9451
1.4460 -33.0365
1.4480 -33.1279
1.4500 -33.2195
1.4520 -33.3112
1.4540 -33.4030
1.4560 -33.4950
1.4580 -33.5871
1.4600 -33.6793
1.4620 -33.7716
1.4640 -33.8641
1.4660 -33.9567
1.4680 -34.0494
1.4700 -34.1422
1.4720 -34.2352
1.4740 -34.3283
1.4760 -34.4215
1.4780 -34.5148
1.4800 -34.6083
1.4820 -34.7019
1.4840 -34.7956
1.4860 -34.8895
1.4880 -34.9835
1.4900 -35.0776
1.4920 -35.1718
1.4940 -35.2662
1.4960 -35.3607
1.4980 -35.4553
1.5000 -35.5500
1.5020 -35.6448
1.5040 -35.7396
1.5060 -35.8344
1.5080 -35.9292
1.5100 -36.0240
1.5120 -36.1188
1.5140 -36.2136
1.5160 -36.3084
1.5180 -36.4032
1.5200 -36.4980
1.5220 -36.5928
1.5240 -36.6876
1.5260 -36.7824
1.5280 -36.8772
1.5300 -36.9720
1.5320 -37.0668
1.5340 -37.1616
1.5360 -37.2564
1.5380 -37.3512
1.5400 -37.4460
1.5420 -37.5408
1.5440 -37.6356
1.5460 -37.7304
1.5480 -37.8252
1.5500 -37.9200
1.5520 -38.0148
1.5540 -38.1096
1.5560 -38.2044
1.5580 -38.2992
1.5600 -38.3940
1.5620 -38.4888
1.5640 -38.5836
1.5660 -38.6784
1.5680 -38.7732
1.5700 -38.8680
1.5720 -38.9628
1.5740 -39.0576
1.5760 -39.1524
1.5780 -39.2472
1.5800 -39.3420
1.5820 -39.4368
1.5840 -39.5316
1.5860 -39.6264
1.5880 -39.7212
1.5900 -39.8160
1.5920 -39.9108
1.5940 -40.0056
1.5960 -40.1004
1.5980 -40.1952
1.6000 -40.2900
1.6020 -40.3848
1.6040 -40.4796
1.6060 -40.5744
1.6080 -40.6692
1.6100 -40.7640
1.6120 -40.8588
1.6140 -40.9536
1.6160 -41.0484
1.6180 -41.1432
1.6200 -41.2380
1.6220 -41.3328
1.6240 -41.4276
1.6260 -41.5224
1.6280 -41.6172
1.6300 -41.7120
1.6320 -41.8068
1.6340 -41.9016
1.6360 -41.9964
1.6380 -42.0912
1.6400 -42.1860
1.6420 -42.2808
1.6440 -42.3756
1.6460 -42.4704
1.6480 -42.5652
1.6500 -42.6600
1.6520 -42.7548
1.6540 -42.8496
1.6560 -42.9444
1.6580 -43.0392
1.6600 -43.1340
1.6620 -43.2288
1.6640 -43.3236
1.6660 -43.4184
1.6680 -43.5132
1.6700 -43.6080
1.6720 -43.7026
1.6740 -43.7972
1.6760 -43.8916
1.6780 -43.9859
1.6800 -44.0800
1.6820 -44.1740
1.6840 -44.2679
1.6860 -44.3617
1.6880 -44.4554
1.6900 -44.5489
1.6920 -44.6423
1.6940 -44.7355
1.6960 -44.8287
1.6980 -44.9217
1.7000 -45.0146
1.7020 -45.1074
1.7040 -45.2000
1.7060 -45.2925
1.7080 -45.3849
1.7100 -45.4771
1.7120 -45.5693
1.7140 -45.6613
1.7160 -45.7532
1.7180 -45.8449
1.7200 -45.9365
1.7220 -46.0280
1.7240 -46.1194
1.7260 -46.2107
1.7280 -46.3018
1.7300 -46.3928
1.7320 -46.4836
1.7340 -46.5744
1.7360 -46.6650
1.7380 -46.7555
1.7400 -46.8458
1.7420 -46.9361
1.7440 -47.0262
1.7460 -47.1162
1.7480 -47.2060
1.7500 -47.2958
1.7520 -47.3854
1.7540 -47.4748
1.7560 -47.5642
1.7580 -47.6534
1.7600 -47.7425
1.7620 -47.8315
1.7640 -47.9203
1.7660 -48.0091
1.7680 -48.0976
1.7700 -48.1861
1.7720 -48.2744
1.7740 -48.3627
1.7760 -48.4507
1.7780 -48.5387
1.7800 -48.6265
1.7820 -48.7143
1.7840 -48.8018
1.7860 -48.8893
1.7880 -48.9766
1.7900 -49.0638
1.7920 -49.1509
1.7940 -49.2378
1.7960 -49.3247
1.7980 -49.4114
1.8000 -49.4979
1.8020 -49.5844
1.8040 -49.6707
1.8060 -49.7569
1.8080 -49.8429
1.8100 -49.9289
1.8120 -50.0147
1.8140 -50.1004
1.8160 -50.1859
1.8180 -50.2714
1.8200 -50.3567
1.8220 -50.4419
1.8240 -50.5269
1.8260 -50.6118
1.8280 -50.6966
1.8300 -50.7813
1.8320 -50.8659
1.8340 -50.9503
1.8360 -51.0346
1.8380 -51.1187
1.8400 -51.2028
1.8420 -51.2867
1.8440 -51.3705
1.8460 -51.4542
1.8480 -51.5377
1.8500 -51.6211
1.8520 -51.7044
1.8540 -51.7875
1.8560 -51.8706
1.8580 -51.9535
1.8600 -52.0362
1.8620 -52.1189
1.8640 -52.2014
1.8660 -52.2838
1.8680 -52.3661
1.8700 -52.4482
1.8720 -52.5303
1.8740 -52.6122
1.8760 -52.6939
1.8780 -52.7756
1.8800 -52.8571
1.8820 -52.9385
1.8840 -53.0197
1.8860 -53.1009
1.8880 -53.1819
1.8900 -53.2627
1.8920 -53.3435
1.8940 -53.4241
1.8960 -53.5046
1.8980 -53.5850
1.9000 -53.6653
1.9020 -53.7454
1.9040 -53.8254
1.9060 -53.9053
1.9080 -53.9850
1.9100 -54.0646
1.9120 -54.1441
1.9140 -54.2235
1.9160 -54.3027
1.9180 -54.3818
1.9200 -54.4608
1.9220 -54.5397
1.9240 -54.6184
1.9260 -54.6970
1.9280 -54.7755
1.9300 -54.8538
1.9320 -54.9321
1.9340 -55.0102
1.9360 -55.0881
1.9380 -55.1660
1.9400 -55.2437
1.9420 -55.3213
1.9440 -55.3988
1.9460 -55.4761
1.9480 -55.5533
1.9500 -55.6304
1.9520 -55.7074
1.9540 -55.7842
1.9560 -55.8609
1.9580 -55.9375
1.9600 -56.0140
1.9620 -56.0903
1.9640 -56.1665
1.9660 -56.2426
1.9680 -56.3186
1.9700 -56.3944
1.9720 -56.4701
1.9740 -56.5456
1.9760 -56.6211
1.9780 -56.6964
1.9800 -56.7716
1.9820 -56.8467
1.9840 -56.9216
1.9860 -56.9964
1.9880 -57.0711
1.9900 -57.1457
1.9920 -57.2201
1.9940 -57.2944
1.9960 -57.3686
1.9980 -57.4427
2.0000 -57.5166
2.0020 -57.5904
2.0040 -57.6641
2.0060 -57.7376
2.0080 -57.8111
2.0100 -57.8843
2.0120 -57.9575
2.0140 -58.0306
2.0160 -58.1035
2.0180 -58.1763
2.0200 -58.2489
2.0220 -58.3215
2.0240 -58.3939
2.0260 -58.4662
2.0280 -58.5383
2.0300 -58.6104
2.0320 -58.6823
2.0340 -58.7541
2.0360 -58.8257
2.0380 -58.8972
2.0400 -58.9686
2.0420 -59.0399
2.0440 -59.1111
2.0460 -59.1821
2.0480 -59.2530
2.0500 -59.3238
2.0520 -59.3944
2.0540 -59.4649
2.0560 -59.5353
2.0580 -59.6056
2.0600 -59.6757
2.0620 -59.7457
2.0640 -59.8156
2.0660 -59.8854
2.0680 -59.9550
2.0700 -60.0245
2.0720 -60.0939
2.0740 -60.1631
2.0760 -60.2323
2.0780 -60.3013
2.0800 -60.3701
2.0820 -60.4389
2.0840 -60.5075
2.0860 -60.5760
2.0880 -60.6444
2.0900 -60.7126
2.0920 -60.7807
2.0940 -60.8487
2.0960 -60.9166
2.0980 -60.9843
2.1000 -61.0519
2.1020 -61.1194
2.1040 -61.1868
2.1060 -61.2540
2.1080 -61.3211
2.1100 -61.3881
2.1120 -61.4549
2.1140 -61.5217
2.1160 -61.5883
2.1180 -61.6547
2.1200 -61.7211
2.1220 -61.7873
2.1240 -61.8534
2.1260 -61.9194
2.1280 -61.9852
2.1300 -62.0509
2.1320 -62.1165
2.1340 -62.1820
2.1360 -62.2473
2.1380 -62.3125
2.1400 -62.3776
2.1420 -62.4425
2.1440 -62.5074
2.1460 -62.5721
2.1480 -62.6366
2.1500 -62.7011
2.1520 -62.7654
2.1540 -62.8296
2.1560 -62.8937
2.1580 -62.9576
2.1600 -63.0214
2.1620 -63.0851
2.1640 -63.1487
2.1660 -63.2121
2.1680 -63.2755
2.1700 -63.3386
2.1720 -63.4017
2.1740 -63.4646
2.1760 -63.5274
2.1780 -63.5901
2.1800 -63.6527
2.1820 -63.7151
2.1840 -63.7774
2.1860 -63.8396
2.1880 -63.9016
2.1900 -63.9635
2.1920 -64.0253
2.1940 -64.0870
2.1960 -64.1486
2.1980 -64.2100
2.2000 -64.2713
2.2020 -64.3324
2.2040 -64.3935
2.2060 -64.4544
2.2080 -64.5152
2.2100 -64.5758
2.2120 -64.6363
2.2140 -64.6968
2.2160 -64.7570
2.2180 -64.8172
2.2200 -64.8772
2.2220 -64.9371
2.2240 -64.9969
2.2260 -65.0565
2.2280 -65.1160
2.2300 -65.1754
2.2320 -65.2347
2.2340 -65.2939
2.2360 -65.3529
2.2380 -65.4118
2.2400 -65.4705
2.2420 -65.5292
2.2440 -65.5877
2.2460 -65.6460
2.2480 -65.7043
2.2500 -65.7624
2.2520 -65.8204
2.2540 -65.8783
2.2560 -65.9361
2.2580 -65.9937
2.2600 -66.0512
2.2620 -66.1086
2.2640 -66.1658
2.2660 -66.2229
2.2680 -66.2799
2.2700 -66.3368
2.2720 -66.3935
2.2740 -66.4501
2.2760 -66.5066
2.2780 -66.5630
2.2800 -66.6192
2.2820 -66.6753
2.2840 -66.7313
2.2860 -66.7872
2.2880 -66.8429
2.2900 -66.8985
2.2920 -66.9540
2.2940 -67.0093
2.2960 -67.0645
2.2980 -67.1196
2.3000 -67.1746
2.3020 -67.2294
2.3040 -67.2842
2.3060 -67.3387
2.3080 -67.3932
2.3100 -67.4475
2.3120 -67.5018
2.3140 -67.5558
2.3160 -67.6098
2.3180 -67.6636
2.3200 -67.7173
2.3220 -67.7709
2.3240 -67.8244
2.3260 -67.8777
2.3280 -67.9309
2.3300 -67.9840
2.3320 -68.0369
2.3340 -68.0897
2.3360 -68.1424
2.3380 -68.1950
2.3400 -68.2474
2.3420 -68.2998
2.3440 -68.3520
2.3460 -68.4040
2.3480 -68.4560
2.3500 -68.5078
2.3520 -68.5594
2.3540 -68.6110
2.3560 -68.6624
2.3580 -68.7137
2.3600 -68.7649
2.3620 -68.8160
2.3640 -68.8669
2.3660 -68.9177
2.3680 -68.9684
2.3700 -69.0189
2.3720 -69.0693
2.3740 -69.1196
2.3760 -69.1698
2.3780 -69.2198
2.3800 -69.2697
2.3820 -69.3195
2.3840 -69.3692
2.3860 -69.4187
2.3880 -69.4681
2.3900 -69.5174
2.3920 -69.5666
2.3940 -69.6156
2.3960 -69.6645
2.3980 -69.7133
2.4000 -69.7619
2.4020 -69.8105
2.4040 -69.8589
2.4060 -69.9071
2.4080 -69.9553
2.4100 -70.0033
2.4120 -70.0512
2.4140 -70.0989
2.4160 -70.1466
2.4180 -70.1941
2.4200 -70.2415
2.4220 -70.2887
2.4240 -70.3359
2.4260 -70.3829
2.4280 -70.4298
2.4300 -70.4765
2.4320 -70.5231
2.4340 -70.5696
2.4360 -70.6160
2.4380 -70.6623
2.4400 -70.7084
2.4420 -70.7544
2.4440 -70.8002
2.4460 -70.8460
2.4480 -70.8916
2.4500 -70.9371
2.4520 -70.9825
2.4540 -71.0277
2.4560 -71.0728
2.4580 -71.1178
2.4600 -71.1626
2.4620 -71.2074
2.4640 -71.2520
2.4660 -71.2965
2.4680 -71.3408
2.4700 -71.3850
2.4720 -71.4291
2.4740 -71.4731
2.4760 -71.5170
2.4780 -71.5607
2.4800 -71.6043
2.4820 -71.6477
2.4840 -71.6911
2.4860 -71.7343
2.4880 -71.7774
2.4900 -71.8203
2.4920 -71.8632
2.4940 -71.9059
2.4960 -71.9485
2.4980 -71.9909
2.5000 -72.0333
2.5020 -72.0755
2.5040 -72.1175
2.5060 -72.1595
2.5080 -72.2013
2.5100 -72.2430
2.5120 -72.2846
2.5140 -72.3260
2.5160 -72.3674
2.5180 -72.4085
2.5200 -72.4496
2.5220 -72.4905
2.5240 -72.5314
2.5260 -72.5720
2.5280 -72.6126
2.5300 -72.6530
2.5320 -72.6934
2.5340 -72.7335
2.5360 -72.7736
2.5380 -72.8135
2.5400 -72.8533
2.5420 -72.8930
2.5440 -72.9325
2.5460 -72.9720
2.5480 -73.0113
2.5500 -73.0504
2.5520 -73.0895
2.5540 -73.1284
2.5560 -73.1672
2.5580 -73.2058
2.5600 -73.2444
2.5620 -73.2828
2.5640 -73.3211
2.5660 -73.3592
2.5680 -73.3973
2.5700 -73.4352
2.5720 -73.4730
2.5740 -73.5106
2.5760 -73.5481
2.5780 -73.5855
2.5800 -73.6228
2.5820 -73.6600
2.5840 -73.6970
2.5860 -73.7339
2.5880 -73.7706
2.5900 -73.8073
2.5920 -73.8438
2.5940 -73.8802
2.5960 -73.9165
2.5980 -73.9526
2.6000 -73.9886
2.6020 -74.0245
2.6040 -74.0602
2.6060 -74.0959
2.6080 -74.1314
2.6100 -74.1667
2.6120 -74.2020
2.6140 -74.2371
2.6160 -74.2721
2.6180 -74.3070
2.6200 -74.3417
2.6220 -74.3764
2.6240 -74.4109
2.6260 -74.4452
2.6280 -74.4795
2.6300 -74.5136
2.6320 -74.5476
2.6340 -74.5814
2.6360 -74.6152
2.6380 -74.6488
2.6400 -74.6822
2.6420 -74.7156
2.6440 -74.7488
2.6460 -74.7819
2.6480 -74.8149
2.6500 -74.8478
2.6520 -74.8805
2.6540 -74.9131
2.6560 -74.9456
2.6580 -74.9779
2.6600 -75.0101
2.6620 -75.0422
2.6640 -75.0742
2.6660 -75.1060
2.6680 -75.1377
2.6700 -75.1693
2.6720 -75.2008
2.6740 -75.2321
2.6760 -75.2633
2.6780 -75.2944
2.6800 -75.3253
2.6820 -75.3562
2.6840 -75.3869
2.6860 -75.4174
2.6880 -75.4479
2.6900 -75.4782
2.6920 -75.5084
2.6940 -75.5385
2.6960 -75.5684
2.6980 -75.5982
2.7000 -75.6279
2.7020 -75.6575
2.7040 -75.6869
2.7060 -75.7162
2.7080 -75.7454
2.7100 -75.7745
2.7120 -75.8034
2.7140 -75.8322
2.7160 -75.8609
2.7180 -75.8895
2.7200 -75.9179
2.7220 -75.9462
2.7240 -75.9743
2.7260 -76.0024
2.7280 -76.0303
2.7300 -76.0581
2.7320 -76.0858
2.7340 -76.1133
2.7360 -76.1407
2.7380 -76.1680
2.7400 -76.1952
2.7420 -76.2222
2.7440 -76.2491
2.7460 -76.2759
2.7480 -76.3026
2.7500 -76.3291
2.7520 -76.3555
2.7540 -76.3818
2.7560 -76.4079
2.7580 -76.4340
2.7600 -76.4598
2.7620 -76.4856
2.7640 -76.5113
2.7660 -76.5368
2.7680 -76.5622
2.7700 -76.5874
2.7720 -76.6126
2.7740 -76.6376
2.7760 -76.6625
2.7780 -76.6872
2.7800 -76.7119
2.7820 -76.7364
2.7840 -76.7608
2.7860 -76.7850
2.7880 -76.8091
2.7900 -76.8331
2.7920 -76.8570
2.7940 -76.8808
2.7960 -76.9044
2.7980 -76.9279
2.8000 -76.9513
2.8020 -76.9745
2.8040 -76.9976
2.8060 -77.0206
2.8080 -77.0435
2.8100 -77.0662
2.8120 -77.0888
2.8140 -77.1113
2.8160 -77.1337
2.8180 -77.1559
2.8200 -77.1780
2.8220 -77.2000
2.8240 -77.2218
2.8260 -77.2436
2.8280 -77.2652
2.8300 -77.2866
2.8320 -77.3080
2.8340 -77.3292
2.8360 -77.3503
2.8380 -77.3713
2.8400 -77.3921
2.8420 -77.4128
2.8440 -77.4334
2.8460 -77.4539
2.8480 -77.4742
2.8500 -77.4944
2.8520 -77.5145
2.8540 -77.5345
2.8560 -77.5543
2.8580 -77.5740
2.8600 -77.5936
2.8620 -77.6130
2.8640 -77.6324
2.8660 -77.6516
2.8680 -77.6706
2.8700 -77.6896
2.8720 -77.7084
2.8740 -77.7271
2.8760 -77.7457
2.8780 -77.7641
2.8800 -77.7824
2.8820 -77.8006
2.8840 -77.8187
2.8860 -77.8366
2.8880 -77.8544
2.8900 -77.8721
2.8920 -77.8896
2.8940 -77.9071
2.8960 -77.9244
2.8980 -77.9415
2.9000 -77.9586
2.9020 -77.9755
2.9040 -77.9923
2.9060 -78.0090
2.9080 -78.0255
2.9100 -78.0419
2.9120 -78.0582
2.9140 -78.0744
2.9160 -78.0904
2.9180 -78.1064
2.9200 -78.1221
2.9220 -78.1378
2.9240 -78.1533
2.9260 -78.1687
2.9280 -78.1840
2.9300 -78.1992
2.9320 -78.2142
2.9340 -78.2291
2.9360 -78.2439
2.9380 -78.2585
2.9400 -78.2730
2.9420 -78.2874
2.9440 -78.3017
2.9460 -78.3159
2.9480 -78.3299
2.9500 -78.3438
2.9520 -78.3575
2.9540 -78.3712
2.9560 -78.3847
2.9580 -78.3981
2.9600 -78.4113
2.9620 -78.4244
2.9640 -78.4375
2.9660 -78.4503
2.9680 -78.4631
2.9700 -78.4757
2.9720 -78.4882
2.9740 -78.5006
2.9760 -78.5128
2.9780 -78.5249
2.9800 -78.5369
2.9820 -78.5488
2.9840 -78.5606
2.9860 -78.5722
2.9880 -78.5837
2.9900 -78.5950
2.9920 -78.6063
2.9940 -78.6174
2.9960 -78.6283
2.9980 -78.6392
3.0000 -78.6499
3.0020 -78.6605
3.0040 -78.6710
3.0060 -78.6814
3.0080 -78.6916
3.0100 -78.7017
3.0120 -78.7117
3.0140 -78.7215
3.0160 -78.7312
3.0180 -78.7408
3.0200 -78.7503
3.0220 -78.7596
3.0240 -78.7688
3.0260 -78.7779
3.0280 -78.7869
3.0300 -78.7957
3.0320 -78.8044
3.0340 -78.8130
3.0360 -78.8215
3.0380 -78.8298
3.0400 -78.8380
3.0420 -78.8461
3.0440 -78.8540
3.0460 -78.8618
3.0480 -78.8695
3.0500 -78.8771
3.0520 -78.8845
3.0540 -78.8919
3.0560 -78.8990
3.0580 -78.9061
3.0600 -78.9130
3.0620 -78.9199
3.0640 -78.9265
3.0660 -78.9331
3.0680 -78.9395
3.0700 -78.9458
3.0720 -78.9520
3.0740 -78.9581
3.0760 -78.9640
3.0780 -78.9698
3.0800 -78.9755
3.0820 -78.9810
3.0840 -78.9864
3.0860 -78.9917
3.0880 -78.9969
3.0900 -79.0019
3.0920 -79.0069
3.0940 -79.0117
3.0960 -79.0163
3.0980 -79.0209
3.1000 -79.0253
3.1020 -79.0295
3.1040 -79.0337
3.1060 -79.0377
3.1080 -79.0416
3.1100 -79.0454
3.1120 -79.0491
3.1140 -79.0526
3.1160 -79.0560
3.1180 -79.0593
3.1200 -79.0624
3.1220 -79.0654
3.1240 -79.0683
3.1260 -79.0711
3.1280 -79.0737
3.1300 -79.0762
3.1320 -79.0786
3.1340 -79.0809
3.1360 -79.0830
3.1380 -79.0850
3.1400 -79.0869
3.1420 -79.0887
3.1440 -79.0903
3.1460 -79.0918
3.1480 -79.0932
3.1500 -79.0944
3.1520 -79.0956
3.1540 -79.0966
3.1560 -79.0974
3.1580 -79.0982
3.1600 -79.0988
3.1620 -79.0993
3.1640 -79.0996
3.1660 -79.0999
3.1680 -79.1000
