0.0000 -0.1006
0.0020 -0.1006
0.0040 -0.1006
0.0060 -0.1006
0.0080 -0.1006
0.0100 -0.1006
0.0120 -0.1006
0.0140 -0.1006
0.0160 -0.1006
0.0180 -0.1006
0.0200 -0.1006
0.0220 -0.1006
0.0240 -0.1006
0.0260 -0.1006
0.0280 -0.1006
0.0300 -0.1005
0.0320 -0.1005
0.0340 -0.1005
0.0360 -0.1005
0.0380 -0.1005
0.0400 -0.1005
0.0420 -0.1005
0.0440 -0.1004
0.0460 -0.1004
0.0480 -0.1004
0.0500 -0.1004
0.0520 -0.1004
0.0540 -0.1003
0.0560 -0.1003
0.0580 -0.1003
0.0600 -0.1003
0.0620 -0.1002
0.0640 -0.1002
0.0660 -0.1002
0.0680 -0.1002
0.0700 -0.1001
0.0720 -0.1001
0.0740 -0.1001
0.0760 -0.1001
0.0780 -0.1000
0.0800 -0.1000
0.0820 -0.1000
0.0840 -0.0999
0.0860 -0.0999
0.0880 -0.0999
0.0900 -0.0998
0.0920 -0.0998
0.0940 -0.0997
0.0960 -0.0997
0.0980 -0.0997
0.1000 -0.0996
0.1020 -0.0996
0.1040 -0.0996
0.1060 -0.0995
0.1080 -0.0995
0.1100 -0.0994
0.1120 -0.0994
0.1140 -0.0993
0.1160 -0.0993
0.1180 -0.0992
0.1200 -0.0992
0.1220 -0.0991
0.1240 -0.0991
0.1260 -0.0990
0.1280 -0.0990
0.1300 -0.0989
0.1320 -0.0989
0.1340 -0.0988
0.1360 -0.0988
0.1380 -0.0987
0.1400 -0.0987
0.1420 -0.0986
0.1440 -0.0986
0.1460 -0.0985
0.1480 -0.0984
0.1500 -0.0984
0.1520 -0.0983
0.1540 -0.0983
0.1560 -0.0982
0.1580 -0.0981
0.1600 -0.0981
0.1620 -0.0980
0.1640 -0.0979
0.1660 -0.0979
0.1680 -0.0978
0.1700 -0.0977
0.1720 -0.0977
0.1740 -0.0976
0.1760 -0.0975
0.1780 -0.0975
0.1800 -0.0974
0.1820 -0.0973
0.1840 -0.0972
0.1860 -0.0972
0.1880 -0.0971
0.1900 -0.0970
0.1920 -0.0969
0.1940 -0.0969
0.1960 -0.0968
0.1980 -0.0967
0.2000 -0.0966
0.2020 -0.0966
0.2040 -0.0965
0.2060 -0.0964
0.2080 -0.0963
0.2100 -0.0962
0.2120 -0.0961
0.2140 -0.0961
0.2160 -0.0960
0.2180 -0.0959
0.2200 -0.0958
0.2220 -0.0957
0.2240 -0.0956
0.2260 -0.0955
0.2280 -0.0954
0.2300 -0.0953
0.2320 -0.0953
0.2340 -0.0952
0.2360 -0.0951
0.2380 -0.0950
0.2400 -0.0949
0.2420 -0.0948
0.2440 -0.0947
0.2460 -0.0946
0.2480 -0.0945
0.2500 -0.0944
0.2520 -0.0943
0.2540 -0.0942
0.2560 -0.0941
0.2580 -0.0940
0.2600 -0.0939
0.2620 -0.0938
0.2640 -0.0937
0.2660 -0.0936
0.2680 -0.0935
0.2700 -0.0933
0.2720 -0.0932
0.2740 -0.0931
0.2760 -0.0930
0.2780 -0.0929
0.2800 -0.0928
0.2820 -0.0927
0.2840 -0.0926
0.2860 -0.0925
0.2880 -0.0923
0.2900 -0.0922
0.2920 -0.0921
0.2940 -0.0920
0.2960 -0.0919
0.2980 -0.0918
0.3000 -0.0916
0.3020 -0.0915
0.3040 -0.0914
0.3060 -0.0913
0.3080 -0.0911
0.3100 -0.0910
0.3120 -0.0909
0.3140 -0.0908
0.3160 -0.0906
0.3180 -0.0905
0.3200 -0.0904
0.3220 -0.0903
0.3240 -0.0901
0.3260 -0.0900
0.3280 -0.0899
0.3300 -0.0897
0.3320 -0.0896
0.3340 -0.0895
0.3360 -0.0893
0.3380 -0.0892
0.3400 -0.0891
0.3420 -0.0889
0.3440 -0.0888
0.3460 -0.0887
0.3480 -0.0885
0.3500 -0.0884
0.3520 -0.0882
0.3540 -0.0881
0.3560 -0.0880
0.3580 -0.0878
0.3600 -0.0877
0.3620 -0.0875
0.3640 -0.0874
0.3660 -0.0872
0.3680 -0.0871
0.3700 -0.0869
0.3720 -0.0868
0.3740 -0.0866
0.3760 -0.0865
0.3780 -0.0863
0.3800 -0.0862
0.3820 -0.0860
0.3840 -0.0859
0.3860 -0.0857
0.3880 -0.0856
0.3900 -0.0854
0.3920 -0.0853
0.3940 -0.0851
0.3960 -0.0850
0.3980 -0.0848
0.4000 -0.0846
0.4020 -0.0845
0.4040 -0.0843
0.4060 -0.0841
0.4080 -0.0840
0.4100 -0.0838
0.4120 -0.0837
0.4140 -0.0835
0.4160 -0.0833
0.4180 -0.0832
0.4200 -0.0830
0.4220 -0.0828
0.4240 -0.0827
0.4260 -0.0825
0.4280 -0.0823
0.4300 -0.0821
0.4320 -0.0820
0.4340 -0.0818
0.4360 -0.0816
0.4380 -0.0814
0.4400 -0.0813
0.4420 -0.0811
0.4440 -0.0809
0.4460 -0.0807
0.4480 -0.0806
0.4500 -0.0804
0.4520 -0.0802
0.4540 -0.0800
0.4560 -0.0798
0.4580 -0.0797
0.4600 -0.0795
0.4620 -0.0793
0.4640 -0.0791
0.4660 -0.0789
0.4680 -0.0787
0.4700 -0.0785
0.4720 -0.0784
0.4740 -0.0782
0.4760 -0.0780
0.4780 -0.0778
0.4800 -0.0776
0.4820 -0.0774
0.4840 -0.0772
0.4860 -0.0770
0.4880 -0.0768
0.4900 -0.0766
0.4920 -0.0764
0.4940 -0.0762
0.4960 -0.0760
0.4980 -0.0758
0.5000 -0.0756
0.5020 -0.0754
0.5040 -0.0752
0.5060 -0.0750
0.5080 -0.0748
0.5100 -0.0746
0.5120 -0.0744
0.5140 -0.0742
0.5160 -0.0740
0.5180 -0.0738
0.5200 -0.0736
0.5220 -0.0734
0.5240 -0.0732
0.5260 -0.0730
0.5280 -0.0728
0.5300 -0.0725
0.5320 -0.0723
0.5340 -0.0721
0.5360 -0.0719
0.5380 -0.0717
0.5400 -0.0715
0.5420 -0.0713
0.5440 -0.0710
0.5460 -0.0708
0.5480 -0.0706
0.5500 -0.0704
0.5520 -0.0702
0.5540 -0.0699
0.5560 -0.0697
0.5580 -0.0695
0.5600 -0.0693
0.5620 -0.0690
0.5640 -0.0688
0.5660 -0.0686
0.5680 -0.0684
0.5700 -0.0681
0.5720 -0.0679
0.5740 -0.0677
0.5760 -0.0675
0.5780 -0.0672
0.5800 -0.0670
0.5820 -0.0668
0.5840 -0.0665
0.5860 -0.0663
0.5880 -0.0661
0.5900 -0.0658
0.5920 -0.0656
0.5940 -0.0653
0.5960 -0.0651
0.5980 -0.0649
0.6000 -0.0646
0.6020 -0.0644
0.6040 -0.0642
0.6060 -0.0639
0.6080 -0.0637
0.6100 -0.0634
0.6120 -0.0632
0.6140 -0.0629
0.6160 -0.0627
0.6180 -0.0624
0.6200 -0.0622
0.6220 -0.0619
0.6240 -0.0617
0.6260 -0.0614
0.6280 -0.0612
0.6300 -0.0609
0.6320 -0.0607
0.6340 -0.0604
0.6360 -0.0602
0.6380 -0.0599
0.6400 -0.0597
0.6420 -0.0594
0.6440 -0.0592
0.6460 -0.0589
0.6480 -0.0586
0.6500 -0.0584
0.6520 -0.0581
0.6540 -0.0579
0.6560 -0.0576
0.6580 -0.0573
0.6600 -0.0571
0.6620 -0.0568
0.6640 -0.0565
0.6660 -0.0563
0.6680 -0.0560
0.6700 -0.0557
0.6720 -0.0555
0.6740 -0.0552
0.6760 -0.0549
0.6780 -0.0547
0.6800 -0.0544
0.6820 -0.0541
0.6840 -0.0538
0.6860 -0.0536
0.6880 -0.0533
0.6900 -0.0530
0.6920 -0.0527
0.6940 -0.0525
0.6960 -0.0522
0.6980 -0.0519
0.7000 -0.0516
0.7020 -0.0514
0.7040 -0.0511
0.7060 -0.0508
0.7080 -0.0505
0.7100 -0.0502
0.7120 -0.0499
0.7140 -0.0497
0.7160 -0.0494
0.7180 -0.0491
0.7200 -0.0488
0.7220 -0.0485
0.7240 -0.0482
0.7260 -0.0479
0.7280 -0.0476
0.7300 -0.0473
0.7320 -0.0471
0.7340 -0.0468
0.7360 -0.0465
0.7380 -0.0462
0.7400 -0.0459
0.7420 -0.0456
0.7440 -0.0453
0.7460 -0.0450
0.7480 -0.0447
0.7500 -0.0444
0.7520 -0.0441
0.7540 -0.0438
0.7560 -0.0435
0.7580 -0.0432
0.7600 -0.0429
0.7620 -0.0426
0.7640 -0.0423
0.7660 -0.0420
0.7680 -0.0417
0.7700 -0.0413
0.7720 -0.0410
0.7740 -0.0407
0.7760 -0.0404
0.7780 -0.0401
0.7800 -0.0398
0.7820 -0.0395
0.7840 -0.0392
0.7860 -0.0389
0.7880 -0.0385
0.7900 -0.0382
0.7920 -0.0379
0.7940 -0.0376
0.7960 -0.0373
0.7980 -0.0370
0.8000 -0.0366
0.8020 -0.0363
0.8040 -0.0360
0.8060 -0.0357
0.8080 -0.0353
0.8100 -0.0350
0.8120 -0.0347
0.8140 -0.0344
0.8160 -0.0340
0.8180 -0.0337
0.8200 -0.0334
0.8220 -0.0331
0.8240 -0.0327
0.8260 -0.0324
0.8280 -0.0321
0.8300 -0.0317
0.8320 -0.0314
0.8340 -0.0311
0.8360 -0.0307
0.8380 -0.0304
0.8400 -0.0301
0.8420 -0.0297
0.8440 -0.0294
0.8460 -0.0291
0.8480 -0.0287
0.8500 -0.0284
0.8520 -0.0280
0.8540 -0.0277
0.8560 -0.0274
0.8580 -0.0270
0.8600 -0.0267
0.8620 -0.0263
0.8640 -0.0260
0.8660 -0.0256
0.8680 -0.0253
0.8700 -0.0249
0.8720 -0.0246
0.8740 -0.0242
0.8760 -0.0239
0.8780 -0.0235
0.8800 -0.0232
0.8820 -0.0228
0.8840 -0.0225
0.8860 -0.0221
0.8880 -0.0218
0.8900 -0.0214
0.8920 -0.0211
0.8940 -0.0207
0.8960 -0.0204
0.8980 -0.0200
0.9000 -0.0196
0.9020 -0.0193
0.9040 -0.0189
0.9060 -0.0185
0.9080 -0.0182
0.9100 -0.0178
0.9120 -0.0175
0.9140 -0.0171
0.9160 -0.0167
0.9180 -0.0164
0.9200 -0.0160
0.9220 -0.0156
0.9240 -0.0153
0.9260 -0.0149
0.9280 -0.0145
0.9300 -0.0141
0.9320 -0.0138
0.9340 -0.0134
0.9360 -0.0130
0.9380 -0.0126
0.9400 -0.0123
0.9420 -0.0119
0.9440 -0.0115
0.9460 -0.0111
0.9480 -0.0108
0.9500 -0.0104
0.9520 -0.0100
0.9540 -0.0096
0.9560 -0.0092
0.9580 -0.0089
0.9600 -0.0085
0.9620 -0.0081
0.9640 -0.0077
0.9660 -0.0073
0.9680 -0.0069
0.9700 -0.0065
0.9720 -0.0062
0.9740 -0.0058
0.9760 -0.0054
0.9780 -0.0050
0.9800 -0.0046
0.9820 -0.0042
0.9840 -0.0038
0.9860 -0.0034
0.9880 -0.0030
0.9900 -0.0026
0.9920 -0.0022
0.9940 -0.0018
0.9960 -0.0014
0.9980 -0.0010
1.0000 -0.0006
1.0020 -0.0002
1.0040 0.0002
1.0060 0.0006
1.0080 0.0010
1.0100 0.0014
1.0120 0.0018
1.0140 0.0022
1.0160 0.0026
1.0180 0.0030
1.0200 0.0034
1.0220 0.0038
1.0240 0.0042
1.0260 0.0046
1.0280 0.0050
1.0300 0.0055
1.0320 0.0059
1.0340 0.0063
1.0360 0.0067
1.0380 0.0071
1.0400 0.0075
1.0420 0.0079
1.0440 0.0084
1.0460 0.0088
1.0480 0.0092
1.0500 0.0096
1.0520 0.0100
1.0540 0.0105
1.0560 0.0109
1.0580 0.0113
1.0600 0.0117
1.0620 0.0122
1.0640 0.0126
1.0660 0.0130
1.0680 0.0134
1.0700 0.0139
1.0720 0.0143
1.0740 0.0147
1.0760 0.0151
1.0780 0.0156
1.0800 0.0160
1.0820 0.0164
1.0840 0.0169
1.0860 0.0173
1.0880 0.0177
1.0900 0.0182
1.0920 0.0186
1.0940 0.0191
1.0960 0.0195
1.0980 0.0199
1.1000 0.0204
1.1020 0.0208
1.1040 0.0212
1.1060 0.0217
1.1080 0.0221
1.1100 0.0226
1.1120 0.0230
1.1140 0.0235
1.1160 0.0239
1.1180 0.0244
1.1200 0.0248
1.1220 0.0253
1.1240 0.0257
1.1260 0.0262
1.1280 0.0266
1.1300 0.0271
1.1320 0.0275
1.1340 0.0280
1.1360 0.0284
1.1380 0.0289
1.1400 0.0293
1.1420 0.0298
1.1440 0.0302
1.1460 0.0307
1.1480 0.0312
1.1500 0.0316
1.1520 0.0321
1.1540 0.0325
1.1560 0.0330
1.1580 0.0335
1.1600 0.0339
1.1620 0.0344
1.1640 0.0349
1.1660 0.0353
1.1680 0.0358
1.1700 0.0363
1.1720 0.0367
1.1740 0.0372
1.1760 0.0377
1.1780 0.0381
1.1800 0.0386
1.1820 0.0391
1.1840 0.0396
1.1860 0.0400
1.1880 0.0405
1.1900 0.0410
1.1920 0.0415
1.1940 0.0419
1.1960 0.0424
1.1980 0.0429
1.2000 0.0434
1.2020 0.0438
1.2040 0.0443
1.2060 0.0448
1.2080 0.0453
1.2100 0.0458
1.2120 0.0463
1.2140 0.0467
1.2160 0.0472
1.2180 0.0477
1.2200 0.0482
1.2220 0.0487
1.2240 0.0492
1.2260 0.0497
1.2280 0.0502
1.2300 0.0507
1.2320 0.0511
1.2340 0.0516
1.2360 0.0521
1.2380 0.0526
1.2400 0.0531
1.2420 0.0536
1.2440 0.0541
1.2460 0.0546
1.2480 0.0551
1.2500 0.0556
1.2520 0.0561
1.2540 0.0566
1.2560 0.0571
1.2580 0.0576
1.2600 0.0581
1.2620 0.0586
1.2640 0.0591
1.2660 0.0596
1.2680 0.0601
1.2700 0.0607
1.2720 0.0612
1.2740 0.0617
1.2760 0.0622
1.2780 0.0627
1.2800 0.0632
1.2820 0.0637
1.2840 0.0642
1.2860 0.0647
1.2880 0.0653
1.2900 0.0658
1.2920 0.0663
1.2940 0.0668
1.2960 0.0673
1.2980 0.0678
1.3000 0.0684
1.3020 0.0689
1.3040 0.0694
1.3060 0.0699
1.3080 0.0705
1.3100 0.0710
1.3120 0.0715
1.3140 0.0720
1.3160 0.0726
1.3180 0.0731
1.3200 0.0736
1.3220 0.0741
1.3240 0.0747
1.3260 0.0752
1.3280 0.0757
1.3300 0.0763
1.3320 0.0768
1.3340 0.0773
1.3360 0.0779
1.3380 0.0784
1.3400 0.0789
1.3420 0.0795
1.3440 0.0800
1.3460 0.0805
1.3480 0.0811
1.3500 0.0816
1.3520 0.0822
1.3540 0.0827
1.3560 0.0832
1.3580 0.0838
1.3600 0.0843
1.3620 0.0849
1.3640 0.0854
1.3660 0.0860
1.3680 0.0865
1.3700 0.0871
1.3720 0.0876
1.3740 0.0882
1.3760 0.0887
1.3780 0.0893
1.3800 0.0898
1.3820 0.0904
1.3840 0.0909
1.3860 0.0915
1.3880 0.0920
1.3900 0.0926
1.3920 0.0931
1.3940 0.0937
1.3960 0.0942
1.3980 0.0948
1.4000 0.0954
1.4020 0.0959
1.4040 0.0965
1.4060 0.0971
1.4080 0.0976
1.4100 0.0982
1.4120 0.0987
1.4140 0.0993
1.4160 0.0999
1.4180 0.1004
1.4200 0.1010
1.4220 0.1016
1.4240 0.1021
1.4260 0.1027
1.4280 0.1033
1.4300 0.1039
1.4320 0.1044
1.4340 0.1050
1.4360 0.1056
1.4380 0.1062
1.4400 0.1067
1.4420 0.1073
1.4440 0.1079
1.4460 0.1085
1.4480 0.1090
1.4500 0.1096
1.4520 0.1102
1.4540 0.1108
1.4560 0.1114
1.4580 0.1119
1.4600 0.1125
1.4620 0.1131
1.4640 0.1137
1.4660 0.1143
1.4680 0.1149
1.4700 0.1155
1.4720 0.1160
1.4740 0.1166
1.4760 0.1172
1.4780 0.1178
1.4800 0.1184
1.4820 0.1190
1.4840 0.1196
1.4860 0.1202
1.4880 0.1208
1.4900 0.1214
1.4920 0.1220
1.4940 0.1226
1.4960 0.1232
1.4980 0.1238
1.5000 0.1244
1.5020 0.1250
1.5040 0.1256
1.5060 0.1262
1.5080 0.1268
1.5100 0.1274
1.5120 0.1280
1.5140 0.1286
1.5160 0.1292
1.5180 0.1298
1.5200 0.1304
1.5220 0.1310
1.5240 0.1316
1.5260 0.1322
1.5280 0.1328
1.5300 0.1334
1.5320 0.1340
1.5340 0.1346
1.5360 0.1352
1.5380 0.1358
1.5400 0.1364
1.5420 0.1370
1.5440 0.1376
1.5460 0.1382
1.5480 0.1388
1.5500 0.1394
1.5520 0.1400
1.5540 0.1406
1.5560 0.1412
1.5580 0.1418
1.5600 0.1424
1.5620 0.1430
1.5640 0.1436
1.5660 0.1442
1.5680 0.1448
1.5700 0.1454
1.5720 0.1460
1.5740 0.1466
1.5760 0.1472
1.5780 0.1478
1.5800 0.1484
1.5820 0.1490
1.5840 0.1496
1.5860 0.1502
1.5880 0.1508
1.5900 0.1514
1.5920 0.1520
1.5940 0.1526
1.5960 0.1532
1.5980 0.1538
1.6000 0.1544
1.6020 0.1550
1.6040 0.1556
1.6060 0.1562
1.6080 0.1568
1.6100 0.1574
1.6120 0.1580
1.6140 0.1586
1.6160 0.1592
1.6180 0.1598
1.6200 0.1604
1.6220 0.1610
1.6240 0.1616
1.6260 0.1622
1.6280 0.1628
1.6300 0.1634
1.6320 0.1640
1.6340 0.1646
1.6360 0.1652
1.6380 0.1658
1.6400 0.1664
1.6420 0.1670
1.6440 0.1676
1.6460 0.1682
1.6480 0.1688
1.6500 0.1694
1.6520 0.1700
1.6540 0.1706
1.6560 0.1712
1.6580 0.1718
1.6600 0.1724
1.6620 0.1730
1.6640 0.1736
1.6660 0.1742
1.6680 0.1748
1.6700 0.1754
1.6720 0.1760
1.6740 0.1766
1.6760 0.1772
1.6780 0.1778
1.6800 0.1784
1.6820 0.1789
1.6840 0.1795
1.6860 0.1801
1.6880 0.1807
1.6900 0.1813
1.6920 0.1819
1.6940 0.1825
1.6960 0.1831
1.6980 0.1837
1.7000 0.1843
1.7020 0.1849
1.7040 0.1854
1.7060 0.1860
1.7080 0.1866
1.7100 0.1872
1.7120 0.1878
1.7140 0.1884
1.7160 0.1889
1.7180 0.1895
1.7200 0.1901
1.7220 0.1907
1.7240 0.1913
1.7260 0.1918
1.7280 0.1924
1.7300 0.1930
1.7320 0.1936
1.7340 0.1941
1.7360 0.1947
1.7380 0.1953
1.7400 0.1959
1.7420 0.1964
1.7440 0.1970
1.7460 0.1976
1.7480 0.1981
1.7500 0.1987
1.7520 0.1993
1.7540 0.1998
1.7560 0.2004
1.7580 0.2010
1.7600 0.2015
1.7620 0.2021
1.7640 0.2027
1.7660 0.2032
1.7680 0.2038
1.7700 0.2043
1.7720 0.2049
1.7740 0.2055
1.7760 0.2060
1.7780 0.2066
1.7800 0.2071
1.7820 0.2077
1.7840 0.2082
1.7860 0.2088
1.7880 0.2093
1.7900 0.2099
1.7920 0.2104
1.7940 0.2110
1.7960 0.2115
1.7980 0.2121
1.8000 0.2126
1.8020 0.2132
1.8040 0.2137
1.8060 0.2143
1.8080 0.2148
1.8100 0.2154
1.8120 0.2159
1.8140 0.2165
1.8160 0.2170
1.8180 0.2175
1.8200 0.2181
1.8220 0.2186
1.8240 0.2192
1.8260 0.2197
1.8280 0.2202
1.8300 0.2208
1.8320 0.2213
1.8340 0.2218
1.8360 0.2224
1.8380 0.2229
1.8400 0.2234
1.8420 0.2240
1.8440 0.2245
1.8460 0.2250
1.8480 0.2256
1.8500 0.2261
1.8520 0.2266
1.8540 0.2271
1.8560 0.2277
1.8580 0.2282
1.8600 0.2287
1.8620 0.2292
1.8640 0.2298
1.8660 0.2303
1.8680 0.2308
1.8700 0.2313
1.8720 0.2318
1.8740 0.2324
1.8760 0.2329
1.8780 0.2334
1.8800 0.2339
1.8820 0.2344
1.8840 0.2349
1.8860 0.2354
1.8880 0.2360
1.8900 0.2365
1.8920 0.2370
1.8940 0.2375
1.8960 0.2380
1.8980 0.2385
1.9000 0.2390
1.9020 0.2395
1.9040 0.2400
1.9060 0.2405
1.9080 0.2410
1.9100 0.2415
1.9120 0.2421
1.9140 0.2426
1.9160 0.2431
1.9180 0.2436
1.9200 0.2441
1.9220 0.2446
1.9240 0.2451
1.9260 0.2456
1.9280 0.2460
1.9300 0.2465
1.9320 0.2470
1.9340 0.2475
1.9360 0.2480
1.9380 0.2485
1.9400 0.2490
1.9420 0.2495
1.9440 0.2500
1.9460 0.2505
1.9480 0.2510
1.9500 0.2515
1.9520 0.2519
1.9540 0.2524
1.9560 0.2529
1.9580 0.2534
1.9600 0.2539
1.9620 0.2544
1.9640 0.2549
1.9660 0.2553
1.9680 0.2558
1.9700 0.2563
1.9720 0.2568
1.9740 0.2573
1.9760 0.2577
1.9780 0.2582
1.9800 0.2587
1.9820 0.2592
1.9840 0.2596
1.9860 0.2601
1.9880 0.2606
1.9900 0.2610
1.9920 0.2615
1.9940 0.2620
1.9960 0.2625
1.9980 0.2629
2.0000 0.2634
2.0020 0.2639
2.0040 0.2643
2.0060 0.2648
2.0080 0.2653
2.0100 0.2657
2.0120 0.2662
2.0140 0.2666
2.0160 0.2671
2.0180 0.2676
2.0200 0.2680
2.0220 0.2685
2.0240 0.2689
2.0260 0.2694
2.0280 0.2699
2.0300 0.2703
2.0320 0.2708
2.0340 0.2712
2.0360 0.2717
2.0380 0.2721
2.0400 0.2726
2.0420 0.2730
2.0440 0.2735
2.0460 0.2739
2.0480 0.2744
2.0500 0.2748
2.0520 0.2753
2.0540 0.2757
2.0560 0.2762
2.0580 0.2766
2.0600 0.2771
2.0620 0.2775
2.0640 0.2779
2.0660 0.2784
2.0680 0.2788
2.0700 0.2793
2.0720 0.2797
2.0740 0.2801
2.0760 0.2806
2.0780 0.2810
2.0800 0.2815
2.0820 0.2819
2.0840 0.2823
2.0860 0.2828
2.0880 0.2832
2.0900 0.2836
2.0920 0.2841
2.0940 0.2845
2.0960 0.2849
2.0980 0.2853
2.1000 0.2858
2.1020 0.2862
2.1040 0.2866
2.1060 0.2871
2.1080 0.2875
2.1100 0.2879
2.1120 0.2883
2.1140 0.2887
2.1160 0.2892
2.1180 0.2896
2.1200 0.2900
2.1220 0.2904
2.1240 0.2908
2.1260 0.2913
2.1280 0.2917
2.1300 0.2921
2.1320 0.2925
2.1340 0.2929
2.1360 0.2933
2.1380 0.2938
2.1400 0.2942
2.1420 0.2946
2.1440 0.2950
2.1460 0.2954
2.1480 0.2958
2.1500 0.2962
2.1520 0.2966
2.1540 0.2970
2.1560 0.2974
2.1580 0.2978
2.1600 0.2982
2.1620 0.2986
2.1640 0.2990
2.1660 0.2994
2.1680 0.2998
2.1700 0.3002
2.1720 0.3006
2.1740 0.3010
2.1760 0.3014
2.1780 0.3018
2.1800 0.3022
2.1820 0.3026
2.1840 0.3030
2.1860 0.3034
2.1880 0.3038
2.1900 0.3042
2.1920 0.3046
2.1940 0.3050
2.1960 0.3054
2.1980 0.3058
2.2000 0.3061
2.2020 0.3065
2.2040 0.3069
2.2060 0.3073
2.2080 0.3077
2.2100 0.3081
2.2120 0.3085
2.2140 0.3088
2.2160 0.3092
2.2180 0.3096
2.2200 0.3100
2.2220 0.3104
2.2240 0.3107
2.2260 0.3111
2.2280 0.3115
2.2300 0.3119
2.2320 0.3122
2.2340 0.3126
2.2360 0.3130
2.2380 0.3134
2.2400 0.3137
2.2420 0.3141
2.2440 0.3145
2.2460 0.3148
2.2480 0.3152
2.2500 0.3156
2.2520 0.3160
2.2540 0.3163
2.2560 0.3167
2.2580 0.3170
2.2600 0.3174
2.2620 0.3178
2.2640 0.3181
2.2660 0.3185
2.2680 0.3189
2.2700 0.3192
2.2720 0.3196
2.2740 0.3199
2.2760 0.3203
2.2780 0.3207
2.2800 0.3210
2.2820 0.3214
2.2840 0.3217
2.2860 0.3221
2.2880 0.3224
2.2900 0.3228
2.2920 0.3231
2.2940 0.3235
2.2960 0.3238
2.2980 0.3242
2.3000 0.3245
2.3020 0.3249
2.3040 0.3252
2.3060 0.3256
2.3080 0.3259
2.3100 0.3263
2.3120 0.3266
2.3140 0.3269
2.3160 0.3273
2.3180 0.3276
2.3200 0.3280
2.3220 0.3283
2.3240 0.3286
2.3260 0.3290
2.3280 0.3293
2.3300 0.3296
2.3320 0.3300
2.3340 0.3303
2.3360 0.3306
2.3380 0.3310
2.3400 0.3313
2.3420 0.3316
2.3440 0.3320
2.3460 0.3323
2.3480 0.3326
2.3500 0.3330
2.3520 0.3333
2.3540 0.3336
2.3560 0.3339
2.3580 0.3343
2.3600 0.3346
2.3620 0.3349
2.3640 0.3352
2.3660 0.3356
2.3680 0.3359
2.3700 0.3362
2.3720 0.3365
2.3740 0.3368
2.3760 0.3372
2.3780 0.3375
2.3800 0.3378
2.3820 0.3381
2.3840 0.3384
2.3860 0.3387
2.3880 0.3390
2.3900 0.3394
2.3920 0.3397
2.3940 0.3400
2.3960 0.3403
2.3980 0.3406
2.4000 0.3409
2.4020 0.3412
2.4040 0.3415
2.4060 0.3418
2.4080 0.3421
2.4100 0.3424
2.4120 0.3427
2.4140 0.3430
2.4160 0.3433
2.4180 0.3436
2.4200 0.3439
2.4220 0.3442
2.4240 0.3445
2.4260 0.3448
2.4280 0.3451
2.4300 0.3454
2.4320 0.3457
2.4340 0.3460
2.4360 0.3463
2.4380 0.3466
2.4400 0.3469
2.4420 0.3472
2.4440 0.3475
2.4460 0.3478
2.4480 0.3480
2.4500 0.3483
2.4520 0.3486
2.4540 0.3489
2.4560 0.3492
2.4580 0.3495
2.4600 0.3498
2.4620 0.3500
2.4640 0.3503
2.4660 0.3506
2.4680 0.3509
2.4700 0.3512
2.4720 0.3515
2.4740 0.3517
2.4760 0.3520
2.4780 0.3523
2.4800 0.3526
2.4820 0.3528
2.4840 0.3531
2.4860 0.3534
2.4880 0.3537
2.4900 0.3539
2.4920 0.3542
2.4940 0.3545
2.4960 0.3547
2.4980 0.3550
2.5000 0.3553
2.5020 0.3555
2.5040 0.3558
2.5060 0.3561
2.5080 0.3563
2.5100 0.3566
2.5120 0.3569
2.5140 0.3571
2.5160 0.3574
2.5180 0.3576
2.5200 0.3579
2.5220 0.3582
2.5240 0.3584
2.5260 0.3587
2.5280 0.3589
2.5300 0.3592
2.5320 0.3595
2.5340 0.3597
2.5360 0.3600
2.5380 0.3602
2.5400 0.3605
2.5420 0.3607
2.5440 0.3610
2.5460 0.3612
2.5480 0.3615
2.5500 0.3617
2.5520 0.3620
2.5540 0.3622
2.5560 0.3625
2.5580 0.3627
2.5600 0.3629
2.5620 0.3632
2.5640 0.3634
2.5660 0.3637
2.5680 0.3639
2.5700 0.3641
2.5720 0.3644
2.5740 0.3646
2.5760 0.3649
2.5780 0.3651
2.5800 0.3653
2.5820 0.3656
2.5840 0.3658
2.5860 0.3660
2.5880 0.3663
2.5900 0.3665
2.5920 0.3667
2.5940 0.3670
2.5960 0.3672
2.5980 0.3674
2.6000 0.3676
2.6020 0.3679
2.6040 0.3681
2.6060 0.3683
2.6080 0.3686
2.6100 0.3688
2.6120 0.3690
2.6140 0.3692
2.6160 0.3694
2.6180 0.3697
2.6200 0.3699
2.6220 0.3701
2.6240 0.3703
2.6260 0.3705
2.6280 0.3708
2.6300 0.3710
2.6320 0.3712
2.6340 0.3714
2.6360 0.3716
2.6380 0.3718
2.6400 0.3720
2.6420 0.3723
2.6440 0.3725
2.6460 0.3727
2.6480 0.3729
2.6500 0.3731
2.6520 0.3733
2.6540 0.3735
2.6560 0.3737
2.6580 0.3739
2.6600 0.3741
2.6620 0.3743
2.6640 0.3745
2.6660 0.3747
2.6680 0.3749
2.6700 0.3751
2.6720 0.3753
2.6740 0.3755
2.6760 0.3757
2.6780 0.3759
2.6800 0.3761
2.6820 0.3763
2.6840 0.3765
2.6860 0.3767
2.6880 0.3769
2.6900 0.3771
2.6920 0.3773
2.6940 0.3775
2.6960 0.3776
2.6980 0.3778
2.7000 0.3780
2.7020 0.3782
2.7040 0.3784
2.7060 0.3786
2.7080 0.3788
2.7100 0.3790
2.7120 0.3791
2.7140 0.3793
2.7160 0.3795
2.7180 0.3797
2.7200 0.3799
2.7220 0.3800
2.7240 0.3802
2.7260 0.3804
2.7280 0.3806
2.7300 0.3807
2.7320 0.3809
2.7340 0.3811
2.7360 0.3813
2.7380 0.3814
2.7400 0.3816
2.7420 0.3818
2.7440 0.3820
2.7460 0.3821
2.7480 0.3823
2.7500 0.3825
2.7520 0.3826
2.7540 0.3828
2.7560 0.3830
2.7580 0.3831
2.7600 0.3833
2.7620 0.3835
2.7640 0.3836
2.7660 0.3838
2.7680 0.3839
2.7700 0.3841
2.7720 0.3843
2.7740 0.3844
2.7760 0.3846
2.7780 0.3847
2.7800 0.3849
2.7820 0.3850
2.7840 0.3852
2.7860 0.3853
2.7880 0.3855
2.7900 0.3857
2.7920 0.3858
2.7940 0.3860
2.7960 0.3861
2.7980 0.3863
2.8000 0.3864
2.8020 0.3865
2.8040 0.3867
2.8060 0.3868
2.8080 0.3870
2.8100 0.3871
2.8120 0.3873
2.8140 0.3874
2.8160 0.3876
2.8180 0.3877
2.8200 0.3878
2.8220 0.3880
2.8240 0.3881
2.8260 0.3883
2.8280 0.3884
2.8300 0.3885
2.8320 0.3887
2.8340 0.3888
2.8360 0.3889
2.8380 0.3891
2.8400 0.3892
2.8420 0.3893
2.8440 0.3895
2.8460 0.3896
2.8480 0.3897
2.8500 0.3898
2.8520 0.3900
2.8540 0.3901
2.8560 0.3902
2.8580 0.3903
2.8600 0.3905
2.8620 0.3906
2.8640 0.3907
2.8660 0.3908
2.8680 0.3910
2.8700 0.3911
2.8720 0.3912
2.8740 0.3913
2.8760 0.3914
2.8780 0.3915
2.8800 0.3917
2.8820 0.3918
2.8840 0.3919
2.8860 0.3920
2.8880 0.3921
2.8900 0.3922
2.8920 0.3923
2.8940 0.3924
2.8960 0.3926
2.8980 0.3927
2.9000 0.3928
2.9020 0.3929
2.9040 0.3930
2.9060 0.3931
2.9080 0.3932
2.9100 0.3933
2.9120 0.3934
2.9140 0.3935
2.9160 0.3936
2.9180 0.3937
2.9200 0.3938
2.9220 0.3939
2.9240 0.3940
2.9260 0.3941
2.9280 0.3942
2.9300 0.3943
2.9320 0.3944
2.9340 0.3945
2.9360 0.3946
2.9380 0.3947
2.9400 0.3948
2.9420 0.3949
2.9440 0.3949
2.9460 0.3950
2.9480 0.3951
2.9500 0.3952
2.9520 0.3953
2.9540 0.3954
2.9560 0.3955
2.9580 0.3956
2.9600 0.3956
2.9620 0.3957
2.9640 0.3958
2.9660 0.3959
2.9680 0.3960
2.9700 0.3960
2.9720 0.3961
2.9740 0.3962
2.9760 0.3963
2.9780 0.3964
2.9800 0.3964
2.9820 0.3965
2.9840 0.3966
2.9860 0.3967
2.9880 0.3967
2.9900 0.3968
2.9920 0.3969
2.9940 0.3969
2.9960 0.3970
2.9980 0.3971
3.0000 0.3972
3.0020 0.3972
3.0040 0.3973
3.0060 0.3974
3.0080 0.3974
3.0100 0.3975
3.0120 0.3975
3.0140 0.3976
3.0160 0.3977
3.0180 0.3977
3.0200 0.3978
3.0220 0.3978
3.0240 0.3979
3.0260 0.3980
3.0280 0.3980
3.0300 0.3981
3.0320 0.3981
3.0340 0.3982
3.0360 0.3982
3.0380 0.3983
3.0400 0.3983
3.0420 0.3984
3.0440 0.3984
3.0460 0.3985
3.0480 0.3985
3.0500 0.3986
3.0520 0.3986
3.0540 0.3987
3.0560 0.3987
3.0580 0.3988
3.0600 0.3988
3.0620 0.3989
3.0640 0.3989
3.0660 0.3989
3.0680 0.3990
3.0700 0.3990
3.0720 0.3991
3.0740 0.3991
3.0760 0.3991
3.0780 0.3992
3.0800 0.3992
3.0820 0.3992
3.0840 0.3993
3.0860 0.3993
3.0880 0.3993
3.0900 0.3994
3.0920 0.3994
3.0940 0.3994
3.0960 0.3995
3.0980 0.3995
3.1000 0.3995
3.1020 0.3996
3.1040 0.3996
3.1060 0.3996
3.1080 0.3996
3.1100 0.3997
3.1120 0.3997
3.1140 0.3997
3.1160 0.3997
3.1180 0.3997
3.1200 0.3998
3.1220 0.3998
3.1240 0.3998
3.1260 0.3998
3.1280 0.3998
3.1300 0.3998
3.1320 0.3999
3.1340 0.3999
3.1360 0.3999
3.1380 0.3999
3.1400 0.3999
3.1420 0.3999
3.1440 0.3999
3.1460 0.3999
3.1480 0.4000
3.1500 0.4000
3.1520 0.4000
3.1540 0.4000
3.1560 0.4000
3.1580 0.4000
3.1600 0.4000
3.1620 0.4000
3.1640 0.4000
3.1660 0.4000
3.1680 0.4000
