0.0000 -0.1006
0.0020 -0.1006
0.0040 -0.1006
0.0060 -0.1006
0.0080 -0.1006
0.0100 -0.1006
0.0120 -0.1006
0.0140 -0.1007
0.0160 -0.1007
0.0180 -0.1007
0.0200 -0.1007
0.0220 -0.1007
0.0240 -0.1007
0.0260 -0.1007
0.0280 -0.1007
0.0300 -0.1007
0.0320 -0.1007
0.0340 -0.1007
0.0360 -0.1008
0.0380 -0.1008
0.0400 -0.1008
0.0420 -0.1008
0.0440 -0.1008
0.0460 -0.1008
0.0480 -0.1009
0.0500 -0.1009
0.0520 -0.1009
0.0540 -0.1009
0.0560 -0.1009
0.0580 -0.1010
0.0600 -0.1010
0.0620 -0.1010
0.0640 -0.1010
0.0660 -0.1011
0.0680 -0.1011
0.0700 -0.1011
0.0720 -0.1012
0.0740 -0.1012
0.0760 -0.1012
0.0780 -0.1012
0.0800 -0.1013
0.0820 -0.1013
0.0840 -0.1013
0.0860 -0.1014
0.0880 -0.1014
0.0900 -0.1014
0.0920 -0.1015
0.0940 -0.1015
0.0960 -0.1016
0.0980 -0.1016
0.1000 -0.1016
0.1020 -0.1017
0.1040 -0.1017
0.1060 -0.1018
0.1080 -0.1018
0.1100 -0.1018
0.1120 -0.1019
0.1140 -0.1019
0.1160 -0.1020
0.1180 -0.1020
0.1200 -0.1021
0.1220 -0.1021
0.1240 -0.1022
0.1260 -0.1022
0.1280 -0.1023
0.1300 -0.1023
0.1320 -0.1024
0.1340 -0.1024
0.1360 -0.1025
0.1380 -0.1025
0.1400 -0.1026
0.1420 -0.1026
0.1440 -0.1027
0.1460 -0.1028
0.1480 -0.1028
0.1500 -0.1029
0.1520 -0.1029
0.1540 -0.1030
0.1560 -0.1031
0.1580 -0.1031
0.1600 -0.1032
0.1620 -0.1033
0.1640 -0.1033
0.1660 -0.1034
0.1680 -0.1035
0.1700 -0.1035
0.1720 -0.1036
0.1740 -0.1037
0.1760 -0.1037
0.1780 -0.1038
0.1800 -0.1039
0.1820 -0.1039
0.1840 -0.1040
0.1860 -0.1041
0.1880 -0.1042
0.1900 -0.1042
0.1920 -0.1043
0.1940 -0.1044
0.1960 -0.1045
0.1980 -0.1046
0.2000 -0.1046
0.2020 -0.1047
0.2040 -0.1048
0.2060 -0.1049
0.2080 -0.1050
0.2100 -0.1050
0.2120 -0.1051
0.2140 -0.1052
0.2160 -0.1053
0.2180 -0.1054
0.2200 -0.1055
0.2220 -0.1056
0.2240 -0.1057
0.2260 -0.1057
0.2280 -0.1058
0.2300 -0.1059
0.2320 -0.1060
0.2340 -0.1061
0.2360 -0.1062
0.2380 -0.1063
0.2400 -0.1064
0.2420 -0.1065
0.2440 -0.1066
0.2460 -0.1067
0.2480 -0.1068
0.2500 -0.1069
0.2520 -0.1070
0.2540 -0.1071
0.2560 -0.1072
0.2580 -0.1073
0.2600 -0.1074
0.2620 -0.1075
0.2640 -0.1076
0.2660 -0.1077
0.2680 -0.1078
0.2700 -0.1079
0.2720 -0.1080
0.2740 -0.1081
0.2760 -0.1083
0.2780 -0.1084
0.2800 -0.1085
0.2820 -0.1086
0.2840 -0.1087
0.2860 -0.1088
0.2880 -0.1089
0.2900 -0.1090
0.2920 -0.1092
0.2940 -0.1093
0.2960 -0.1094
0.2980 -0.1095
0.3000 -0.1096
0.3020 -0.1098
0.3040 -0.1099
0.3060 -0.1100
0.3080 -0.1101
0.3100 -0.1102
0.3120 -0.1104
0.3140 -0.1105
0.3160 -0.1106
0.3180 -0.1107
0.3200 -0.1109
0.3220 -0.1110
0.3240 -0.1111
0.3260 -0.1113
0.3280 -0.1114
0.3300 -0.1115
0.3320 -0.1117
0.3340 -0.1118
0.3360 -0.1119
0.3380 -0.1121
0.3400 -0.1122
0.3420 -0.1123
0.3440 -0.1125
0.3460 -0.1126
0.3480 -0.1127
0.3500 -0.1129
0.3520 -0.1130
0.3540 -0.1132
0.3560 -0.1133
0.3580 -0.1134
0.3600 -0.1136
0.3620 -0.1137
0.3640 -0.1139
0.3660 -0.1140
0.3680 -0.1142
0.3700 -0.1143
0.3720 -0.1145
0.3740 -0.1146
0.3760 -0.1148
0.3780 -0.1149
0.3800 -0.1151
0.3820 -0.1152
0.3840 -0.1154
0.3860 -0.1155
0.3880 -0.1157
0.3900 -0.1158
0.3920 -0.1160
0.3940 -0.1162
0.3960 -0.1163
0.3980 -0.1165
0.4000 -0.1166
0.4020 -0.1168
0.4040 -0.1170
0.4060 -0.1171
0.4080 -0.1173
0.4100 -0.1174
0.4120 -0.1176
0.4140 -0.1178
0.4160 -0.1179
0.4180 -0.1181
0.4200 -0.1183
0.4220 -0.1184
0.4240 -0.1186
0.4260 -0.1188
0.4280 -0.1190
0.4300 -0.1191
0.4320 -0.1193
0.4340 -0.1195
0.4360 -0.1196
0.4380 -0.1198
0.4400 -0.1200
0.4420 -0.1202
0.4440 -0.1203
0.4460 -0.1205
0.4480 -0.1207
0.4500 -0.1209
0.4520 -0.1211
0.4540 -0.1212
0.4560 -0.1214
0.4580 -0.1216
0.4600 -0.1218
0.4620 -0.1220
0.4640 -0.1222
0.4660 -0.1223
0.4680 -0.1225
0.4700 -0.1227
0.4720 -0.1229
0.4740 -0.1231
0.4760 -0.1233
0.4780 -0.1235
0.4800 -0.1237
0.4820 -0.1239
0.4840 -0.1241
0.4860 -0.1243
0.4880 -0.1244
0.4900 -0.1246
0.4920 -0.1248
0.4940 -0.1250
0.4960 -0.1252
0.4980 -0.1254
0.5000 -0.1256
0.5020 -0.1258
0.5040 -0.1260
0.5060 -0.1262
0.5080 -0.1264
0.5100 -0.1266
0.5120 -0.1268
0.5140 -0.1271
0.5160 -0.1273
0.5180 -0.1275
0.5200 -0.1277
0.5220 -0.1279
0.5240 -0.1281
0.5260 -0.1283
0.5280 -0.1285
0.5300 -0.1287
0.5320 -0.1289
0.5340 -0.1291
0.5360 -0.1294
0.5380 -0.1296
0.5400 -0.1298
0.5420 -0.1300
0.5440 -0.1302
0.5460 -0.1304
0.5480 -0.1307
0.5500 -0.1309
0.5520 -0.1311
0.5540 -0.1313
0.5560 -0.1315
0.5580 -0.1318
0.5600 -0.1320
0.5620 -0.1322
0.5640 -0.1324
0.5660 -0.1327
0.5680 -0.1329
0.5700 -0.1331
0.5720 -0.1334
0.5740 -0.1336
0.5760 -0.1338
0.5780 -0.1340
0.5800 -0.1343
0.5820 -0.1345
0.5840 -0.1347
0.5860 -0.1350
0.5880 -0.1352
0.5900 -0.1354
0.5920 -0.1357
0.5940 -0.1359
0.5960 -0.1362
0.5980 -0.1364
0.6000 -0.1366
0.6020 -0.1369
0.6040 -0.1371
0.6060 -0.1374
0.6080 -0.1376
0.6100 -0.1378
0.6120 -0.1381
0.6140 -0.1383
0.6160 -0.1386
0.6180 -0.1388
0.6200 -0.1391
0.6220 -0.1393
0.6240 -0.1396
0.6260 -0.1398
0.6280 -0.1401
0.6300 -0.1403
0.6320 -0.1406
0.6340 -0.1408
0.6360 -0.1411
0.6380 -0.1413
0.6400 -0.1416
0.6420 -0.1418
0.6440 -0.1421
0.6460 -0.1424
0.6480 -0.1426
0.6500 -0.1429
0.6520 -0.1431
0.6540 -0.1434
0.6560 -0.1437
0.6580 -0.1439
0.6600 -0.1442
0.6620 -0.1445
0.6640 -0.1447
0.6660 -0.1450
0.6680 -0.1453
0.6700 -0.1455
0.6720 -0.1458
0.6740 -0.1461
0.6760 -0.1463
0.6780 -0.1466
0.6800 -0.1469
0.6820 -0.1471
0.6840 -0.1474
0.6860 -0.1477
0.6880 -0.1480
0.6900 -0.1482
0.6920 -0.1485
0.6940 -0.1488
0.6960 -0.1491
0.6980 -0.1494
0.7000 -0.1496
0.7020 -0.1499
0.7040 -0.1502
0.7060 -0.1505
0.7080 -0.1508
0.7100 -0.1510
0.7120 -0.1513
0.7140 -0.1516
0.7160 -0.1519
0.7180 -0.1522
0.7200 -0.1525
0.7220 -0.1528
0.7240 -0.1531
0.7260 -0.1533
0.7280 -0.1536
0.7300 -0.1539
0.7320 -0.1542
0.7340 -0.1545
0.7360 -0.1548
0.7380 -0.1551
0.7400 -0.1554
0.7420 -0.1557
0.7440 -0.1560
0.7460 -0.1563
0.7480 -0.1566
0.7500 -0.1569
0.7520 -0.1572
0.7540 -0.1575
0.7560 -0.1578
0.7580 -0.1581
0.7600 -0.1584
0.7620 -0.1587
0.7640 -0.1590
0.7660 -0.1593
0.7680 -0.1596
0.7700 -0.1599
0.7720 -0.1602
0.7740 -0.1605
0.7760 -0.1609
0.7780 -0.1612
0.7800 -0.1615
0.7820 -0.1618
0.7840 -0.1621
0.7860 -0.1624
0.7880 -0.1627
0.7900 -0.1630
0.7920 -0.1634
0.7940 -0.1637
0.7960 -0.1640
0.7980 -0.1643
0.8000 -0.1646
0.8020 -0.1650
0.8040 -0.1653
0.8060 -0.1656
0.8080 -0.1659
0.8100 -0.1662
0.8120 -0.1666
0.8140 -0.1669
0.8160 -0.1672
0.8180 -0.1675
0.8200 -0.1679
0.8220 -0.1682
0.8240 -0.1685
0.8260 -0.1689
0.8280 -0.1692
0.8300 -0.1695
0.8320 -0.1699
0.8340 -0.1702
0.8360 -0.1705
0.8380 -0.1709
0.8400 -0.1712
0.8420 -0.1715
0.8440 -0.1719
0.8460 -0.1722
0.8480 -0.1725
0.8500 -0.1729
0.8520 -0.1732
0.8540 -0.1736
0.8560 -0.1739
0.8580 -0.1742
0.8600 -0.1746
0.8620 -0.1749
0.8640 -0.1753
0.8660 -0.1756
0.8680 -0.1760
0.8700 -0.1763
0.8720 -0.1767
0.8740 -0.1770
0.8760 -0.1774
0.8780 -0.1777
0.8800 -0.1781
0.8820 -0.1784
0.8840 -0.1788
0.8860 -0.1791
0.8880 -0.1795
0.8900 -0.1798
0.8920 -0.1802
0.8940 -0.1806
0.8960 -0.1809
0.8980 -0.1813
0.9000 -0.1816
0.9020 -0.1820
0.9040 -0.1824
0.9060 -0.1827
0.9080 -0.1831
0.9100 -0.1834
0.9120 -0.1838
0.9140 -0.1842
0.9160 -0.1845
0.9180 -0.1849
0.9200 -0.1853
0.9220 -0.1856
0.9240 -0.1860
0.9260 -0.1864
0.9280 -0.1868
0.9300 -0.1871
0.9320 -0.1875
0.9340 -0.1879
0.9360 -0.1882
0.9380 -0.1886
0.9400 -0.1890
0.9420 -0.1894
0.9440 -0.1897
0.9460 -0.1901
0.9480 -0.1905
0.9500 -0.1909
0.9520 -0.1913
0.9540 -0.1916
0.9560 -0.1920
0.9580 -0.1924
0.9600 -0.1928
0.9620 -0.1932
0.9640 -0.1936
0.9660 -0.1939
0.9680 -0.1943
0.9700 -0.1947
0.9720 -0.1951
0.9740 -0.1955
0.9760 -0.1959
0.9780 -0.1963
0.9800 -0.1967
0.9820 -0.1971
0.9840 -0.1975
0.9860 -0.1979
0.9880 -0.1982
0.9900 -0.1986
0.9920 -0.1990
0.9940 -0.1994
0.9960 -0.1998
0.9980 -0.2002
1.0000 -0.2006
1.0020 -0.2010
1.0040 -0.2014
1.0060 -0.2018
1.0080 -0.2022
1.0100 -0.2026
1.0120 -0.2030
1.0140 -0.2035
1.0160 -0.2039
1.0180 -0.2043
1.0200 -0.2047
1.0220 -0.2051
1.0240 -0.2055
1.0260 -0.2059
1.0280 -0.2063
1.0300 -0.2067
1.0320 -0.2071
1.0340 -0.2075
1.0360 -0.2080
1.0380 -0.2084
1.0400 -0.2088
1.0420 -0.2092
1.0440 -0.2096
1.0460 -0.2100
1.0480 -0.2105
1.0500 -0.2109
1.0520 -0.2113
1.0540 -0.2117
1.0560 -0.2121
1.0580 -0.2126
1.0600 -0.2130
1.0620 -0.2134
1.0640 -0.2138
1.0660 -0.2143
1.0680 -0.2147
1.0700 -0.2151
1.0720 -0.2156
1.0740 -0.2160
1.0760 -0.2164
1.0780 -0.2168
1.0800 -0.2173
1.0820 -0.2177
1.0840 -0.2181
1.0860 -0.2186
1.0880 -0.2190
1.0900 -0.2194
1.0920 -0.2199
1.0940 -0.2203
1.0960 -0.2208
1.0980 -0.2212
1.1000 -0.2216
1.1020 -0.2221
1.1040 -0.2225
1.1060 -0.2230
1.1080 -0.2234
1.1100 -0.2238
1.1120 -0.2243
1.1140 -0.2247
1.1160 -0.2252
1.1180 -0.2256
1.1200 -0.2261
1.1220 -0.2265
1.1240 -0.2270
1.1260 -0.2274
1.1280 -0.2279
1.1300 -0.2283
1.1320 -0.2288
1.1340 -0.2292
1.1360 -0.2297
1.1380 -0.2301
1.1400 -0.2306
1.1420 -0.2310
1.1440 -0.2315
1.1460 -0.2320
1.1480 -0.2324
1.1500 -0.2329
1.1520 -0.2333
1.1540 -0.2338
1.1560 -0.2343
1.1580 -0.2347
1.1600 -0.2352
1.1620 -0.2357
1.1640 -0.2361
1.1660 -0.2366
1.1680 -0.2371
1.1700 -0.2375
1.1720 -0.2380
1.1740 -0.2385
1.1760 -0.2389
1.1780 -0.2394
1.1800 -0.2399
1.1820 -0.2403
1.1840 -0.2408
1.1860 -0.2413
1.1880 -0.2418
1.1900 -0.2422
1.1920 -0.2427
1.1940 -0.2432
1.1960 -0.2437
1.1980 -0.2442
1.2000 -0.2446
1.2020 -0.2451
1.2040 -0.2456
1.2060 -0.2461
1.2080 -0.2466
1.2100 -0.2470
1.2120 -0.2475
1.2140 -0.2480
1.2160 -0.2485
1.2180 -0.2490
1.2200 -0.2495
1.2220 -0.2500
1.2240 -0.2505
1.2260 -0.2509
1.2280 -0.2514
1.2300 -0.2519
1.2320 -0.2524
1.2340 -0.2529
1.2360 -0.2534
1.2380 -0.2539
1.2400 -0.2543
1.2420 -0.2548
1.2440 -0.2553
1.2460 -0.2558
1.2480 -0.2563
1.2500 -0.2567
1.2520 -0.2572
1.2540 -0.2577
1.2560 -0.2582
1.2580 -0.2587
1.2600 -0.2591
1.2620 -0.2596
1.2640 -0.2601
1.2660 -0.2605
1.2680 -0.2610
1.2700 -0.2615
1.2720 -0.2620
1.2740 -0.2624
1.2760 -0.2629
1.2780 -0.2634
1.2800 -0.2638
1.2820 -0.2643
1.2840 -0.2648
1.2860 -0.2652
1.2880 -0.2657
1.2900 -0.2662
1.2920 -0.2666
1.2940 -0.2671
1.2960 -0.2675
1.2980 -0.2680
1.3000 -0.2685
1.3020 -0.2689
1.3040 -0.2694
1.3060 -0.2698
1.3080 -0.2703
1.3100 -0.2707
1.3120 -0.2712
1.3140 -0.2717
1.3160 -0.2721
1.3180 -0.2726
1.3200 -0.2730
1.3220 -0.2735
1.3240 -0.2739
1.3260 -0.2744
1.3280 -0.2748
1.3300 -0.2753
1.3320 -0.2757
1.3340 -0.2761
1.3360 -0.2766
1.3380 -0.2770
1.3400 -0.2775
1.3420 -0.2779
1.3440 -0.2784
1.3460 -0.2788
1.3480 -0.2792
1.3500 -0.2797
1.3520 -0.2801
1.3540 -0.2806
1.3560 -0.2810
1.3580 -0.2814
1.3600 -0.2819
1.3620 -0.2823
1.3640 -0.2827
1.3660 -0.2832
1.3680 -0.2836
1.3700 -0.2840
1.3720 -0.2845
1.3740 -0.2849
1.3760 -0.2853
1.3780 -0.2857
1.3800 -0.2862
1.3820 -0.2866
1.3840 -0.2870
1.3860 -0.2874
1.3880 -0.2879
1.3900 -0.2883
1.3920 -0.2887
1.3940 -0.2891
1.3960 -0.2896
1.3980 -0.2900
1.4000 -0.2904
1.4020 -0.2908
1.4040 -0.2912
1.4060 -0.2917
1.4080 -0.2921
1.4100 -0.2925
1.4120 -0.2929
1.4140 -0.2933
1.4160 -0.2937
1.4180 -0.2941
1.4200 -0.2945
1.4220 -0.2950
1.4240 -0.2954
1.4260 -0.2958
1.4280 -0.2962
1.4300 -0.2966
1.4320 -0.2970
1.4340 -0.2974
1.4360 -0.2978
1.4380 -0.2982
1.4400 -0.2986
1.4420 -0.2990
1.4440 -0.2994
1.4460 -0.2998
1.4480 -0.3002
1.4500 -0.3006
1.4520 -0.3010
1.4540 -0.3014
1.4560 -0.3018
1.4580 -0.3022
1.4600 -0.3026
1.4620 -0.3030
1.4640 -0.3034
1.4660 -0.3038
1.4680 -0.3042
1.4700 -0.3046
1.4720 -0.3050
1.4740 -0.3053
1.4760 -0.3057
1.4780 -0.3061
1.4800 -0.3065
1.4820 -0.3069
1.4840 -0.3073
1.4860 -0.3077
1.4880 -0.3081
1.4900 -0.3084
1.4920 -0.3088
1.4940 -0.3092
1.4960 -0.3096
1.4980 -0.3100
1.5000 -0.3103
1.5020 -0.3107
1.5040 -0.3111
1.5060 -0.3115
1.5080 -0.3118
1.5100 -0.3122
1.5120 -0.3126
1.5140 -0.3130
1.5160 -0.3133
1.5180 -0.3137
1.5200 -0.3141
1.5220 -0.3145
1.5240 -0.3148
1.5260 -0.3152
1.5280 -0.3156
1.5300 -0.3159
1.5320 -0.3163
1.5340 -0.3167
1.5360 -0.3170
1.5380 -0.3174
1.5400 -0.3178
1.5420 -0.3181
1.5440 -0.3185
1.5460 -0.3188
1.5480 -0.3192
1.5500 -0.3196
1.5520 -0.3199
1.5540 -0.3203
1.5560 -0.3206
1.5580 -0.3210
1.5600 -0.3213
1.5620 -0.3217
1.5640 -0.3220
1.5660 -0.3224
1.5680 -0.3228
1.5700 -0.3231
1.5720 -0.3235
1.5740 -0.3238
1.5760 -0.3242
1.5780 -0.3245
1.5800 -0.3248
1.5820 -0.3252
1.5840 -0.3255
1.5860 -0.3259
1.5880 -0.3262
1.5900 -0.3266
1.5920 -0.3269
1.5940 -0.3273
1.5960 -0.3276
1.5980 -0.3279
1.6000 -0.3283
1.6020 -0.3286
1.6040 -0.3290
1.6060 -0.3293
1.6080 -0.3296
1.6100 -0.3300
1.6120 -0.3303
1.6140 -0.3306
1.6160 -0.3310
1.6180 -0.3313
1.6200 -0.3316
1.6220 -0.3320
1.6240 -0.3323
1.6260 -0.3326
1.6280 -0.3329
1.6300 -0.3333
1.6320 -0.3336
1.6340 -0.3339
1.6360 -0.3342
1.6380 -0.3346
1.6400 -0.3349
1.6420 -0.3352
1.6440 -0.3355
1.6460 -0.3359
1.6480 -0.3362
1.6500 -0.3365
1.6520 -0.3368
1.6540 -0.3371
1.6560 -0.3374
1.6580 -0.3378
1.6600 -0.3381
1.6620 -0.3384
1.6640 -0.3387
1.6660 -0.3390
1.6680 -0.3393
1.6700 -0.3396
1.6720 -0.3400
1.6740 -0.3403
1.6760 -0.3406
1.6780 -0.3409
1.6800 -0.3412
1.6820 -0.3415
1.6840 -0.3418
1.6860 -0.3421
1.6880 -0.3424
1.6900 -0.3427
1.6920 -0.3430
1.6940 -0.3433
1.6960 -0.3436
1.6980 -0.3439
1.7000 -0.3442
1.7020 -0.3445
1.7040 -0.3448
1.7060 -0.3451
1.7080 -0.3454
1.7100 -0.3457
1.7120 -0.3460
1.7140 -0.3463
1.7160 -0.3466
1.7180 -0.3469
1.7200 -0.3472
1.7220 -0.3475
1.7240 -0.3477
1.7260 -0.3480
1.7280 -0.3483
1.7300 -0.3486
1.7320 -0.3489
1.7340 -0.3492
1.7360 -0.3495
1.7380 -0.3497
1.7400 -0.3500
1.7420 -0.3503
1.7440 -0.3506
1.7460 -0.3509
1.7480 -0.3512
1.7500 -0.3514
1.7520 -0.3517
1.7540 -0.3520
1.7560 -0.3523
1.7580 -0.3525
1.7600 -0.3528
1.7620 -0.3531
1.7640 -0.3534
1.7660 -0.3536
1.7680 -0.3539
1.7700 -0.3542
1.7720 -0.3545
1.7740 -0.3547
1.7760 -0.3550
1.7780 -0.3553
1.7800 -0.3555
1.7820 -0.3558
1.7840 -0.3561
1.7860 -0.3563
1.7880 -0.3566
1.7900 -0.3568
1.7920 -0.3571
1.7940 -0.3574
1.7960 -0.3576
1.7980 -0.3579
1.8000 -0.3582
1.8020 -0.3584
1.8040 -0.3587
1.8060 -0.3589
1.8080 -0.3592
1.8100 -0.3594
1.8120 -0.3597
1.8140 -0.3599
1.8160 -0.3602
1.8180 -0.3604
1.8200 -0.3607
1.8220 -0.3609
1.8240 -0.3612
1.8260 -0.3614
1.8280 -0.3617
1.8300 -0.3619
1.8320 -0.3622
1.8340 -0.3624
1.8360 -0.3627
1.8380 -0.3629
1.8400 -0.3632
1.8420 -0.3634
1.8440 -0.3637
1.8460 -0.3639
1.8480 -0.3641
1.8500 -0.3644
1.8520 -0.3646
1.8540 -0.3648
1.8560 -0.3651
1.8580 -0.3653
1.8600 -0.3656
1.8620 -0.3658
1.8640 -0.3660
1.8660 -0.3663
1.8680 -0.3665
1.8700 -0.3667
1.8720 -0.3669
1.8740 -0.3672
1.8760 -0.3674
1.8780 -0.3676
1.8800 -0.3679
1.8820 -0.3681
1.8840 -0.3683
1.8860 -0.3685
1.8880 -0.3688
1.8900 -0.3690
1.8920 -0.3692
1.8940 -0.3694
1.8960 -0.3697
1.8980 -0.3699
1.9000 -0.3701
1.9020 -0.3703
1.9040 -0.3705
1.9060 -0.3707
1.9080 -0.3710
1.9100 -0.3712
1.9120 -0.3714
1.9140 -0.3716
1.9160 -0.3718
1.9180 -0.3720
1.9200 -0.3722
1.9220 -0.3724
1.9240 -0.3727
1.9260 -0.3729
1.9280 -0.3731
1.9300 -0.3733
1.9320 -0.3735
1.9340 -0.3737
1.9360 -0.3739
1.9380 -0.3741
1.9400 -0.3743
1.9420 -0.3745
1.9440 -0.3747
1.9460 -0.3749
1.9480 -0.3751
1.9500 -0.3753
1.9520 -0.3755
1.9540 -0.3757
1.9560 -0.3759
1.9580 -0.3761
1.9600 -0.3763
1.9620 -0.3765
1.9640 -0.3767
1.9660 -0.3769
1.9680 -0.3771
1.9700 -0.3773
1.9720 -0.3774
1.9740 -0.3776
1.9760 -0.3778
1.9780 -0.3780
1.9800 -0.3782
1.9820 -0.3784
1.9840 -0.3786
1.9860 -0.3788
1.9880 -0.3789
1.9900 -0.3791
1.9920 -0.3793
1.9940 -0.3795
1.9960 -0.3797
1.9980 -0.3798
2.0000 -0.3800
2.0020 -0.3802
2.0040 -0.3804
2.0060 -0.3806
2.0080 -0.3807
2.0100 -0.3809
2.0120 -0.3811
2.0140 -0.3813
2.0160 -0.3814
2.0180 -0.3816
2.0200 -0.3818
2.0220 -0.3819
2.0240 -0.3821
2.0260 -0.3823
2.0280 -0.3825
2.0300 -0.3826
2.0320 -0.3828
2.0340 -0.3830
2.0360 -0.3831
2.0380 -0.3833
2.0400 -0.3834
2.0420 -0.3836
2.0440 -0.3838
2.0460 -0.3839
2.0480 -0.3841
2.0500 -0.3842
2.0520 -0.3844
2.0540 -0.3846
2.0560 -0.3847
2.0580 -0.3849
2.0600 -0.3850
2.0620 -0.3852
2.0640 -0.3853
2.0660 -0.3855
2.0680 -0.3856
2.0700 -0.3858
2.0720 -0.3859
2.0740 -0.3861
2.0760 -0.3862
2.0780 -0.3864
2.0800 -0.3865
2.0820 -0.3867
2.0840 -0.3868
2.0860 -0.3870
2.0880 -0.3871
2.0900 -0.3873
2.0920 -0.3874
2.0940 -0.3875
2.0960 -0.3877
2.0980 -0.3878
2.1000 -0.3880
2.1020 -0.3881
2.1040 -0.3882
2.1060 -0.3884
2.1080 -0.3885
2.1100 -0.3886
2.1120 -0.3888
2.1140 -0.3889
2.1160 -0.3891
2.1180 -0.3892
2.1200 -0.3893
2.1220 -0.3894
2.1240 -0.3896
2.1260 -0.3897
2.1280 -0.3898
2.1300 -0.3900
2.1320 -0.3901
2.1340 -0.3902
2.1360 -0.3903
2.1380 -0.3905
2.1400 -0.3906
2.1420 -0.3907
2.1440 -0.3908
2.1460 -0.3909
2.1480 -0.3911
2.1500 -0.3912
2.1520 -0.3913
2.1540 -0.3914
2.1560 -0.3915
2.1580 -0.3917
2.1600 -0.3918
2.1620 -0.3919
2.1640 -0.3920
2.1660 -0.3921
2.1680 -0.3922
2.1700 -0.3923
2.1720 -0.3924
2.1740 -0.3926
2.1760 -0.3927
2.1780 -0.3928
2.1800 -0.3929
2.1820 -0.3930
2.1840 -0.3931
2.1860 -0.3932
2.1880 -0.3933
2.1900 -0.3934
2.1920 -0.3935
2.1940 -0.3936
2.1960 -0.3937
2.1980 -0.3938
2.2000 -0.3939
2.2020 -0.3940
2.2040 -0.3941
2.2060 -0.3942
2.2080 -0.3943
2.2100 -0.3944
2.2120 -0.3945
2.2140 -0.3946
2.2160 -0.3947
2.2180 -0.3948
2.2200 -0.3949
2.2220 -0.3949
2.2240 -0.3950
2.2260 -0.3951
2.2280 -0.3952
2.2300 -0.3953
2.2320 -0.3954
2.2340 -0.3955
2.2360 -0.3956
2.2380 -0.3956
2.2400 -0.3957
2.2420 -0.3958
2.2440 -0.3959
2.2460 -0.3960
2.2480 -0.3960
2.2500 -0.3961
2.2520 -0.3962
2.2540 -0.3963
2.2560 -0.3964
2.2580 -0.3964
2.2600 -0.3965
2.2620 -0.3966
2.2640 -0.3967
2.2660 -0.3967
2.2680 -0.3968
2.2700 -0.3969
2.2720 -0.3969
2.2740 -0.3970
2.2760 -0.3971
2.2780 -0.3971
2.2800 -0.3972
2.2820 -0.3973
2.2840 -0.3973
2.2860 -0.3974
2.2880 -0.3975
2.2900 -0.3975
2.2920 -0.3976
2.2940 -0.3977
2.2960 -0.3977
2.2980 -0.3978
2.3000 -0.3978
2.3020 -0.3979
2.3040 -0.3980
2.3060 -0.3980
2.3080 -0.3981
2.3100 -0.3981
2.3120 -0.3982
2.3140 -0.3982
2.3160 -0.3983
2.3180 -0.3983
2.3200 -0.3984
2.3220 -0.3984
2.3240 -0.3985
2.3260 -0.3985
2.3280 -0.3986
2.3300 -0.3986
2.3320 -0.3987
2.3340 -0.3987
2.3360 -0.3988
2.3380 -0.3988
2.3400 -0.3989
2.3420 -0.3989
2.3440 -0.3989
2.3460 -0.3990
2.3480 -0.3990
2.3500 -0.3991
2.3520 -0.3991
2.3540 -0.3991
2.3560 -0.3992
2.3580 -0.3992
2.3600 -0.3992
2.3620 -0.3993
2.3640 -0.3993
2.3660 -0.3993
2.3680 -0.3994
2.3700 -0.3994
2.3720 -0.3994
2.3740 -0.3995
2.3760 -0.3995
2.3780 -0.3995
2.3800 -0.3996
2.3820 -0.3996
2.3840 -0.3996
2.3860 -0.3996
2.3880 -0.3997
2.3900 -0.3997
2.3920 -0.3997
2.3940 -0.3997
2.3960 -0.3997
2.3980 -0.3998
2.4000 -0.3998
2.4020 -0.3998
2.4040 -0.3998
2.4060 -0.3998
2.4080 -0.3998
2.4100 -0.3999
2.4120 -0.3999
2.4140 -0.3999
2.4160 -0.3999
2.4180 -0.3999
2.4200 -0.3999
2.4220 -0.3999
2.4240 -0.3999
2.4260 -0.4000
2.4280 -0.4000
2.4300 -0.4000
2.4320 -0.4000
2.4340 -0.4000
2.4360 -0.4000
2.4380 -0.4000
2.4400 -0.4000
2.4420 -0.4000
2.4440 -0.4000
2.4460 -0.4000
