0.0000 0.0000
0.0020 0.0000
0.0040 0.0001
0.0060 0.0002
0.0080 0.0003
0.0100 0.0005
0.0120 0.0007
0.0140 0.0010
0.0160 0.0013
0.0180 0.0016
0.0200 0.0020
0.0220 0.0024
0.0240 0.0029
0.0260 0.0034
0.0280 0.0039
0.0300 0.0045
0.0320 0.0051
0.0340 0.0058
0.0360 0.0065
0.0380 0.0072
0.0400 0.0080
0.0420 0.0088
0.0440 0.0097
0.0460 0.0106
0.0480 0.0115
0.0500 0.0125
0.0520 0.0135
0.0540 0.0146
0.0560 0.0157
0.0580 0.0168
0.0600 0.0180
0.0620 0.0192
0.0640 0.0205
0.0660 0.0218
0.0680 0.0231
0.0700 0.0245
0.0720 0.0259
0.0740 0.0274
0.0760 0.0289
0.0780 0.0304
0.0800 0.0320
0.0820 0.0336
0.0840 0.0353
0.0860 0.0370
0.0880 0.0387
0.0900 0.0405
0.0920 0.0423
0.0940 0.0442
0.0960 0.0461
0.0980 0.0480
0.1000 0.0500
0.1020 0.0520
0.1040 0.0541
0.1060 0.0562
0.1080 0.0583
0.1100 0.0605
0.1120 0.0627
0.1140 0.0650
0.1160 0.0673
0.1180 0.0696
0.1200 0.0720
0.1220 0.0744
0.1240 0.0769
0.1260 0.0794
0.1280 0.0819
0.1300 0.0845
0.1320 0.0871
0.1340 0.0898
0.1360 0.0925
0.1380 0.0952
0.1400 0.0980
0.1420 0.1008
0.1440 0.1037
0.1460 0.1066
0.1480 0.1095
0.1500 0.1125
0.1520 0.1155
0.1540 0.1186
0.1560 0.1217
0.1580 0.1248
0.1600 0.1280
0.1620 0.1312
0.1640 0.1345
0.1660 0.1378
0.1680 0.1411
0.1700 0.1445
0.1720 0.1479
0.1740 0.1514
0.1760 0.1549
0.1780 0.1584
0.1800 0.1620
0.1820 0.1656
0.1840 0.1693
0.1860 0.1730
0.1880 0.1767
0.1900 0.1805
0.1920 0.1843
0.1940 0.1882
0.1960 0.1921
0.1980 0.1960
0.2000 0.2000
0.2020 0.2040
0.2040 0.2081
0.2060 0.2122
0.2080 0.2163
0.2100 0.2205
0.2120 0.2247
0.2140 0.2290
0.2160 0.2333
0.2180 0.2376
0.2200 0.2420
0.2220 0.2464
0.2240 0.2509
0.2260 0.2554
0.2280 0.2599
0.2300 0.2645
0.2320 0.2691
0.2340 0.2738
0.2360 0.2785
0.2380 0.2832
0.2400 0.2880
0.2420 0.2928
0.2440 0.2977
0.2460 0.3026
0.2480 0.3075
0.2500 0.3125
0.2520 0.3175
0.2540 0.3226
0.2560 0.3277
0.2580 0.3328
0.2600 0.3380
0.2620 0.3432
0.2640 0.3485
0.2660 0.3538
0.2680 0.3591
0.2700 0.3645
0.2720 0.3699
0.2740 0.3754
0.2760 0.3809
0.2780 0.3864
0.2800 0.3920
0.2820 0.3976
0.2840 0.4033
0.2860 0.4090
0.2880 0.4147
0.2900 0.4205
0.2920 0.4263
0.2940 0.4322
0.2960 0.4381
0.2980 0.4440
0.3000 0.4500
0.3020 0.4560
0.3040 0.4621
0.3060 0.4682
0.3080 0.4743
0.3100 0.4805
0.3120 0.4867
0.3140 0.4930
0.3160 0.4993
0.3180 0.5056
0.3200 0.5120
0.3220 0.5184
0.3240 0.5249
0.3260 0.5314
0.3280 0.5379
0.3300 0.5445
0.3320 0.5511
0.3340 0.5578
0.3360 0.5645
0.3380 0.5712
0.3400 0.5780
0.3420 0.5848
0.3440 0.5917
0.3460 0.5986
0.3480 0.6055
0.3500 0.6125
0.3520 0.6195
0.3540 0.6266
0.3560 0.6337
0.3580 0.6408
0.3600 0.6480
0.3620 0.6552
0.3640 0.6625
0.3660 0.6698
0.3680 0.6771
0.3700 0.6845
0.3720 0.6919
0.3740 0.6994
0.3760 0.7069
0.3780 0.7144
0.3800 0.7220
0.3820 0.7296
0.3840 0.7373
0.3860 0.7450
0.3880 0.7527
0.3900 0.7605
0.3920 0.7683
0.3940 0.7762
0.3960 0.7841
0.3980 0.7920
0.4000 0.8000
0.4020 0.8080
0.4040 0.8161
0.4060 0.8242
0.4080 0.8323
0.4100 0.8405
0.4120 0.8487
0.4140 0.8570
0.4160 0.8653
0.4180 0.8736
0.4200 0.8820
0.4220 0.8904
0.4240 0.8989
0.4260 0.9074
0.4280 0.9159
0.4300 0.9245
0.4320 0.9331
0.4340 0.9418
0.4360 0.9505
0.4380 0.9592
0.4400 0.9680
0.4420 0.9768
0.4440 0.9857
0.4460 0.9946
0.4480 1.0035
0.4500 1.0125
0.4520 1.0215
0.4540 1.0306
0.4560 1.0397
0.4580 1.0488
0.4600 1.0580
0.4620 1.0672
0.4640 1.0765
0.4660 1.0858
0.4680 1.0951
0.4700 1.1045
0.4720 1.1139
0.4740 1.1234
0.4760 1.1329
0.4780 1.1424
0.4800 1.1520
0.4820 1.1616
0.4840 1.1713
0.4860 1.1810
0.4880 1.1907
0.4900 1.2005
0.4920 1.2103
0.4940 1.2202
0.4960 1.2301
0.4980 1.2400
0.5000 1.2500
0.5020 1.2600
0.5040 1.2701
0.5060 1.2802
0.5080 1.2903
0.5100 1.3005
0.5120 1.3107
0.5140 1.3210
0.5160 1.3313
0.5180 1.3416
0.5200 1.3520
0.5220 1.3624
0.5240 1.3729
0.5260 1.3834
0.5280 1.3939
0.5300 1.4045
0.5320 1.4151
0.5340 1.4258
0.5360 1.4365
0.5380 1.4472
0.5400 1.4580
0.5420 1.4688
0.5440 1.4797
0.5460 1.4906
0.5480 1.5015
0.5500 1.5125
0.5520 1.5235
0.5540 1.5346
0.5560 1.5457
0.5580 1.5568
0.5600 1.5680
0.5620 1.5792
0.5640 1.5905
0.5660 1.6018
0.5680 1.6131
0.5700 1.6245
0.5720 1.6359
0.5740 1.6474
0.5760 1.6589
0.5780 1.6704
0.5800 1.6820
0.5820 1.6936
0.5840 1.7053
0.5860 1.7170
0.5880 1.7287
0.5900 1.7405
0.5920 1.7523
0.5940 1.7642
0.5960 1.7761
0.5980 1.7880
0.6000 1.8000
0.6020 1.8120
0.6040 1.8241
0.6060 1.8362
0.6080 1.8483
0.6100 1.8605
0.6120 1.8727
0.6140 1.8850
0.6160 1.8973
0.6180 1.9096
0.6200 1.9220
0.6220 1.9344
0.6240 1.9469
0.6260 1.9594
0.6280 1.9719
0.6300 1.9845
0.6320 1.9971
0.6340 2.0098
0.6360 2.0225
0.6380 2.0352
0.6400 2.0480
0.6420 2.0608
0.6440 2.0737
0.6460 2.0866
0.6480 2.0995
0.6500 2.1125
0.6520 2.1255
0.6540 2.1386
0.6560 2.1517
0.6580 2.1648
0.6600 2.1780
0.6620 2.1912
0.6640 2.2045
0.6660 2.2178
0.6680 2.2311
0.6700 2.2445
0.6720 2.2579
0.6740 2.2714
0.6760 2.2849
0.6780 2.2984
0.6800 2.3120
0.6820 2.3256
0.6840 2.3393
0.6860 2.3530
0.6880 2.3667
0.6900 2.3805
0.6920 2.3943
0.6940 2.4082
0.6960 2.4221
0.6980 2.4360
0.7000 2.4500
0.7020 2.4640
0.7040 2.4781
0.7060 2.4922
0.7080 2.5063
0.7100 2.5205
0.7120 2.5347
0.7140 2.5490
0.7160 2.5633
0.7180 2.5776
0.7200 2.5920
0.7220 2.6064
0.7240 2.6209
0.7260 2.6354
0.7280 2.6499
0.7300 2.6645
0.7320 2.6791
0.7340 2.6938
0.7360 2.7085
0.7380 2.7232
0.7400 2.7380
0.7420 2.7528
0.7440 2.7677
0.7460 2.7826
0.7480 2.7975
0.7500 2.8125
0.7520 2.8275
0.7540 2.8426
0.7560 2.8577
0.7580 2.8728
0.7600 2.8880
0.7620 2.9032
0.7640 2.9185
0.7660 2.9338
0.7680 2.9491
0.7700 2.9645
0.7720 2.9799
0.7740 2.9954
0.7760 3.0109
0.7780 3.0264
0.7800 3.0420
0.7820 3.0576
0.7840 3.0733
0.7860 3.0890
0.7880 3.1047
0.7900 3.1205
0.7920 3.1363
0.7940 3.1522
0.7960 3.1681
0.7980 3.1840
0.8000 3.2000
0.8020 3.2160
0.8040 3.2321
0.8060 3.2482
0.8080 3.2643
0.8100 3.2805
0.8120 3.2967
0.8140 3.3130
0.8160 3.3293
0.8180 3.3455
0.8200 3.3618
0.8220 3.3781
0.8240 3.3944
0.8260 3.4106
0.8280 3.4269
0.8300 3.4432
0.8320 3.4595
0.8340 3.4758
0.8360 3.4920
0.8380 3.5083
0.8400 3.5246
0.8420 3.5409
0.8440 3.5571
0.8460 3.5734
0.8480 3.5897
0.8500 3.6060
0.8520 3.6222
0.8540 3.6385
0.8560 3.6548
0.8580 3.6711
0.8600 3.6874
0.8620 3.7036
0.8640 3.7199
0.8660 3.7362
0.8680 3.7525
0.8700 3.7687
0.8720 3.7850
0.8740 3.8013
0.8760 3.8176
0.8780 3.8338
0.8800 3.8501
0.8820 3.8664
0.8840 3.8827
0.8860 3.8990
0.8880 3.9152
0.8900 3.9315
0.8920 3.9478
0.8940 3.9641
0.8960 3.9803
0.8980 3.9966
0.9000 4.0129
0.9020 4.0292
0.9040 4.0455
0.9060 4.0617
0.9080 4.0780
0.9100 4.0943
0.9120 4.1106
0.9140 4.1268
0.9160 4.1431
0.9180 4.1594
0.9200 4.1757
0.9220 4.1919
0.9240 4.2082
0.9260 4.2245
0.9280 4.2408
0.9300 4.2571
0.9320 4.2733
0.9340 4.2896
0.9360 4.3059
0.9380 4.3222
0.9400 4.3384
0.9420 4.3547
0.9440 4.3710
0.9460 4.3873
0.9480 4.4036
0.9500 4.4198
0.9520 4.4361
0.9540 4.4524
0.9560 4.4687
0.9580 4.4849
0.9600 4.5012
0.9620 4.5175
0.9640 4.5338
0.9660 4.5500
0.9680 4.5663
0.9700 4.5826
0.9720 4.5989
0.9740 4.6152
0.9760 4.6314
0.9780 4.6477
0.9800 4.6640
0.9820 4.6803
0.9840 4.6965
0.9860 4.7128
0.9880 4.7291
0.9900 4.7454
0.9920 4.7616
0.9940 4.7779
0.9960 4.7942
0.9980 4.8105
1.0000 4.8268
1.0020 4.8430
1.0040 4.8593
1.0060 4.8756
1.0080 4.8919
1.0100 4.9081
1.0120 4.9244
1.0140 4.9407
1.0160 4.9570
1.0180 4.9733
1.0200 4.9895
1.0220 5.0058
1.0240 5.0221
1.0260 5.0384
1.0280 5.0546
1.0300 5.0709
1.0320 5.0872
1.0340 5.1035
1.0360 5.1197
1.0380 5.1360
1.0400 5.1523
1.0420 5.1686
1.0440 5.1849
1.0460 5.2011
1.0480 5.2174
1.0500 5.2337
1.0520 5.2500
1.0540 5.2662
1.0560 5.2825
1.0580 5.2988
1.0600 5.3151
1.0620 5.3314
1.0640 5.3476
1.0660 5.3639
1.0680 5.3802
1.0700 5.3965
1.0720 5.4127
1.0740 5.4290
1.0760 5.4453
1.0780 5.4616
1.0800 5.4778
1.0820 5.4941
1.0840 5.5104
1.0860 5.5267
1.0880 5.5430
1.0900 5.5592
1.0920 5.5755
1.0940 5.5918
1.0960 5.6081
1.0980 5.6243
1.1000 5.6406
1.1020 5.6569
1.1040 5.6732
1.1060 5.6894
1.1080 5.7057
1.1100 5.7220
1.1120 5.7383
1.1140 5.7546
1.1160 5.7708
1.1180 5.7871
1.1200 5.8034
1.1220 5.8197
1.1240 5.8359
1.1260 5.8522
1.1280 5.8685
1.1300 5.8848
1.1320 5.9011
1.1340 5.9173
1.1360 5.9336
1.1380 5.9499
1.1400 5.9662
1.1420 5.9824
1.1440 5.9987
1.1460 6.0150
1.1480 6.0313
1.1500 6.0475
1.1520 6.0638
1.1540 6.0801
1.1560 6.0964
1.1580 6.1127
1.1600 6.1289
1.1620 6.1452
1.1640 6.1615
1.1660 6.1778
1.1680 6.1940
1.1700 6.2103
1.1720 6.2266
1.1740 6.2429
1.1760 6.2592
1.1780 6.2754
1.1800 6.2917
1.1820 6.3080
1.1840 6.3243
1.1860 6.3405
1.1880 6.3568
1.1900 6.3731
1.1920 6.3894
1.1940 6.4056
1.1960 6.4219
1.1980 6.4382
1.2000 6.4545
1.2020 6.4708
1.2040 6.4870
1.2060 6.5033
1.2080 6.5196
1.2100 6.5359
1.2120 6.5521
1.2140 6.5684
1.2160 6.5847
1.2180 6.6010
1.2200 6.6172
1.2220 6.6335
1.2240 6.6498
1.2260 6.6661
1.2280 6.6824
1.2300 6.6986
1.2320 6.7149
1.2340 6.7312
1.2360 6.7475
1.2380 6.7637
1.2400 6.7800
1.2420 6.7963
1.2440 6.8126
1.2460 6.8289
1.2480 6.8451
1.2500 6.8614
1.2520 6.8777
1.2540 6.8940
1.2560 6.9102
1.2580 6.9265
1.2600 6.9428
1.2620 6.9591
1.2640 6.9753
1.2660 6.9916
1.2680 7.0079
1.2700 7.0242
1.2720 7.0405
1.2740 7.0567
1.2760 7.0730
1.2780 7.0893
1.2800 7.1056
1.2820 7.1218
1.2840 7.1381
1.2860 7.1544
1.2880 7.1707
1.2900 7.1870
1.2920 7.2032
1.2940 7.2195
1.2960 7.2358
1.2980 7.2521
1.3000 7.2683
1.3020 7.2846
1.3040 7.3009
1.3060 7.3172
1.3080 7.3334
1.3100 7.3497
1.3120 7.3660
1.3140 7.3823
1.3160 7.3986
1.3180 7.4148
1.3200 7.4311
1.3220 7.4474
1.3240 7.4637
1.3260 7.4799
1.3280 7.4962
1.3300 7.5125
1.3320 7.5288
1.3340 7.5450
1.3360 7.5613
1.3380 7.5776
1.3400 7.5939
1.3420 7.6102
1.3440 7.6264
1.3460 7.6427
1.3480 7.6590
1.3500 7.6753
1.3520 7.6915
1.3540 7.7078
1.3560 7.7241
1.3580 7.7404
1.3600 7.7567
1.3620 7.7729
1.3640 7.7892
1.3660 7.8055
1.3680 7.8218
1.3700 7.8380
1.3720 7.8543
1.3740 7.8706
1.3760 7.8869
1.3780 7.9031
1.3800 7.9194
1.3820 7.9357
1.3840 7.9520
1.3860 7.9683
1.3880 7.9845
1.3900 8.0008
1.3920 8.0171
1.3940 8.0334
1.3960 8.0496
1.3980 8.0659
1.4000 8.0822
1.4020 8.0985
1.4040 8.1147
1.4060 8.1310
1.4080 8.1473
1.4100 8.1636
1.4120 8.1799
1.4140 8.1961
1.4160 8.2124
1.4180 8.2287
1.4200 8.2450
1.4220 8.2612
1.4240 8.2775
1.4260 8.2938
1.4280 8.3101
1.4300 8.3264
1.4320 8.3426
1.4340 8.3589
1.4360 8.3752
1.4380 8.3915
1.4400 8.4077
1.4420 8.4240
1.4440 8.4403
1.4460 8.4566
1.4480 8.4728
1.4500 8.4891
1.4520 8.5054
1.4540 8.5217
1.4560 8.5380
1.4580 8.5542
1.4600 8.5705
1.4620 8.5868
1.4640 8.6031
1.4660 8.6193
1.4680 8.6356
1.4700 8.6519
1.4720 8.6682
1.4740 8.6845
1.4760 8.7007
1.4780 8.7170
1.4800 8.7333
1.4820 8.7496
1.4840 8.7658
1.4860 8.7821
1.4880 8.7984
1.4900 8.8147
1.4920 8.8309
1.4940 8.8472
1.4960 8.8635
1.4980 8.8798
1.5000 8.8961
1.5020 8.9123
1.5040 8.9286
1.5060 8.9449
1.5080 8.9612
1.5100 8.9774
1.5120 8.9937
1.5140 9.0100
1.5160 9.0263
1.5180 9.0425
1.5200 9.0588
1.5220 9.0751
1.5240 9.0914
1.5260 9.1077
1.5280 9.1239
1.5300 9.1402
1.5320 9.1565
1.5340 9.1728
1.5360 9.1890
1.5380 9.2053
1.5400 9.2216
1.5420 9.2379
1.5440 9.2542
1.5460 9.2704
1.5480 9.2867
1.5500 9.3030
1.5520 9.3193
1.5540 9.3355
1.5560 9.3518
1.5580 9.3681
1.5600 9.3844
1.5620 9.4006
1.5640 9.4169
1.5660 9.4332
1.5680 9.4495
1.5700 9.4658
1.5720 9.4820
1.5740 9.4983
1.5760 9.5146
1.5780 9.5309
1.5800 9.5471
1.5820 9.5634
1.5840 9.5797
1.5860 9.5960
1.5880 9.6123
1.5900 9.6285
1.5920 9.6448
1.5940 9.6611
1.5960 9.6774
1.5980 9.6936
1.6000 9.7099
1.6020 9.7262
1.6040 9.7425
1.6060 9.7587
1.6080 9.7750
1.6100 9.7913
1.6120 9.8076
1.6140 9.8239
1.6160 9.8401
1.6180 9.8564
1.6200 9.8727
1.6220 9.8890
1.6240 9.9052
1.6260 9.9215
1.6280 9.9378
1.6300 9.9541
1.6320 9.9703
1.6340 9.9866
1.6360 10.0029
1.6380 10.0192
1.6400 10.0355
1.6420 10.0517
1.6440 10.0680
1.6460 10.0843
1.6480 10.1006
1.6500 10.1168
1.6520 10.1331
1.6540 10.1494
1.6560 10.1657
1.6580 10.1820
1.6600 10.1982
1.6620 10.2145
1.6640 10.2308
1.6660 10.2471
1.6680 10.2633
1.6700 10.2796
1.6720 10.2959
1.6740 10.3122
1.6760 10.3284
1.6780 10.3447
1.6800 10.3610
1.6820 10.3773
1.6840 10.3936
1.6860 10.4098
1.6880 10.4261
1.6900 10.4424
1.6920 10.4587
1.6940 10.4749
1.6960 10.4912
1.6980 10.5075
1.7000 10.5238
1.7020 10.5401
1.7040 10.5563
1.7060 10.5726
1.7080 10.5889
1.7100 10.6052
1.7120 10.6214
1.7140 10.6377
1.7160 10.6540
1.7180 10.6703
1.7200 10.6865
1.7220 10.7028
1.7240 10.7191
1.7260 10.7354
1.7280 10.7517
1.7300 10.7679
1.7320 10.7842
1.7340 10.8005
1.7360 10.8168
1.7380 10.8330
1.7400 10.8493
1.7420 10.8656
1.7440 10.8819
1.7460 10.8981
1.7480 10.9144
1.7500 10.9307
1.7520 10.9470
1.7540 10.9633
1.7560 10.9795
1.7580 10.9958
1.7600 11.0121
1.7620 11.0284
1.7640 11.0446
1.7660 11.0609
1.7680 11.0772
1.7700 11.0935
1.7720 11.1098
1.7740 11.1260
1.7760 11.1423
1.7780 11.1586
1.7800 11.1749
1.7820 11.1911
1.7840 11.2074
1.7860 11.2237
1.7880 11.2400
1.7900 11.2562
1.7920 11.2725
1.7940 11.2888
1.7960 11.3051
1.7980 11.3214
1.8000 11.3376
1.8020 11.3539
1.8040 11.3702
1.8060 11.3865
1.8080 11.4027
1.8100 11.4190
1.8120 11.4353
1.8140 11.4516
1.8160 11.4679
1.8180 11.4841
1.8200 11.5004
1.8220 11.5167
1.8240 11.5330
1.8260 11.5492
1.8280 11.5655
1.8300 11.5818
1.8320 11.5981
1.8340 11.6143
1.8360 11.6306
1.8380 11.6469
1.8400 11.6632
1.8420 11.6795
1.8440 11.6957
1.8460 11.7120
1.8480 11.7283
1.8500 11.7446
1.8520 11.7608
1.8540 11.7771
1.8560 11.7934
1.8580 11.8097
1.8600 11.8259
1.8620 11.8422
1.8640 11.8585
1.8660 11.8748
1.8680 11.8911
1.8700 11.9073
1.8720 11.9236
1.8740 11.9399
1.8760 11.9562
1.8780 11.9724
1.8800 11.9887
1.8820 12.0050
1.8840 12.0213
1.8860 12.0376
1.8880 12.0538
1.8900 12.0701
1.8920 12.0864
1.8940 12.1027
1.8960 12.1189
1.8980 12.1352
1.9000 12.1515
1.9020 12.1678
1.9040 12.1840
1.9060 12.2003
1.9080 12.2166
1.9100 12.2329
1.9120 12.2492
1.9140 12.2654
1.9160 12.2817
1.9180 12.2980
1.9200 12.3143
1.9220 12.3305
1.9240 12.3468
1.9260 12.3631
1.9280 12.3794
1.9300 12.3957
1.9320 12.4119
1.9340 12.4282
1.9360 12.4445
1.9380 12.4608
1.9400 12.4770
1.9420 12.4933
1.9440 12.5096
1.9460 12.5259
1.9480 12.5421
1.9500 12.5584
1.9520 12.5747
1.9540 12.5910
1.9560 12.6073
1.9580 12.6235
1.9600 12.6398
1.9620 12.6561
1.9640 12.6724
1.9660 12.6886
1.9680 12.7049
1.9700 12.7212
1.9720 12.7375
1.9740 12.7537
1.9760 12.7700
1.9780 12.7863
1.9800 12.8026
1.9820 12.8189
1.9840 12.8351
1.9860 12.8514
1.9880 12.8677
1.9900 12.8840
1.9920 12.9002
1.9940 12.9165
1.9960 12.9328
1.9980 12.9491
2.0000 12.9654
2.0020 12.9816
2.0040 12.9979
2.0060 13.0142
2.0080 13.0305
2.0100 13.0467
2.0120 13.0630
2.0140 13.0793
2.0160 13.0956
2.0180 13.1118
2.0200 13.1281
2.0220 13.1444
2.0240 13.1607
2.0260 13.1770
2.0280 13.1932
2.0300 13.2095
2.0320 13.2258
2.0340 13.2421
2.0360 13.2583
2.0380 13.2746
2.0400 13.2909
2.0420 13.3072
2.0440 13.3234
2.0460 13.3397
2.0480 13.3560
2.0500 13.3723
2.0520 13.3886
2.0540 13.4048
2.0560 13.4211
2.0580 13.4374
2.0600 13.4537
2.0620 13.4699
2.0640 13.4862
2.0660 13.5025
2.0680 13.5188
2.0700 13.5351
2.0720 13.5513
2.0740 13.5676
2.0760 13.5839
2.0780 13.6002
2.0800 13.6164
2.0820 13.6327
2.0840 13.6490
2.0860 13.6653
2.0880 13.6815
2.0900 13.6978
2.0920 13.7141
2.0940 13.7304
2.0960 13.7467
2.0980 13.7629
2.1000 13.7792
2.1020 13.7955
2.1040 13.8118
2.1060 13.8280
2.1080 13.8443
2.1100 13.8606
2.1120 13.8769
2.1140 13.8932
2.1160 13.9094
2.1180 13.9257
2.1200 13.9420
2.1220 13.9583
2.1240 13.9745
2.1260 13.9908
2.1280 14.0071
2.1300 14.0234
2.1320 14.0396
2.1340 14.0559
2.1360 14.0722
2.1380 14.0885
2.1400 14.1048
2.1420 14.1210
2.1440 14.1373
2.1460 14.1536
2.1480 14.1699
2.1500 14.1861
2.1520 14.2024
2.1540 14.2187
2.1560 14.2350
2.1580 14.2512
2.1600 14.2675
2.1620 14.2838
2.1640 14.3001
2.1660 14.3164
2.1680 14.3326
2.1700 14.3489
2.1720 14.3652
2.1740 14.3815
2.1760 14.3977
2.1780 14.4140
2.1800 14.4303
2.1820 14.4466
2.1840 14.4629
2.1860 14.4791
2.1880 14.4954
2.1900 14.5117
2.1920 14.5280
2.1940 14.5442
2.1960 14.5605
2.1980 14.5768
2.2000 14.5931
2.2020 14.6093
2.2040 14.6256
2.2060 14.6419
2.2080 14.6582
2.2100 14.6745
2.2120 14.6907
2.2140 14.7070
2.2160 14.7233
2.2180 14.7396
2.2200 14.7558
2.2220 14.7721
2.2240 14.7884
2.2260 14.8047
2.2280 14.8210
2.2300 14.8372
2.2320 14.8535
2.2340 14.8698
2.2360 14.8861
2.2380 14.9023
2.2400 14.9186
2.2420 14.9349
2.2440 14.9512
2.2460 14.9674
2.2480 14.9837
2.2500 15.0000
2.2520 15.0163
2.2540 15.0326
2.2560 15.0488
2.2580 15.0651
2.2600 15.0814
2.2620 15.0977
2.2640 15.1139
2.2660 15.1302
2.2680 15.1465
2.2700 15.1628
2.2720 15.1790
2.2740 15.1953
2.2760 15.2116
2.2780 15.2279
2.2800 15.2442
2.2820 15.2604
2.2840 15.2767
2.2860 15.2930
2.2880 15.3093
2.2900 15.3255
2.2920 15.3418
2.2940 15.3581
2.2960 15.3744
2.2980 15.3907
2.3000 15.4069
2.3020 15.4232
2.3040 15.4395
2.3060 15.4558
2.3080 15.4720
2.3100 15.4883
2.3120 15.5046
2.3140 15.5209
2.3160 15.5371
2.3180 15.5534
2.3200 15.5697
2.3220 15.5860
2.3240 15.6023
2.3260 15.6185
2.3280 15.6348
2.3300 15.6511
2.3320 15.6674
2.3340 15.6836
2.3360 15.6999
2.3380 15.7162
2.3400 15.7325
2.3420 15.7488
2.3440 15.7650
2.3460 15.7813
2.3480 15.7976
2.3500 15.8139
2.3520 15.8301
2.3540 15.8464
2.3560 15.8627
2.3580 15.8790
2.3600 15.8952
2.3620 15.9115
2.3640 15.9278
2.3660 15.9441
2.3680 15.9604
2.3700 15.9766
2.3720 15.9929
2.3740 16.0092
2.3760 16.0255
2.3780 16.0417
2.3800 16.0580
2.3820 16.0743
2.3840 16.0906
2.3860 16.1068
2.3880 16.1231
2.3900 16.1394
2.3920 16.1557
2.3940 16.1720
2.3960 16.1882
2.3980 16.2045
2.4000 16.2208
2.4020 16.2371
2.4040 16.2533
2.4060 16.2696
2.4080 16.2859
2.4100 16.3022
2.4120 16.3185
2.4140 16.3347
2.4160 16.3510
2.4180 16.3673
2.4200 16.3836
2.4220 16.3998
2.4240 16.4161
2.4260 16.4324
2.4280 16.4487
2.4300 16.4649
2.4320 16.4812
2.4340 16.4975
2.4360 16.5138
2.4380 16.5301
2.4400 16.5463
2.4420 16.5626
2.4440 16.5789
2.4460 16.5952
2.4480 16.6114
2.4500 16.6277
2.4520 16.6440
2.4540 16.6603
2.4560 16.6766
2.4580 16.6928
2.4600 16.7091
2.4620 16.7254
2.4640 16.7417
2.4660 16.7579
2.4680 16.7742
2.4700 16.7905
2.4720 16.8068
2.4740 16.8230
2.4760 16.8393
2.4780 16.8556
2.4800 16.8719
2.4820 16.8882
2.4840 16.9044
2.4860 16.9207
2.4880 16.9370
2.4900 16.9533
2.4920 16.9695
2.4940 16.9858
2.4960 17.0021
2.4980 17.0184
2.5000 17.0346
2.5020 17.0509
2.5040 17.0672
2.5060 17.0835
2.5080 17.0998
2.5100 17.1160
2.5120 17.1323
2.5140 17.1486
2.5160 17.1649
2.5180 17.1811
2.5200 17.1974
2.5220 17.2137
2.5240 17.2300
2.5260 17.2463
2.5280 17.2625
2.5300 17.2788
2.5320 17.2951
2.5340 17.3114
2.5360 17.3276
2.5380 17.3439
2.5400 17.3602
2.5420 17.3765
2.5440 17.3927
2.5460 17.4090
2.5480 17.4253
2.5500 17.4416
2.5520 17.4579
2.5540 17.4741
2.5560 17.4904
2.5580 17.5067
2.5600 17.5230
2.5620 17.5392
2.5640 17.5555
2.5660 17.5718
2.5680 17.5881
2.5700 17.6043
2.5720 17.6206
2.5740 17.6369
2.5760 17.6532
2.5780 17.6695
2.5800 17.6857
2.5820 17.7020
2.5840 17.7183
2.5860 17.7346
2.5880 17.7508
2.5900 17.7671
2.5920 17.7834
2.5940 17.7997
2.5960 17.8160
2.5980 17.8322
2.6000 17.8485
2.6020 17.8648
2.6040 17.8811
2.6060 17.8973
2.6080 17.9136
2.6100 17.9299
2.6120 17.9462
2.6140 17.9624
2.6160 17.9787
2.6180 17.9950
2.6200 18.0113
2.6220 18.0276
2.6240 18.0438
2.6260 18.0601
2.6280 18.0764
2.6300 18.0927
2.6320 18.1089
2.6340 18.1252
2.6360 18.1415
2.6380 18.1578
2.6400 18.1741
2.6420 18.1903
2.6440 18.2066
2.6460 18.2229
2.6480 18.2392
2.6500 18.2554
2.6520 18.2717
2.6540 18.2880
2.6560 18.3043
2.6580 18.3205
2.6600 18.3368
2.6620 18.3531
2.6640 18.3694
2.6660 18.3857
2.6680 18.4019
2.6700 18.4182
2.6720 18.4345
2.6740 18.4508
2.6760 18.4670
2.6780 18.4833
2.6800 18.4996
2.6820 18.5159
2.6840 18.5321
2.6860 18.5484
2.6880 18.5647
2.6900 18.5810
2.6920 18.5973
2.6940 18.6135
2.6960 18.6298
2.6980 18.6461
2.7000 18.6624
2.7020 18.6786
2.7040 18.6949
2.7060 18.7112
2.7080 18.7275
2.7100 18.7438
2.7120 18.7600
2.7140 18.7763
2.7160 18.7926
2.7180 18.8089
2.7200 18.8251
2.7220 18.8414
2.7240 18.8577
2.7260 18.8740
2.7280 18.8902
2.7300 18.9065
2.7320 18.9228
2.7340 18.9391
2.7360 18.9554
2.7380 18.9716
2.7400 18.9879
2.7420 19.0042
2.7440 19.0205
2.7460 19.0367
2.7480 19.0530
2.7500 19.0693
2.7520 19.0856
2.7540 19.1019
2.7560 19.1181
2.7580 19.1344
2.7600 19.1507
2.7620 19.1670
2.7640 19.1832
2.7660 19.1995
2.7680 19.2158
2.7700 19.2321
2.7720 19.2483
2.7740 19.2646
2.7760 19.2809
2.7780 19.2972
2.7800 19.3135
2.7820 19.3297
2.7840 19.3460
2.7860 19.3623
2.7880 19.3786
2.7900 19.3948
2.7920 19.4111
2.7940 19.4274
2.7960 19.4437
2.7980 19.4599
2.8000 19.4762
2.8020 19.4925
2.8040 19.5088
2.8060 19.5251
2.8080 19.5413
2.8100 19.5576
2.8120 19.5739
2.8140 19.5902
2.8160 19.6064
2.8180 19.6227
2.8200 19.6390
2.8220 19.6553
2.8240 19.6716
2.8260 19.6878
2.8280 19.7041
2.8300 19.7204
2.8320 19.7367
2.8340 19.7529
2.8360 19.7692
2.8380 19.7855
2.8400 19.8018
2.8420 19.8180
2.8440 19.8343
2.8460 19.8506
2.8480 19.8669
2.8500 19.8832
2.8520 19.8994
2.8540 19.9157
2.8560 19.9320
2.8580 19.9483
2.8600 19.9645
2.8620 19.9808
2.8640 19.9971
2.8660 20.0134
2.8680 20.0297
2.8700 20.0459
2.8720 20.0622
2.8740 20.0785
2.8760 20.0948
2.8780 20.1110
2.8800 20.1273
2.8820 20.1436
2.8840 20.1599
2.8860 20.1761
2.8880 20.1924
2.8900 20.2087
2.8920 20.2250
2.8940 20.2413
2.8960 20.2575
2.8980 20.2738
2.9000 20.2901
2.9020 20.3064
2.9040 20.3226
2.9060 20.3389
2.9080 20.3552
2.9100 20.3715
2.9120 20.3877
2.9140 20.4040
2.9160 20.4203
2.9180 20.4366
2.9200 20.4529
2.9220 20.4691
2.9240 20.4854
2.9260 20.5017
2.9280 20.5180
2.9300 20.5342
2.9320 20.5505
2.9340 20.5668
2.9360 20.5831
2.9380 20.5994
2.9400 20.6156
2.9420 20.6319
2.9440 20.6482
2.9460 20.6645
2.9480 20.6807
2.9500 20.6970
2.9520 20.7133
2.9540 20.7296
2.9560 20.7458
2.9580 20.7621
2.9600 20.7784
2.9620 20.7947
2.9640 20.8110
2.9660 20.8272
2.9680 20.8435
2.9700 20.8598
2.9720 20.8761
2.9740 20.8923
2.9760 20.9086
2.9780 20.9249
2.9800 20.9412
2.9820 20.9575
2.9840 20.9737
2.9860 20.9900
2.9880 21.0063
2.9900 21.0226
2.9920 21.0388
2.9940 21.0551
2.9960 21.0714
2.9980 21.0877
3.0000 21.1039
3.0020 21.1202
3.0040 21.1365
3.0060 21.1528
3.0080 21.1691
3.0100 21.1853
3.0120 21.2016
3.0140 21.2179
3.0160 21.2342
3.0180 21.2504
3.0200 21.2667
3.0220 21.2830
3.0240 21.2993
3.0260 21.3155
3.0280 21.3318
3.0300 21.3481
3.0320 21.3644
3.0340 21.3807
3.0360 21.3969
3.0380 21.4132
3.0400 21.4295
3.0420 21.4458
3.0440 21.4620
3.0460 21.4783
3.0480 21.4946
3.0500 21.5109
3.0520 21.5272
3.0540 21.5434
3.0560 21.5597
3.0580 21.5760
3.0600 21.5923
3.0620 21.6085
3.0640 21.6248
3.0660 21.6411
3.0680 21.6574
3.0700 21.6736
3.0720 21.6899
3.0740 21.7062
3.0760 21.7225
3.0780 21.7388
3.0800 21.7550
3.0820 21.7713
3.0840 21.7876
3.0860 21.8039
3.0880 21.8201
3.0900 21.8364
3.0920 21.8527
3.0940 21.8690
3.0960 21.8853
3.0980 21.9015
3.1000 21.9178
3.1020 21.9341
3.1040 21.9504
3.1060 21.9666
3.1080 21.9829
3.1100 21.9992
3.1120 22.0155
3.1140 22.0317
3.1160 22.0480
3.1180 22.0643
3.1200 22.0806
3.1220 22.0969
3.1240 22.1131
3.1260 22.1294
3.1280 22.1457
3.1300 22.1620
3.1320 22.1782
3.1340 22.1945
3.1360 22.2108
3.1380 22.2271
3.1400 22.2433
3.1420 22.2596
3.1440 22.2759
3.1460 22.2922
3.1480 22.3085
3.1500 22.3247
3.1520 22.3410
3.1540 22.3573
3.1560 22.3736
3.1580 22.3898
3.1600 22.4061
3.1620 22.4224
3.1640 22.4387
3.1660 22.4550
3.1680 22.4712
3.1700 22.4875
3.1720 22.5038
3.1740 22.5201
3.1760 22.5363
3.1780 22.5526
3.1800 22.5689
3.1820 22.5852
3.1840 22.6014
3.1860 22.6177
3.1880 22.6340
3.1900 22.6503
3.1920 22.6666
3.1940 22.6828
3.1960 22.6991
3.1980 22.7154
3.2000 22.7317
3.2020 22.7479
3.2040 22.7642
3.2060 22.7805
3.2080 22.7968
3.2100 22.8130
3.2120 22.8293
3.2140 22.8456
3.2160 22.8619
3.2180 22.8782
3.2200 22.8944
3.2220 22.9107
3.2240 22.9270
3.2260 22.9433
3.2280 22.9595
3.2300 22.9758
3.2320 22.9921
3.2340 23.0084
3.2360 23.0247
3.2380 23.0409
3.2400 23.0572
3.2420 23.0735
3.2440 23.0898
3.2460 23.1060
3.2480 23.1223
3.2500 23.1386
3.2520 23.1549
3.2540 23.1711
3.2560 23.1874
3.2580 23.2037
3.2600 23.2200
3.2620 23.2363
3.2640 23.2525
3.2660 23.2688
3.2680 23.2851
3.2700 23.3014
3.2720 23.3176
3.2740 23.3339
3.2760 23.3502
3.2780 23.3665
3.2800 23.3828
3.2820 23.3990
3.2840 23.4153
3.2860 23.4316
3.2880 23.4479
3.2900 23.4641
3.2920 23.4804
3.2940 23.4967
3.2960 23.5130
3.2980 23.5292
3.3000 23.5455
3.3020 23.5618
3.3040 23.5781
3.3060 23.5944
3.3080 23.6106
3.3100 23.6269
3.3120 23.6432
3.3140 23.6595
3.3160 23.6757
3.3180 23.6920
3.3200 23.7083
3.3220 23.7246
3.3240 23.7408
3.3260 23.7571
3.3280 23.7734
3.3300 23.7897
3.3320 23.8060
3.3340 23.8222
3.3360 23.8385
3.3380 23.8548
3.3400 23.8711
3.3420 23.8873
3.3440 23.9036
3.3460 23.9199
3.3480 23.9362
3.3500 23.9525
3.3520 23.9687
3.3540 23.9850
3.3560 24.0013
3.3580 24.0176
3.3600 24.0338
3.3620 24.0501
3.3640 24.0664
3.3660 24.0827
3.3680 24.0989
3.3700 24.1152
3.3720 24.1315
3.3740 24.1478
3.3760 24.1641
3.3780 24.1803
3.3800 24.1966
3.3820 24.2129
3.3840 24.2292
3.3860 24.2454
3.3880 24.2617
3.3900 24.2780
3.3920 24.2943
3.3940 24.3106
3.3960 24.3268
3.3980 24.3431
3.4000 24.3594
3.4020 24.3757
3.4040 24.3919
3.4060 24.4082
3.4080 24.4245
3.4100 24.4408
3.4120 24.4570
3.4140 24.4733
3.4160 24.4896
3.4180 24.5059
3.4200 24.5222
3.4220 24.5384
3.4240 24.5547
3.4260 24.5710
3.4280 24.5873
3.4300 24.6035
3.4320 24.6198
3.4340 24.6361
3.4360 24.6524
3.4380 24.6686
3.4400 24.6849
3.4420 24.7012
3.4440 24.7175
3.4460 24.7338
3.4480 24.7500
3.4500 24.7663
3.4520 24.7826
3.4540 24.7989
3.4560 24.8151
3.4580 24.8314
3.4600 24.8477
3.4620 24.8640
3.4640 24.8803
3.4660 24.8965
3.4680 24.9128
3.4700 24.9291
3.4720 24.9454
3.4740 24.9616
3.4760 24.9779
3.4780 24.9942
3.4800 25.0105
3.4820 25.0267
3.4840 25.0430
3.4860 25.0593
3.4880 25.0756
3.4900 25.0919
3.4920 25.1081
3.4940 25.1244
3.4960 25.1407
3.4980 25.1570
3.5000 25.1732
3.5020 25.1895
3.5040 25.2058
3.5060 25.2221
3.5080 25.2384
3.5100 25.2546
3.5120 25.2709
3.5140 25.2872
3.5160 25.3035
3.5180 25.3197
3.5200 25.3360
3.5220 25.3523
3.5240 25.3686
3.5260 25.3848
3.5280 25.4011
3.5300 25.4174
3.5320 25.4337
3.5340 25.4500
3.5360 25.4662
3.5380 25.4825
3.5400 25.4988
3.5420 25.5151
3.5440 25.5313
3.5460 25.5476
3.5480 25.5639
3.5500 25.5802
3.5520 25.5964
3.5540 25.6127
3.5560 25.6290
3.5580 25.6453
3.5600 25.6616
3.5620 25.6778
3.5640 25.6941
3.5660 25.7104
3.5680 25.7267
3.5700 25.7429
3.5720 25.7592
3.5740 25.7755
3.5760 25.7918
3.5780 25.8081
3.5800 25.8243
3.5820 25.8406
3.5840 25.8569
3.5860 25.8732
3.5880 25.8894
3.5900 25.9057
3.5920 25.9220
3.5940 25.9383
3.5960 25.9545
3.5980 25.9708
3.6000 25.9871
3.6020 26.0034
3.6040 26.0197
3.6060 26.0359
3.6080 26.0522
3.6100 26.0685
3.6120 26.0848
3.6140 26.1010
3.6160 26.1173
3.6180 26.1336
3.6200 26.1499
3.6220 26.1662
3.6240 26.1824
3.6260 26.1987
3.6280 26.2150
3.6300 26.2313
3.6320 26.2475
3.6340 26.2638
3.6360 26.2801
3.6380 26.2964
3.6400 26.3126
3.6420 26.3289
3.6440 26.3452
3.6460 26.3615
3.6480 26.3778
3.6500 26.3940
3.6520 26.4103
3.6540 26.4266
3.6560 26.4429
3.6580 26.4591
3.6600 26.4754
3.6620 26.4917
3.6640 26.5080
3.6660 26.5242
3.6680 26.5405
3.6700 26.5568
3.6720 26.5731
3.6740 26.5894
3.6760 26.6056
3.6780 26.6219
3.6800 26.6382
3.6820 26.6545
3.6840 26.6707
3.6860 26.6870
3.6880 26.7033
3.6900 26.7195
3.6920 26.7357
3.6940 26.7518
3.6960 26.7679
3.6980 26.7840
3.7000 26.8000
3.7020 26.8160
3.7040 26.8319
3.7060 26.8478
3.7080 26.8637
3.7100 26.8795
3.7120 26.8953
3.7140 26.9110
3.7160 26.9267
3.7180 26.9424
3.7200 26.9580
3.7220 26.9736
3.7240 26.9891
3.7260 27.0046
3.7280 27.0201
3.7300 27.0355
3.7320 27.0509
3.7340 27.0662
3.7360 27.0815
3.7380 27.0968
3.7400 27.1120
3.7420 27.1272
3.7440 27.1423
3.7460 27.1574
3.7480 27.1725
3.7500 27.1875
3.7520 27.2025
3.7540 27.2174
3.7560 27.2323
3.7580 27.2472
3.7600 27.2620
3.7620 27.2768
3.7640 27.2915
3.7660 27.3062
3.7680 27.3209
3.7700 27.3355
3.7720 27.3501
3.7740 27.3646
3.7760 27.3791
3.7780 27.3936
3.7800 27.4080
3.7820 27.4224
3.7840 27.4367
3.7860 27.4510
3.7880 27.4653
3.7900 27.4795
3.7920 27.4937
3.7940 27.5078
3.7960 27.5219
3.7980 27.5360
3.8000 27.5500
3.8020 27.5640
3.8040 27.5779
3.8060 27.5918
3.8080 27.6057
3.8100 27.6195
3.8120 27.6333
3.8140 27.6470
3.8160 27.6607
3.8180 27.6744
3.8200 27.6880
3.8220 27.7016
3.8240 27.7151
3.8260 27.7286
3.8280 27.7421
3.8300 27.7555
3.8320 27.7689
3.8340 27.7822
3.8360 27.7955
3.8380 27.8088
3.8400 27.8220
3.8420 27.8352
3.8440 27.8483
3.8460 27.8614
3.8480 27.8745
3.8500 27.8875
3.8520 27.9005
3.8540 27.9134
3.8560 27.9263
3.8580 27.9392
3.8600 27.9520
3.8620 27.9648
3.8640 27.9775
3.8660 27.9902
3.8680 28.0029
3.8700 28.0155
3.8720 28.0281
3.8740 28.0406
3.8760 28.0531
3.8780 28.0656
3.8800 28.0780
3.8820 28.0904
3.8840 28.1027
3.8860 28.1150
3.8880 28.1273
3.8900 28.1395
3.8920 28.1517
3.8940 28.1638
3.8960 28.1759
3.8980 28.1880
3.9000 28.2000
3.9020 28.2120
3.9040 28.2239
3.9060 28.2358
3.9080 28.2477
3.9100 28.2595
3.9120 28.2713
3.9140 28.2830
3.9160 28.2947
3.9180 28.3064
3.9200 28.3180
3.9220 28.3296
3.9240 28.3411
3.9260 28.3526
3.9280 28.3641
3.9300 28.3755
3.9320 28.3869
3.9340 28.3982
3.9360 28.4095
3.9380 28.4208
3.9400 28.4320
3.9420 28.4432
3.9440 28.4543
3.9460 28.4654
3.9480 28.4765
3.9500 28.4875
3.9520 28.4985
3.9540 28.5094
3.9560 28.5203
3.9580 28.5312
3.9600 28.5420
3.9620 28.5528
3.9640 28.5635
3.9660 28.5742
3.9680 28.5849
3.9700 28.5955
3.9720 28.6061
3.9740 28.6166
3.9760 28.6271
3.9780 28.6376
3.9800 28.6480
3.9820 28.6584
3.9840 28.6687
3.9860 28.6790
3.9880 28.6893
3.9900 28.6995
3.9920 28.7097
3.9940 28.7198
3.9960 28.7299
3.9980 28.7400
4.0000 28.7500
4.0020 28.7600
4.0040 28.7699
4.0060 28.7798
4.0080 28.7897
4.0100 28.7995
4.0120 28.8093
4.0140 28.8190
4.0160 28.8287
4.0180 28.8384
4.0200 28.8480
4.0220 28.8576
4.0240 28.8671
4.0260 28.8766
4.0280 28.8861
4.0300 28.8955
4.0320 28.9049
4.0340 28.9142
4.0360 28.9235
4.0380 28.9328
4.0400 28.9420
4.0420 28.9512
4.0440 28.9603
4.0460 28.9694
4.0480 28.9785
4.0500 28.9875
4.0520 28.9965
4.0540 29.0054
4.0560 29.0143
4.0580 29.0232
4.0600 29.0320
4.0620 29.0408
4.0640 29.0495
4.0660 29.0582
4.0680 29.0669
4.0700 29.0755
4.0720 29.0841
4.0740 29.0926
4.0760 29.1011
4.0780 29.1096
4.0800 29.1180
4.0820 29.1264
4.0840 29.1347
4.0860 29.1430
4.0880 29.1513
4.0900 29.1595
4.0920 29.1677
4.0940 29.1758
4.0960 29.1839
4.0980 29.1920
4.1000 29.2000
4.1020 29.2080
4.1040 29.2159
4.1060 29.2238
4.1080 29.2317
4.1100 29.2395
4.1120 29.2473
4.1140 29.2550
4.1160 29.2627
4.1180 29.2704
4.1200 29.2780
4.1220 29.2856
4.1240 29.2931
4.1260 29.3006
4.1280 29.3081
4.1300 29.3155
4.1320 29.3229
4.1340 29.3302
4.1360 29.3375
4.1380 29.3448
4.1400 29.3520
4.1420 29.3592
4.1440 29.3663
4.1460 29.3734
4.1480 29.3805
4.1500 29.3875
4.1520 29.3945
4.1540 29.4014
4.1560 29.4083
4.1580 29.4152
4.1600 29.4220
4.1620 29.4288
4.1640 29.4355
4.1660 29.4422
4.1680 29.4489
4.1700 29.4555
4.1720 29.4621
4.1740 29.4686
4.1760 29.4751
4.1780 29.4816
4.1800 29.4880
4.1820 29.4944
4.1840 29.5007
4.1860 29.5070
4.1880 29.5133
4.1900 29.5195
4.1920 29.5257
4.1940 29.5318
4.1960 29.5379
4.1980 29.5440
4.2000 29.5500
4.2020 29.5560
4.2040 29.5619
4.2060 29.5678
4.2080 29.5737
4.2100 29.5795
4.2120 29.5853
4.2140 29.5910
4.2160 29.5967
4.2180 29.6024
4.2200 29.6080
4.2220 29.6136
4.2240 29.6191
4.2260 29.6246
4.2280 29.6301
4.2300 29.6355
4.2320 29.6409
4.2340 29.6462
4.2360 29.6515
4.2380 29.6568
4.2400 29.6620
4.2420 29.6672
4.2440 29.6723
4.2460 29.6774
4.2480 29.6825
4.2500 29.6875
4.2520 29.6925
4.2540 29.6974
4.2560 29.7023
4.2580 29.7072
4.2600 29.7120
4.2620 29.7168
4.2640 29.7215
4.2660 29.7262
4.2680 29.7309
4.2700 29.7355
4.2720 29.7401
4.2740 29.7446
4.2760 29.7491
4.2780 29.7536
4.2800 29.7580
4.2820 29.7624
4.2840 29.7667
4.2860 29.7710
4.2880 29.7753
4.2900 29.7795
4.2920 29.7837
4.2940 29.7878
4.2960 29.7919
4.2980 29.7960
4.3000 29.8000
4.3020 29.8040
4.3040 29.8079
4.3060 29.8118
4.3080 29.8157
4.3100 29.8195
4.3120 29.8233
4.3140 29.8270
4.3160 29.8307
4.3180 29.8344
4.3200 29.8380
4.3220 29.8416
4.3240 29.8451
4.3260 29.8486
4.3280 29.8521
4.3300 29.8555
4.3320 29.8589
4.3340 29.8622
4.3360 29.8655
4.3380 29.8688
4.3400 29.8720
4.3420 29.8752
4.3440 29.8783
4.3460 29.8814
4.3480 29.8845
4.3500 29.8875
4.3520 29.8905
4.3540 29.8934
4.3560 29.8963
4.3580 29.8992
4.3600 29.9020
4.3620 29.9048
4.3640 29.9075
4.3660 29.9102
4.3680 29.9129
4.3700 29.9155
4.3720 29.9181
4.3740 29.9206
4.3760 29.9231
4.3780 29.9256
4.3800 29.9280
4.3820 29.9304
4.3840 29.9327
4.3860 29.9350
4.3880 29.9373
4.3900 29.9395
4.3920 29.9417
4.3940 29.9438
4.3960 29.9459
4.3980 29.9480
4.4000 29.9500
4.4020 29.9520
4.4040 29.9539
4.4060 29.9558
4.4080 29.9577
4.4100 29.9595
4.4120 29.9613
4.4140 29.9630
4.4160 29.9647
4.4180 29.9664
4.4200 29.9680
4.4220 29.9696
4.4240 29.9711
4.4260 29.9726
4.4280 29.9741
4.4300 29.9755
4.4320 29.9769
4.4340 29.9782
4.4360 29.9795
4.4380 29.9808
4.4400 29.9820
4.4420 29.9832
4.4440 29.9843
4.4460 29.9854
4.4480 29.9865
4.4500 29.9875
4.4520 29.9885
4.4540 29.9894
4.4560 29.9903
4.4580 29.9912
4.4600 29.9920
4.4620 29.9928
4.4640 29.9935
4.4660 29.9942
4.4680 29.9949
4.4700 29.9955
4.4720 29.9961
4.4740 29.9966
4.4760 29.9971
4.4780 29.9976
4.4800 29.9980
4.4820 29.9984
4.4840 29.9987
4.4860 29.9990
4.4880 29.9993
4.4900 29.9995
4.4920 29.9997
4.4940 29.9998
4.4960 29.9999
4.4980 30.0000
4.5000 30.0000
