0.0000 0.0000
0.0020 0.0200
0.0040 0.0400
0.0060 0.0600
0.0080 0.0800
0.0100 0.1000
0.0120 0.1200
0.0140 0.1400
0.0160 0.1600
0.0180 0.1800
0.0200 0.2000
0.0220 0.2200
0.0240 0.2400
0.0260 0.2600
0.0280 0.2800
0.0300 0.3000
0.0320 0.3200
0.0340 0.3400
0.0360 0.3600
0.0380 0.3800
0.0400 0.4000
0.0420 0.4200
0.0440 0.4400
0.0460 0.4600
0.0480 0.4800
0.0500 0.5000
0.0520 0.5200
0.0540 0.5400
0.0560 0.5600
0.0580 0.5800
0.0600 0.6000
0.0620 0.6200
0.0640 0.6400
0.0660 0.6600
0.0680 0.6800
0.0700 0.7000
0.0720 0.7200
0.0740 0.7400
0.0760 0.7600
0.0780 0.7800
0.0800 0.8000
0.0820 0.8200
0.0840 0.8400
0.0860 0.8600
0.0880 0.8800
0.0900 0.9000
0.0920 0.9200
0.0940 0.9400
0.0960 0.9600
0.0980 0.9800
0.1000 1.0000
0.1020 1.0200
0.1040 1.0400
0.1060 1.0600
0.1080 1.0800
0.1100 1.1000
0.1120 1.1200
0.1140 1.1400
0.1160 1.1600
0.1180 1.1800
0.1200 1.2000
0.1220 1.2200
0.1240 1.2400
0.1260 1.2600
0.1280 1.2800
0.1300 1.3000
0.1320 1.3200
0.1340 1.3400
0.1360 1.3600
0.1380 1.3800
0.1400 1.4000
0.1420 1.4200
0.1440 1.4400
0.1460 1.4600
0.1480 1.4800
0.1500 1.5000
0.1520 1.5200
0.1540 1.5400
0.1560 1.5600
0.1580 1.5800
0.1600 1.6000
0.1620 1.6200
0.1640 1.6400
0.1660 1.6600
0.1680 1.6800
0.1700 1.7000
0.1720 1.7200
0.1740 1.7400
0.1760 1.7600
0.1780 1.7800
0.1800 1.8000
0.1820 1.8200
0.1840 1.8400
0.1860 1.8600
0.1880 1.8800
0.1900 1.9000
0.1920 1.9200
0.1940 1.9400
0.1960 1.9600
0.1980 1.9800
0.2000 2.0000
0.2020 2.0200
0.2040 2.0400
0.2060 2.0600
0.2080 2.0800
0.2100 2.1000
0.2120 2.1200
0.2140 2.1400
0.2160 2.1600
0.2180 2.1800
0.2200 2.2000
0.2220 2.2200
0.2240 2.2400
0.2260 2.2600
0.2280 2.2800
0.2300 2.3000
0.2320 2.3200
0.2340 2.3400
0.2360 2.3600
0.2380 2.3800
0.2400 2.4000
0.2420 2.4200
0.2440 2.4400
0.2460 2.4600
0.2480 2.4800
0.2500 2.5000
0.2520 2.5200
0.2540 2.5400
0.2560 2.5600
0.2580 2.5800
0.2600 2.6000
0.2620 2.6200
0.2640 2.6400
0.2660 2.6600
0.2680 2.6800
0.2700 2.7000
0.2720 2.7200
0.2740 2.7400
0.2760 2.7600
0.2780 2.7800
0.2800 2.8000
0.2820 2.8200
0.2840 2.8400
0.2860 2.8600
0.2880 2.8800
0.2900 2.9000
0.2920 2.9200
0.2940 2.9400
0.2960 2.9600
0.2980 2.9800
0.3000 3.0000
0.3020 3.0200
0.3040 3.0400
0.3060 3.0600
0.3080 3.0800
0.3100 3.1000
0.3120 3.1200
0.3140 3.1400
0.3160 3.1600
0.3180 3.1800
0.3200 3.2000
0.3220 3.2200
0.3240 3.2400
0.3260 3.2600
0.3280 3.2800
0.3300 3.3000
0.3320 3.3200
0.3340 3.3400
0.3360 3.3600
0.3380 3.3800
0.3400 3.4000
0.3420 3.4200
0.3440 3.4400
0.3460 3.4600
0.3480 3.4800
0.3500 3.5000
0.3520 3.5200
0.3540 3.5400
0.3560 3.5600
0.3580 3.5800
0.3600 3.6000
0.3620 3.6200
0.3640 3.6400
0.3660 3.6600
0.3680 3.6800
0.3700 3.7000
0.3720 3.7200
0.3740 3.7400
0.3760 3.7600
0.3780 3.7800
0.3800 3.8000
0.3820 3.8200
0.3840 3.8400
0.3860 3.8600
0.3880 3.8800
0.3900 3.9000
0.3920 3.9200
0.3940 3.9400
0.3960 3.9600
0.3980 3.9800
0.4000 4.0000
0.4020 4.0200
0.4040 4.0400
0.4060 4.0600
0.4080 4.0800
0.4100 4.1000
0.4120 4.1200
0.4140 4.1400
0.4160 4.1600
0.4180 4.1800
0.4200 4.2000
0.4220 4.2200
0.4240 4.2400
0.4260 4.2600
0.4280 4.2800
0.4300 4.3000
0.4320 4.3200
0.4340 4.3400
0.4360 4.3600
0.4380 4.3800
0.4400 4.4000
0.4420 4.4200
0.4440 4.4400
0.4460 4.4600
0.4480 4.4800
0.4500 4.5000
0.4520 4.5200
0.4540 4.5400
0.4560 4.5600
0.4580 4.5800
0.4600 4.6000
0.4620 4.6200
0.4640 4.6400
0.4660 4.6600
0.4680 4.6800
0.4700 4.7000
0.4720 4.7200
0.4740 4.7400
0.4760 4.7600
0.4780 4.7800
0.4800 4.8000
0.4820 4.8200
0.4840 4.8400
0.4860 4.8600
0.4880 4.8800
0.4900 4.9000
0.4920 4.9200
0.4940 4.9400
0.4960 4.9600
0.4980 4.9800
0.5000 5.0000
0.5020 5.0200
0.5040 5.0400
0.5060 5.0600
0.5080 5.0800
0.5100 5.1000
0.5120 5.1200
0.5140 5.1400
0.5160 5.1600
0.5180 5.1800
0.5200 5.2000
0.5220 5.2200
0.5240 5.2400
0.5260 5.2600
0.5280 5.2800
0.5300 5.3000
0.5320 5.3200
0.5340 5.3400
0.5360 5.3600
0.5380 5.3800
0.5400 5.4000
0.5420 5.4200
0.5440 5.4400
0.5460 5.4600
0.5480 5.4800
0.5500 5.5000
0.5520 5.5200
0.5540 5.5400
0.5560 5.5600
0.5580 5.5800
0.5600 5.6000
0.5620 5.6200
0.5640 5.6400
0.5660 5.6600
0.5680 5.6800
0.5700 5.7000
0.5720 5.7200
0.5740 5.7400
0.5760 5.7600
0.5780 5.7800
0.5800 5.8000
0.5820 5.8200
0.5840 5.8400
0.5860 5.8600
0.5880 5.8800
0.5900 5.9000
0.5920 5.9200
0.5940 5.9400
0.5960 5.9600
0.5980 5.9800
0.6000 6.0000
0.6020 6.0200
0.6040 6.0400
0.6060 6.0600
0.6080 6.0800
0.6100 6.1000
0.6120 6.1200
0.6140 6.1400
0.6160 6.1600
0.6180 6.1800
0.6200 6.2000
0.6220 6.2200
0.6240 6.2400
0.6260 6.2600
0.6280 6.2800
0.6300 6.3000
0.6320 6.3200
0.6340 6.3400
0.6360 6.3600
0.6380 6.3800
0.6400 6.4000
0.6420 6.4200
0.6440 6.4400
0.6460 6.4600
0.6480 6.4800
0.6500 6.5000
0.6520 6.5200
0.6540 6.5400
0.6560 6.5600
0.6580 6.5800
0.6600 6.6000
0.6620 6.6200
0.6640 6.6400
0.6660 6.6600
0.6680 6.6800
0.6700 6.7000
0.6720 6.7200
0.6740 6.7400
0.6760 6.7600
0.6780 6.7800
0.6800 6.8000
0.6820 6.8200
0.6840 6.8400
0.6860 6.8600
0.6880 6.8800
0.6900 6.9000
0.6920 6.9200
0.6940 6.9400
0.6960 6.9600
0.6980 6.9800
0.7000 7.0000
0.7020 7.0200
0.7040 7.0400
0.7060 7.0600
0.7080 7.0800
0.7100 7.1000
0.7120 7.1200
0.7140 7.1400
0.7160 7.1600
0.7180 7.1800
0.7200 7.2000
0.7220 7.2200
0.7240 7.2400
0.7260 7.2600
0.7280 7.2800
0.7300 7.3000
0.7320 7.3200
0.7340 7.3400
0.7360 7.3600
0.7380 7.3800
0.7400 7.4000
0.7420 7.4200
0.7440 7.4400
0.7460 7.4600
0.7480 7.4800
0.7500 7.5000
0.7520 7.5200
0.7540 7.5400
0.7560 7.5600
0.7580 7.5800
0.7600 7.6000
0.7620 7.6200
0.7640 7.6400
0.7660 7.6600
0.7680 7.6800
0.7700 7.7000
0.7720 7.7200
0.7740 7.7400
0.7760 7.7600
0.7780 7.7800
0.7800 7.8000
0.7820 7.8200
0.7840 7.8400
0.7860 7.8600
0.7880 7.8800
0.7900 7.9000
0.7920 7.9200
0.7940 7.9400
0.7960 7.9600
0.7980 7.9800
0.8000 8.0000
0.8020 8.0200
0.8040 8.0400
0.8060 8.0600
0.8080 8.0800
0.8100 8.1000
0.8120 8.1200
0.8140 8.1386
0.8160 8.1386
0.8180 8.1386
0.8200 8.1386
0.8220 8.1386
0.8240 8.1386
0.8260 8.1386
0.8280 8.1386
0.8300 8.1386
0.8320 8.1386
0.8340 8.1386
0.8360 8.1386
0.8380 8.1386
0.8400 8.1386
0.8420 8.1386
0.8440 8.1386
0.8460 8.1386
0.8480 8.1386
0.8500 8.1386
0.8520 8.1386
0.8540 8.1386
0.8560 8.1386
0.8580 8.1386
0.8600 8.1386
0.8620 8.1386
0.8640 8.1386
0.8660 8.1386
0.8680 8.1386
0.8700 8.1386
0.8720 8.1386
0.8740 8.1386
0.8760 8.1386
0.8780 8.1386
0.8800 8.1386
0.8820 8.1386
0.8840 8.1386
0.8860 8.1386
0.8880 8.1386
0.8900 8.1386
0.8920 8.1386
0.8940 8.1386
0.8960 8.1386
0.8980 8.1386
0.9000 8.1386
0.9020 8.1386
0.9040 8.1386
0.9060 8.1386
0.9080 8.1386
0.9100 8.1386
0.9120 8.1386
0.9140 8.1386
0.9160 8.1386
0.9180 8.1386
0.9200 8.1386
0.9220 8.1386
0.9240 8.1386
0.9260 8.1386
0.9280 8.1386
0.9300 8.1386
0.9320 8.1386
0.9340 8.1386
0.9360 8.1386
0.9380 8.1386
0.9400 8.1386
0.9420 8.1386
0.9440 8.1386
0.9460 8.1386
0.9480 8.1386
0.9500 8.1386
0.9520 8.1386
0.9540 8.1386
0.9560 8.1386
0.9580 8.1386
0.9600 8.1386
0.9620 8.1386
0.9640 8.1386
0.9660 8.1386
0.9680 8.1386
0.9700 8.1386
0.9720 8.1386
0.9740 8.1386
0.9760 8.1386
0.9780 8.1386
0.9800 8.1386
0.9820 8.1386
0.9840 8.1386
0.9860 8.1386
0.9880 8.1386
0.9900 8.1386
0.9920 8.1386
0.9940 8.1386
0.9960 8.1386
0.9980 8.1386
1.0000 8.1386
1.0020 8.1386
1.0040 8.1386
1.0060 8.1386
1.0080 8.1386
1.0100 8.1386
1.0120 8.1386
1.0140 8.1386
1.0160 8.1386
1.0180 8.1386
1.0200 8.1386
1.0220 8.1386
1.0240 8.1386
1.0260 8.1386
1.0280 8.1386
1.0300 8.1386
1.0320 8.1386
1.0340 8.1386
1.0360 8.1386
1.0380 8.1386
1.0400 8.1386
1.0420 8.1386
1.0440 8.1386
1.0460 8.1386
1.0480 8.1386
1.0500 8.1386
1.0520 8.1386
1.0540 8.1386
1.0560 8.1386
1.0580 8.1386
1.0600 8.1386
1.0620 8.1386
1.0640 8.1386
1.0660 8.1386
1.0680 8.1386
1.0700 8.1386
1.0720 8.1386
1.0740 8.1386
1.0760 8.1386
1.0780 8.1386
1.0800 8.1386
1.0820 8.1386
1.0840 8.1386
1.0860 8.1386
1.0880 8.1386
1.0900 8.1386
1.0920 8.1386
1.0940 8.1386
1.0960 8.1386
1.0980 8.1386
1.1000 8.1386
1.1020 8.1386
1.1040 8.1386
1.1060 8.1386
1.1080 8.1386
1.1100 8.1386
1.1120 8.1386
1.1140 8.1386
1.1160 8.1386
1.1180 8.1386
1.1200 8.1386
1.1220 8.1386
1.1240 8.1386
1.1260 8.1386
1.1280 8.1386
1.1300 8.1386
1.1320 8.1386
1.1340 8.1386
1.1360 8.1386
1.1380 8.1386
1.1400 8.1386
1.1420 8.1386
1.1440 8.1386
1.1460 8.1386
1.1480 8.1386
1.1500 8.1386
1.1520 8.1386
1.1540 8.1386
1.1560 8.1386
1.1580 8.1386
1.1600 8.1386
1.1620 8.1386
1.1640 8.1386
1.1660 8.1386
1.1680 8.1386
1.1700 8.1386
1.1720 8.1386
1.1740 8.1386
1.1760 8.1386
1.1780 8.1386
1.1800 8.1386
1.1820 8.1386
1.1840 8.1386
1.1860 8.1386
1.1880 8.1386
1.1900 8.1386
1.1920 8.1386
1.1940 8.1386
1.1960 8.1386
1.1980 8.1386
1.2000 8.1386
1.2020 8.1386
1.2040 8.1386
1.2060 8.1386
1.2080 8.1386
1.2100 8.1386
1.2120 8.1386
1.2140 8.1386
1.2160 8.1386
1.2180 8.1386
1.2200 8.1386
1.2220 8.1386
1.2240 8.1386
1.2260 8.1386
1.2280 8.1386
1.2300 8.1386
1.2320 8.1386
1.2340 8.1386
1.2360 8.1386
1.2380 8.1386
1.2400 8.1386
1.2420 8.1386
1.2440 8.1386
1.2460 8.1386
1.2480 8.1386
1.2500 8.1386
1.2520 8.1386
1.2540 8.1386
1.2560 8.1386
1.2580 8.1386
1.2600 8.1386
1.2620 8.1386
1.2640 8.1386
1.2660 8.1386
1.2680 8.1386
1.2700 8.1386
1.2720 8.1386
1.2740 8.1386
1.2760 8.1386
1.2780 8.1386
1.2800 8.1386
1.2820 8.1386
1.2840 8.1386
1.2860 8.1386
1.2880 8.1386
1.2900 8.1386
1.2920 8.1386
1.2940 8.1386
1.2960 8.1386
1.2980 8.1386
1.3000 8.1386
1.3020 8.1386
1.3040 8.1386
1.3060 8.1386
1.3080 8.1386
1.3100 8.1386
1.3120 8.1386
1.3140 8.1386
1.3160 8.1386
1.3180 8.1386
1.3200 8.1386
1.3220 8.1386
1.3240 8.1386
1.3260 8.1386
1.3280 8.1386
1.3300 8.1386
1.3320 8.1386
1.3340 8.1386
1.3360 8.1386
1.3380 8.1386
1.3400 8.1386
1.3420 8.1386
1.3440 8.1386
1.3460 8.1386
1.3480 8.1386
1.3500 8.1386
1.3520 8.1386
1.3540 8.1386
1.3560 8.1386
1.3580 8.1386
1.3600 8.1386
1.3620 8.1386
1.3640 8.1386
1.3660 8.1386
1.3680 8.1386
1.3700 8.1386
1.3720 8.1386
1.3740 8.1386
1.3760 8.1386
1.3780 8.1386
1.3800 8.1386
1.3820 8.1386
1.3840 8.1386
1.3860 8.1386
1.3880 8.1386
1.3900 8.1386
1.3920 8.1386
1.3940 8.1386
1.3960 8.1386
1.3980 8.1386
1.4000 8.1386
1.4020 8.1386
1.4040 8.1386
1.4060 8.1386
1.4080 8.1386
1.4100 8.1386
1.4120 8.1386
1.4140 8.1386
1.4160 8.1386
1.4180 8.1386
1.4200 8.1386
1.4220 8.1386
1.4240 8.1386
1.4260 8.1386
1.4280 8.1386
1.4300 8.1386
1.4320 8.1386
1.4340 8.1386
1.4360 8.1386
1.4380 8.1386
1.4400 8.1386
1.4420 8.1386
1.4440 8.1386
1.4460 8.1386
1.4480 8.1386
1.4500 8.1386
1.4520 8.1386
1.4540 8.1386
1.4560 8.1386
1.4580 8.1386
1.4600 8.1386
1.4620 8.1386
1.4640 8.1386
1.4660 8.1386
1.4680 8.1386
1.4700 8.1386
1.4720 8.1386
1.4740 8.1386
1.4760 8.1386
1.4780 8.1386
1.4800 8.1386
1.4820 8.1386
1.4840 8.1386
1.4860 8.1386
1.4880 8.1386
1.4900 8.1386
1.4920 8.1386
1.4940 8.1386
1.4960 8.1386
1.4980 8.1386
1.5000 8.1386
1.5020 8.1386
1.5040 8.1386
1.5060 8.1386
1.5080 8.1386
1.5100 8.1386
1.5120 8.1386
1.5140 8.1386
1.5160 8.1386
1.5180 8.1386
1.5200 8.1386
1.5220 8.1386
1.5240 8.1386
1.5260 8.1386
1.5280 8.1386
1.5300 8.1386
1.5320 8.1386
1.5340 8.1386
1.5360 8.1386
1.5380 8.1386
1.5400 8.1386
1.5420 8.1386
1.5440 8.1386
1.5460 8.1386
1.5480 8.1386
1.5500 8.1386
1.5520 8.1386
1.5540 8.1386
1.5560 8.1386
1.5580 8.1386
1.5600 8.1386
1.5620 8.1386
1.5640 8.1386
1.5660 8.1386
1.5680 8.1386
1.5700 8.1386
1.5720 8.1386
1.5740 8.1386
1.5760 8.1386
1.5780 8.1386
1.5800 8.1386
1.5820 8.1386
1.5840 8.1386
1.5860 8.1386
1.5880 8.1386
1.5900 8.1386
1.5920 8.1386
1.5940 8.1386
1.5960 8.1386
1.5980 8.1386
1.6000 8.1386
1.6020 8.1386
1.6040 8.1386
1.6060 8.1386
1.6080 8.1386
1.6100 8.1386
1.6120 8.1386
1.6140 8.1386
1.6160 8.1386
1.6180 8.1386
1.6200 8.1386
1.6220 8.1386
1.6240 8.1386
1.6260 8.1386
1.6280 8.1386
1.6300 8.1386
1.6320 8.1386
1.6340 8.1386
1.6360 8.1386
1.6380 8.1386
1.6400 8.1386
1.6420 8.1386
1.6440 8.1386
1.6460 8.1386
1.6480 8.1386
1.6500 8.1386
1.6520 8.1386
1.6540 8.1386
1.6560 8.1386
1.6580 8.1386
1.6600 8.1386
1.6620 8.1386
1.6640 8.1386
1.6660 8.1386
1.6680 8.1386
1.6700 8.1386
1.6720 8.1386
1.6740 8.1386
1.6760 8.1386
1.6780 8.1386
1.6800 8.1386
1.6820 8.1386
1.6840 8.1386
1.6860 8.1386
1.6880 8.1386
1.6900 8.1386
1.6920 8.1386
1.6940 8.1386
1.6960 8.1386
1.6980 8.1386
1.7000 8.1386
1.7020 8.1386
1.7040 8.1386
1.7060 8.1386
1.7080 8.1386
1.7100 8.1386
1.7120 8.1386
1.7140 8.1386
1.7160 8.1386
1.7180 8.1386
1.7200 8.1386
1.7220 8.1386
1.7240 8.1386
1.7260 8.1386
1.7280 8.1386
1.7300 8.1386
1.7320 8.1386
1.7340 8.1386
1.7360 8.1386
1.7380 8.1386
1.7400 8.1386
1.7420 8.1386
1.7440 8.1386
1.7460 8.1386
1.7480 8.1386
1.7500 8.1386
1.7520 8.1386
1.7540 8.1386
1.7560 8.1386
1.7580 8.1386
1.7600 8.1386
1.7620 8.1386
1.7640 8.1386
1.7660 8.1386
1.7680 8.1386
1.7700 8.1386
1.7720 8.1386
1.7740 8.1386
1.7760 8.1386
1.7780 8.1386
1.7800 8.1386
1.7820 8.1386
1.7840 8.1386
1.7860 8.1386
1.7880 8.1386
1.7900 8.1386
1.7920 8.1386
1.7940 8.1386
1.7960 8.1386
1.7980 8.1386
1.8000 8.1386
1.8020 8.1386
1.8040 8.1386
1.8060 8.1386
1.8080 8.1386
1.8100 8.1386
1.8120 8.1386
1.8140 8.1386
1.8160 8.1386
1.8180 8.1386
1.8200 8.1386
1.8220 8.1386
1.8240 8.1386
1.8260 8.1386
1.8280 8.1386
1.8300 8.1386
1.8320 8.1386
1.8340 8.1386
1.8360 8.1386
1.8380 8.1386
1.8400 8.1386
1.8420 8.1386
1.8440 8.1386
1.8460 8.1386
1.8480 8.1386
1.8500 8.1386
1.8520 8.1386
1.8540 8.1386
1.8560 8.1386
1.8580 8.1386
1.8600 8.1386
1.8620 8.1386
1.8640 8.1386
1.8660 8.1386
1.8680 8.1386
1.8700 8.1386
1.8720 8.1386
1.8740 8.1386
1.8760 8.1386
1.8780 8.1386
1.8800 8.1386
1.8820 8.1386
1.8840 8.1386
1.8860 8.1386
1.8880 8.1386
1.8900 8.1386
1.8920 8.1386
1.8940 8.1386
1.8960 8.1386
1.8980 8.1386
1.9000 8.1386
1.9020 8.1386
1.9040 8.1386
1.9060 8.1386
1.9080 8.1386
1.9100 8.1386
1.9120 8.1386
1.9140 8.1386
1.9160 8.1386
1.9180 8.1386
1.9200 8.1386
1.9220 8.1386
1.9240 8.1386
1.9260 8.1386
1.9280 8.1386
1.9300 8.1386
1.9320 8.1386
1.9340 8.1386
1.9360 8.1386
1.9380 8.1386
1.9400 8.1386
1.9420 8.1386
1.9440 8.1386
1.9460 8.1386
1.9480 8.1386
1.9500 8.1386
1.9520 8.1386
1.9540 8.1386
1.9560 8.1386
1.9580 8.1386
1.9600 8.1386
1.9620 8.1386
1.9640 8.1386
1.9660 8.1386
1.9680 8.1386
1.9700 8.1386
1.9720 8.1386
1.9740 8.1386
1.9760 8.1386
1.9780 8.1386
1.9800 8.1386
1.9820 8.1386
1.9840 8.1386
1.9860 8.1386
1.9880 8.1386
1.9900 8.1386
1.9920 8.1386
1.9940 8.1386
1.9960 8.1386
1.9980 8.1386
2.0000 8.1386
2.0020 8.1386
2.0040 8.1386
2.0060 8.1386
2.0080 8.1386
2.0100 8.1386
2.0120 8.1386
2.0140 8.1386
2.0160 8.1386
2.0180 8.1386
2.0200 8.1386
2.0220 8.1386
2.0240 8.1386
2.0260 8.1386
2.0280 8.1386
2.0300 8.1386
2.0320 8.1386
2.0340 8.1386
2.0360 8.1386
2.0380 8.1386
2.0400 8.1386
2.0420 8.1386
2.0440 8.1386
2.0460 8.1386
2.0480 8.1386
2.0500 8.1386
2.0520 8.1386
2.0540 8.1386
2.0560 8.1386
2.0580 8.1386
2.0600 8.1386
2.0620 8.1386
2.0640 8.1386
2.0660 8.1386
2.0680 8.1386
2.0700 8.1386
2.0720 8.1386
2.0740 8.1386
2.0760 8.1386
2.0780 8.1386
2.0800 8.1386
2.0820 8.1386
2.0840 8.1386
2.0860 8.1386
2.0880 8.1386
2.0900 8.1386
2.0920 8.1386
2.0940 8.1386
2.0960 8.1386
2.0980 8.1386
2.1000 8.1386
2.1020 8.1386
2.1040 8.1386
2.1060 8.1386
2.1080 8.1386
2.1100 8.1386
2.1120 8.1386
2.1140 8.1386
2.1160 8.1386
2.1180 8.1386
2.1200 8.1386
2.1220 8.1386
2.1240 8.1386
2.1260 8.1386
2.1280 8.1386
2.1300 8.1386
2.1320 8.1386
2.1340 8.1386
2.1360 8.1386
2.1380 8.1386
2.1400 8.1386
2.1420 8.1386
2.1440 8.1386
2.1460 8.1386
2.1480 8.1386
2.1500 8.1386
2.1520 8.1386
2.1540 8.1386
2.1560 8.1386
2.1580 8.1386
2.1600 8.1386
2.1620 8.1386
2.1640 8.1386
2.1660 8.1386
2.1680 8.1386
2.1700 8.1386
2.1720 8.1386
2.1740 8.1386
2.1760 8.1386
2.1780 8.1386
2.1800 8.1386
2.1820 8.1386
2.1840 8.1386
2.1860 8.1386
2.1880 8.1386
2.1900 8.1386
2.1920 8.1386
2.1940 8.1386
2.1960 8.1386
2.1980 8.1386
2.2000 8.1386
2.2020 8.1386
2.2040 8.1386
2.2060 8.1386
2.2080 8.1386
2.2100 8.1386
2.2120 8.1386
2.2140 8.1386
2.2160 8.1386
2.2180 8.1386
2.2200 8.1386
2.2220 8.1386
2.2240 8.1386
2.2260 8.1386
2.2280 8.1386
2.2300 8.1386
2.2320 8.1386
2.2340 8.1386
2.2360 8.1386
2.2380 8.1386
2.2400 8.1386
2.2420 8.1386
2.2440 8.1386
2.2460 8.1386
2.2480 8.1386
2.2500 8.1386
2.2520 8.1386
2.2540 8.1386
2.2560 8.1386
2.2580 8.1386
2.2600 8.1386
2.2620 8.1386
2.2640 8.1386
2.2660 8.1386
2.2680 8.1386
2.2700 8.1386
2.2720 8.1386
2.2740 8.1386
2.2760 8.1386
2.2780 8.1386
2.2800 8.1386
2.2820 8.1386
2.2840 8.1386
2.2860 8.1386
2.2880 8.1386
2.2900 8.1386
2.2920 8.1386
2.2940 8.1386
2.2960 8.1386
2.2980 8.1386
2.3000 8.1386
2.3020 8.1386
2.3040 8.1386
2.3060 8.1386
2.3080 8.1386
2.3100 8.1386
2.3120 8.1386
2.3140 8.1386
2.3160 8.1386
2.3180 8.1386
2.3200 8.1386
2.3220 8.1386
2.3240 8.1386
2.3260 8.1386
2.3280 8.1386
2.3300 8.1386
2.3320 8.1386
2.3340 8.1386
2.3360 8.1386
2.3380 8.1386
2.3400 8.1386
2.3420 8.1386
2.3440 8.1386
2.3460 8.1386
2.3480 8.1386
2.3500 8.1386
2.3520 8.1386
2.3540 8.1386
2.3560 8.1386
2.3580 8.1386
2.3600 8.1386
2.3620 8.1386
2.3640 8.1386
2.3660 8.1386
2.3680 8.1386
2.3700 8.1386
2.3720 8.1386
2.3740 8.1386
2.3760 8.1386
2.3780 8.1386
2.3800 8.1386
2.3820 8.1386
2.3840 8.1386
2.3860 8.1386
2.3880 8.1386
2.3900 8.1386
2.3920 8.1386
2.3940 8.1386
2.3960 8.1386
2.3980 8.1386
2.4000 8.1386
2.4020 8.1386
2.4040 8.1386
2.4060 8.1386
2.4080 8.1386
2.4100 8.1386
2.4120 8.1386
2.4140 8.1386
2.4160 8.1386
2.4180 8.1386
2.4200 8.1386
2.4220 8.1386
2.4240 8.1386
2.4260 8.1386
2.4280 8.1386
2.4300 8.1386
2.4320 8.1386
2.4340 8.1386
2.4360 8.1386
2.4380 8.1386
2.4400 8.1386
2.4420 8.1386
2.4440 8.1386
2.4460 8.1386
2.4480 8.1386
2.4500 8.1386
2.4520 8.1386
2.4540 8.1386
2.4560 8.1386
2.4580 8.1386
2.4600 8.1386
2.4620 8.1386
2.4640 8.1386
2.4660 8.1386
2.4680 8.1386
2.4700 8.1386
2.4720 8.1386
2.4740 8.1386
2.4760 8.1386
2.4780 8.1386
2.4800 8.1386
2.4820 8.1386
2.4840 8.1386
2.4860 8.1386
2.4880 8.1386
2.4900 8.1386
2.4920 8.1386
2.4940 8.1386
2.4960 8.1386
2.4980 8.1386
2.5000 8.1386
2.5020 8.1386
2.5040 8.1386
2.5060 8.1386
2.5080 8.1386
2.5100 8.1386
2.5120 8.1386
2.5140 8.1386
2.5160 8.1386
2.5180 8.1386
2.5200 8.1386
2.5220 8.1386
2.5240 8.1386
2.5260 8.1386
2.5280 8.1386
2.5300 8.1386
2.5320 8.1386
2.5340 8.1386
2.5360 8.1386
2.5380 8.1386
2.5400 8.1386
2.5420 8.1386
2.5440 8.1386
2.5460 8.1386
2.5480 8.1386
2.5500 8.1386
2.5520 8.1386
2.5540 8.1386
2.5560 8.1386
2.5580 8.1386
2.5600 8.1386
2.5620 8.1386
2.5640 8.1386
2.5660 8.1386
2.5680 8.1386
2.5700 8.1386
2.5720 8.1386
2.5740 8.1386
2.5760 8.1386
2.5780 8.1386
2.5800 8.1386
2.5820 8.1386
2.5840 8.1386
2.5860 8.1386
2.5880 8.1386
2.5900 8.1386
2.5920 8.1386
2.5940 8.1386
2.5960 8.1386
2.5980 8.1386
2.6000 8.1386
2.6020 8.1386
2.6040 8.1386
2.6060 8.1386
2.6080 8.1386
2.6100 8.1386
2.6120 8.1386
2.6140 8.1386
2.6160 8.1386
2.6180 8.1386
2.6200 8.1386
2.6220 8.1386
2.6240 8.1386
2.6260 8.1386
2.6280 8.1386
2.6300 8.1386
2.6320 8.1386
2.6340 8.1386
2.6360 8.1386
2.6380 8.1386
2.6400 8.1386
2.6420 8.1386
2.6440 8.1386
2.6460 8.1386
2.6480 8.1386
2.6500 8.1386
2.6520 8.1386
2.6540 8.1386
2.6560 8.1386
2.6580 8.1386
2.6600 8.1386
2.6620 8.1386
2.6640 8.1386
2.6660 8.1386
2.6680 8.1386
2.6700 8.1386
2.6720 8.1386
2.6740 8.1386
2.6760 8.1386
2.6780 8.1386
2.6800 8.1386
2.6820 8.1386
2.6840 8.1386
2.6860 8.1386
2.6880 8.1386
2.6900 8.1386
2.6920 8.1386
2.6940 8.1386
2.6960 8.1386
2.6980 8.1386
2.7000 8.1386
2.7020 8.1386
2.7040 8.1386
2.7060 8.1386
2.7080 8.1386
2.7100 8.1386
2.7120 8.1386
2.7140 8.1386
2.7160 8.1386
2.7180 8.1386
2.7200 8.1386
2.7220 8.1386
2.7240 8.1386
2.7260 8.1386
2.7280 8.1386
2.7300 8.1386
2.7320 8.1386
2.7340 8.1386
2.7360 8.1386
2.7380 8.1386
2.7400 8.1386
2.7420 8.1386
2.7440 8.1386
2.7460 8.1386
2.7480 8.1386
2.7500 8.1386
2.7520 8.1386
2.7540 8.1386
2.7560 8.1386
2.7580 8.1386
2.7600 8.1386
2.7620 8.1386
2.7640 8.1386
2.7660 8.1386
2.7680 8.1386
2.7700 8.1386
2.7720 8.1386
2.7740 8.1386
2.7760 8.1386
2.7780 8.1386
2.7800 8.1386
2.7820 8.1386
2.7840 8.1386
2.7860 8.1386
2.7880 8.1386
2.7900 8.1386
2.7920 8.1386
2.7940 8.1386
2.7960 8.1386
2.7980 8.1386
2.8000 8.1386
2.8020 8.1386
2.8040 8.1386
2.8060 8.1386
2.8080 8.1386
2.8100 8.1386
2.8120 8.1386
2.8140 8.1386
2.8160 8.1386
2.8180 8.1386
2.8200 8.1386
2.8220 8.1386
2.8240 8.1386
2.8260 8.1386
2.8280 8.1386
2.8300 8.1386
2.8320 8.1386
2.8340 8.1386
2.8360 8.1386
2.8380 8.1386
2.8400 8.1386
2.8420 8.1386
2.8440 8.1386
2.8460 8.1386
2.8480 8.1386
2.8500 8.1386
2.8520 8.1386
2.8540 8.1386
2.8560 8.1386
2.8580 8.1386
2.8600 8.1386
2.8620 8.1386
2.8640 8.1386
2.8660 8.1386
2.8680 8.1386
2.8700 8.1386
2.8720 8.1386
2.8740 8.1386
2.8760 8.1386
2.8780 8.1386
2.8800 8.1386
2.8820 8.1386
2.8840 8.1386
2.8860 8.1386
2.8880 8.1386
2.8900 8.1386
2.8920 8.1386
2.8940 8.1386
2.8960 8.1386
2.8980 8.1386
2.9000 8.1386
2.9020 8.1386
2.9040 8.1386
2.9060 8.1386
2.9080 8.1386
2.9100 8.1386
2.9120 8.1386
2.9140 8.1386
2.9160 8.1386
2.9180 8.1386
2.9200 8.1386
2.9220 8.1386
2.9240 8.1386
2.9260 8.1386
2.9280 8.1386
2.9300 8.1386
2.9320 8.1386
2.9340 8.1386
2.9360 8.1386
2.9380 8.1386
2.9400 8.1386
2.9420 8.1386
2.9440 8.1386
2.9460 8.1386
2.9480 8.1386
2.9500 8.1386
2.9520 8.1386
2.9540 8.1386
2.9560 8.1386
2.9580 8.1386
2.9600 8.1386
2.9620 8.1386
2.9640 8.1386
2.9660 8.1386
2.9680 8.1386
2.9700 8.1386
2.9720 8.1386
2.9740 8.1386
2.9760 8.1386
2.9780 8.1386
2.9800 8.1386
2.9820 8.1386
2.9840 8.1386
2.9860 8.1386
2.9880 8.1386
2.9900 8.1386
2.9920 8.1386
2.9940 8.1386
2.9960 8.1386
2.9980 8.1386
3.0000 8.1386
3.0020 8.1386
3.0040 8.1386
3.0060 8.1386
3.0080 8.1386
3.0100 8.1386
3.0120 8.1386
3.0140 8.1386
3.0160 8.1386
3.0180 8.1386
3.0200 8.1386
3.0220 8.1386
3.0240 8.1386
3.0260 8.1386
3.0280 8.1386
3.0300 8.1386
3.0320 8.1386
3.0340 8.1386
3.0360 8.1386
3.0380 8.1386
3.0400 8.1386
3.0420 8.1386
3.0440 8.1386
3.0460 8.1386
3.0480 8.1386
3.0500 8.1386
3.0520 8.1386
3.0540 8.1386
3.0560 8.1386
3.0580 8.1386
3.0600 8.1386
3.0620 8.1386
3.0640 8.1386
3.0660 8.1386
3.0680 8.1386
3.0700 8.1386
3.0720 8.1386
3.0740 8.1386
3.0760 8.1386
3.0780 8.1386
3.0800 8.1386
3.0820 8.1386
3.0840 8.1386
3.0860 8.1386
3.0880 8.1386
3.0900 8.1386
3.0920 8.1386
3.0940 8.1386
3.0960 8.1386
3.0980 8.1386
3.1000 8.1386
3.1020 8.1386
3.1040 8.1386
3.1060 8.1386
3.1080 8.1386
3.1100 8.1386
3.1120 8.1386
3.1140 8.1386
3.1160 8.1386
3.1180 8.1386
3.1200 8.1386
3.1220 8.1386
3.1240 8.1386
3.1260 8.1386
3.1280 8.1386
3.1300 8.1386
3.1320 8.1386
3.1340 8.1386
3.1360 8.1386
3.1380 8.1386
3.1400 8.1386
3.1420 8.1386
3.1440 8.1386
3.1460 8.1386
3.1480 8.1386
3.1500 8.1386
3.1520 8.1386
3.1540 8.1386
3.1560 8.1386
3.1580 8.1386
3.1600 8.1386
3.1620 8.1386
3.1640 8.1386
3.1660 8.1386
3.1680 8.1386
3.1700 8.1386
3.1720 8.1386
3.1740 8.1386
3.1760 8.1386
3.1780 8.1386
3.1800 8.1386
3.1820 8.1386
3.1840 8.1386
3.1860 8.1386
3.1880 8.1386
3.1900 8.1386
3.1920 8.1386
3.1940 8.1386
3.1960 8.1386
3.1980 8.1386
3.2000 8.1386
3.2020 8.1386
3.2040 8.1386
3.2060 8.1386
3.2080 8.1386
3.2100 8.1386
3.2120 8.1386
3.2140 8.1386
3.2160 8.1386
3.2180 8.1386
3.2200 8.1386
3.2220 8.1386
3.2240 8.1386
3.2260 8.1386
3.2280 8.1386
3.2300 8.1386
3.2320 8.1386
3.2340 8.1386
3.2360 8.1386
3.2380 8.1386
3.2400 8.1386
3.2420 8.1386
3.2440 8.1386
3.2460 8.1386
3.2480 8.1386
3.2500 8.1386
3.2520 8.1386
3.2540 8.1386
3.2560 8.1386
3.2580 8.1386
3.2600 8.1386
3.2620 8.1386
3.2640 8.1386
3.2660 8.1386
3.2680 8.1386
3.2700 8.1386
3.2720 8.1386
3.2740 8.1386
3.2760 8.1386
3.2780 8.1386
3.2800 8.1386
3.2820 8.1386
3.2840 8.1386
3.2860 8.1386
3.2880 8.1386
3.2900 8.1386
3.2920 8.1386
3.2940 8.1386
3.2960 8.1386
3.2980 8.1386
3.3000 8.1386
3.3020 8.1386
3.3040 8.1386
3.3060 8.1386
3.3080 8.1386
3.3100 8.1386
3.3120 8.1386
3.3140 8.1386
3.3160 8.1386
3.3180 8.1386
3.3200 8.1386
3.3220 8.1386
3.3240 8.1386
3.3260 8.1386
3.3280 8.1386
3.3300 8.1386
3.3320 8.1386
3.3340 8.1386
3.3360 8.1386
3.3380 8.1386
3.3400 8.1386
3.3420 8.1386
3.3440 8.1386
3.3460 8.1386
3.3480 8.1386
3.3500 8.1386
3.3520 8.1386
3.3540 8.1386
3.3560 8.1386
3.3580 8.1386
3.3600 8.1386
3.3620 8.1386
3.3640 8.1386
3.3660 8.1386
3.3680 8.1386
3.3700 8.1386
3.3720 8.1386
3.3740 8.1386
3.3760 8.1386
3.3780 8.1386
3.3800 8.1386
3.3820 8.1386
3.3840 8.1386
3.3860 8.1386
3.3880 8.1386
3.3900 8.1386
3.3920 8.1386
3.3940 8.1386
3.3960 8.1386
3.3980 8.1386
3.4000 8.1386
3.4020 8.1386
3.4040 8.1386
3.4060 8.1386
3.4080 8.1386
3.4100 8.1386
3.4120 8.1386
3.4140 8.1386
3.4160 8.1386
3.4180 8.1386
3.4200 8.1386
3.4220 8.1386
3.4240 8.1386
3.4260 8.1386
3.4280 8.1386
3.4300 8.1386
3.4320 8.1386
3.4340 8.1386
3.4360 8.1386
3.4380 8.1386
3.4400 8.1386
3.4420 8.1386
3.4440 8.1386
3.4460 8.1386
3.4480 8.1386
3.4500 8.1386
3.4520 8.1386
3.4540 8.1386
3.4560 8.1386
3.4580 8.1386
3.4600 8.1386
3.4620 8.1386
3.4640 8.1386
3.4660 8.1386
3.4680 8.1386
3.4700 8.1386
3.4720 8.1386
3.4740 8.1386
3.4760 8.1386
3.4780 8.1386
3.4800 8.1386
3.4820 8.1386
3.4840 8.1386
3.4860 8.1386
3.4880 8.1386
3.4900 8.1386
3.4920 8.1386
3.4940 8.1386
3.4960 8.1386
3.4980 8.1386
3.5000 8.1386
3.5020 8.1386
3.5040 8.1386
3.5060 8.1386
3.5080 8.1386
3.5100 8.1386
3.5120 8.1386
3.5140 8.1386
3.5160 8.1386
3.5180 8.1386
3.5200 8.1386
3.5220 8.1386
3.5240 8.1386
3.5260 8.1386
3.5280 8.1386
3.5300 8.1386
3.5320 8.1386
3.5340 8.1386
3.5360 8.1386
3.5380 8.1386
3.5400 8.1386
3.5420 8.1386
3.5440 8.1386
3.5460 8.1386
3.5480 8.1386
3.5500 8.1386
3.5520 8.1386
3.5540 8.1386
3.5560 8.1386
3.5580 8.1386
3.5600 8.1386
3.5620 8.1386
3.5640 8.1386
3.5660 8.1386
3.5680 8.1386
3.5700 8.1386
3.5720 8.1386
3.5740 8.1386
3.5760 8.1386
3.5780 8.1386
3.5800 8.1386
3.5820 8.1386
3.5840 8.1386
3.5860 8.1386
3.5880 8.1386
3.5900 8.1386
3.5920 8.1386
3.5940 8.1386
3.5960 8.1386
3.5980 8.1386
3.6000 8.1386
3.6020 8.1386
3.6040 8.1386
3.6060 8.1386
3.6080 8.1386
3.6100 8.1386
3.6120 8.1386
3.6140 8.1386
3.6160 8.1386
3.6180 8.1386
3.6200 8.1386
3.6220 8.1386
3.6240 8.1386
3.6260 8.1386
3.6280 8.1386
3.6300 8.1386
3.6320 8.1386
3.6340 8.1386
3.6360 8.1386
3.6380 8.1386
3.6400 8.1386
3.6420 8.1386
3.6440 8.1386
3.6460 8.1386
3.6480 8.1386
3.6500 8.1386
3.6520 8.1386
3.6540 8.1386
3.6560 8.1386
3.6580 8.1386
3.6600 8.1386
3.6620 8.1386
3.6640 8.1386
3.6660 8.1386
3.6680 8.1386
3.6700 8.1386
3.6720 8.1386
3.6740 8.1386
3.6760 8.1386
3.6780 8.1386
3.6800 8.1386
3.6820 8.1386
3.6840 8.1386
3.6860 8.1386
3.6880 8.1200
3.6900 8.1000
3.6920 8.0800
3.6940 8.0600
3.6960 8.0400
3.6980 8.0200
3.7000 8.0000
3.7020 7.9800
3.7040 7.9600
3.7060 7.9400
3.7080 7.9200
3.7100 7.9000
3.7120 7.8800
3.7140 7.8600
3.7160 7.8400
3.7180 7.8200
3.7200 7.8000
3.7220 7.7800
3.7240 7.7600
3.7260 7.7400
3.7280 7.7200
3.7300 7.7000
3.7320 7.6800
3.7340 7.6600
3.7360 7.6400
3.7380 7.6200
3.7400 7.6000
3.7420 7.5800
3.7440 7.5600
3.7460 7.5400
3.7480 7.5200
3.7500 7.5000
3.7520 7.4800
3.7540 7.4600
3.7560 7.4400
3.7580 7.4200
3.7600 7.4000
3.7620 7.3800
3.7640 7.3600
3.7660 7.3400
3.7680 7.3200
3.7700 7.3000
3.7720 7.2800
3.7740 7.2600
3.7760 7.2400
3.7780 7.2200
3.7800 7.2000
3.7820 7.1800
3.7840 7.1600
3.7860 7.1400
3.7880 7.1200
3.7900 7.1000
3.7920 7.0800
3.7940 7.0600
3.7960 7.0400
3.7980 7.0200
3.8000 7.0000
3.8020 6.9800
3.8040 6.9600
3.8060 6.9400
3.8080 6.9200
3.8100 6.9000
3.8120 6.8800
3.8140 6.8600
3.8160 6.8400
3.8180 6.8200
3.8200 6.8000
3.8220 6.7800
3.8240 6.7600
3.8260 6.7400
3.8280 6.7200
3.8300 6.7000
3.8320 6.6800
3.8340 6.6600
3.8360 6.6400
3.8380 6.6200
3.8400 6.6000
3.8420 6.5800
3.8440 6.5600
3.8460 6.5400
3.8480 6.5200
3.8500 6.5000
3.8520 6.4800
3.8540 6.4600
3.8560 6.4400
3.8580 6.4200
3.8600 6.4000
3.8620 6.3800
3.8640 6.3600
3.8660 6.3400
3.8680 6.3200
3.8700 6.3000
3.8720 6.2800
3.8740 6.2600
3.8760 6.2400
3.8780 6.2200
3.8800 6.2000
3.8820 6.1800
3.8840 6.1600
3.8860 6.1400
3.8880 6.1200
3.8900 6.1000
3.8920 6.0800
3.8940 6.0600
3.8960 6.0400
3.8980 6.0200
3.9000 6.0000
3.9020 5.9800
3.9040 5.9600
3.9060 5.9400
3.9080 5.9200
3.9100 5.9000
3.9120 5.8800
3.9140 5.8600
3.9160 5.8400
3.9180 5.8200
3.9200 5.8000
3.9220 5.7800
3.9240 5.7600
3.9260 5.7400
3.9280 5.7200
3.9300 5.7000
3.9320 5.6800
3.9340 5.6600
3.9360 5.6400
3.9380 5.6200
3.9400 5.6000
3.9420 5.5800
3.9440 5.5600
3.9460 5.5400
3.9480 5.5200
3.9500 5.5000
3.9520 5.4800
3.9540 5.4600
3.9560 5.4400
3.9580 5.4200
3.9600 5.4000
3.9620 5.3800
3.9640 5.3600
3.9660 5.3400
3.9680 5.3200
3.9700 5.3000
3.9720 5.2800
3.9740 5.2600
3.9760 5.2400
3.9780 5.2200
3.9800 5.2000
3.9820 5.1800
3.9840 5.1600
3.9860 5.1400
3.9880 5.1200
3.9900 5.1000
3.9920 5.0800
3.9940 5.0600
3.9960 5.0400
3.9980 5.0200
4.0000 5.0000
4.0020 4.9800
4.0040 4.9600
4.0060 4.9400
4.0080 4.9200
4.0100 4.9000
4.0120 4.8800
4.0140 4.8600
4.0160 4.8400
4.0180 4.8200
4.0200 4.8000
4.0220 4.7800
4.0240 4.7600
4.0260 4.7400
4.0280 4.7200
4.0300 4.7000
4.0320 4.6800
4.0340 4.6600
4.0360 4.6400
4.0380 4.6200
4.0400 4.6000
4.0420 4.5800
4.0440 4.5600
4.0460 4.5400
4.0480 4.5200
4.0500 4.5000
4.0520 4.4800
4.0540 4.4600
4.0560 4.4400
4.0580 4.4200
4.0600 4.4000
4.0620 4.3800
4.0640 4.3600
4.0660 4.3400
4.0680 4.3200
4.0700 4.3000
4.0720 4.2800
4.0740 4.2600
4.0760 4.2400
4.0780 4.2200
4.0800 4.2000
4.0820 4.1800
4.0840 4.1600
4.0860 4.1400
4.0880 4.1200
4.0900 4.1000
4.0920 4.0800
4.0940 4.0600
4.0960 4.0400
4.0980 4.0200
4.1000 4.0000
4.1020 3.9800
4.1040 3.9600
4.1060 3.9400
4.1080 3.9200
4.1100 3.9000
4.1120 3.8800
4.1140 3.8600
4.1160 3.8400
4.1180 3.8200
4.1200 3.8000
4.1220 3.7800
4.1240 3.7600
4.1260 3.7400
4.1280 3.7200
4.1300 3.7000
4.1320 3.6800
4.1340 3.6600
4.1360 3.6400
4.1380 3.6200
4.1400 3.6000
4.1420 3.5800
4.1440 3.5600
4.1460 3.5400
4.1480 3.5200
4.1500 3.5000
4.1520 3.4800
4.1540 3.4600
4.1560 3.4400
4.1580 3.4200
4.1600 3.4000
4.1620 3.3800
4.1640 3.3600
4.1660 3.3400
4.1680 3.3200
4.1700 3.3000
4.1720 3.2800
4.1740 3.2600
4.1760 3.2400
4.1780 3.2200
4.1800 3.2000
4.1820 3.1800
4.1840 3.1600
4.1860 3.1400
4.1880 3.1200
4.1900 3.1000
4.1920 3.0800
4.1940 3.0600
4.1960 3.0400
4.1980 3.0200
4.2000 3.0000
4.2020 2.9800
4.2040 2.9600
4.2060 2.9400
4.2080 2.9200
4.2100 2.9000
4.2120 2.8800
4.2140 2.8600
4.2160 2.8400
4.2180 2.8200
4.2200 2.8000
4.2220 2.7800
4.2240 2.7600
4.2260 2.7400
4.2280 2.7200
4.2300 2.7000
4.2320 2.6800
4.2340 2.6600
4.2360 2.6400
4.2380 2.6200
4.2400 2.6000
4.2420 2.5800
4.2440 2.5600
4.2460 2.5400
4.2480 2.5200
4.2500 2.5000
4.2520 2.4800
4.2540 2.4600
4.2560 2.4400
4.2580 2.4200
4.2600 2.4000
4.2620 2.3800
4.2640 2.3600
4.2660 2.3400
4.2680 2.3200
4.2700 2.3000
4.2720 2.2800
4.2740 2.2600
4.2760 2.2400
4.2780 2.2200
4.2800 2.2000
4.2820 2.1800
4.2840 2.1600
4.2860 2.1400
4.2880 2.1200
4.2900 2.1000
4.2920 2.0800
4.2940 2.0600
4.2960 2.0400
4.2980 2.0200
4.3000 2.0000
4.3020 1.9800
4.3040 1.9600
4.3060 1.9400
4.3080 1.9200
4.3100 1.9000
4.3120 1.8800
4.3140 1.8600
4.3160 1.8400
4.3180 1.8200
4.3200 1.8000
4.3220 1.7800
4.3240 1.7600
4.3260 1.7400
4.3280 1.7200
4.3300 1.7000
4.3320 1.6800
4.3340 1.6600
4.3360 1.6400
4.3380 1.6200
4.3400 1.6000
4.3420 1.5800
4.3440 1.5600
4.3460 1.5400
4.3480 1.5200
4.3500 1.5000
4.3520 1.4800
4.3540 1.4600
4.3560 1.4400
4.3580 1.4200
4.3600 1.4000
4.3620 1.3800
4.3640 1.3600
4.3660 1.3400
4.3680 1.3200
4.3700 1.3000
4.3720 1.2800
4.3740 1.2600
4.3760 1.2400
4.3780 1.2200
4.3800 1.2000
4.3820 1.1800
4.3840 1.1600
4.3860 1.1400
4.3880 1.1200
4.3900 1.1000
4.3920 1.0800
4.3940 1.0600
4.3960 1.0400
4.3980 1.0200
4.4000 1.0000
4.4020 0.9800
4.4040 0.9600
4.4060 0.9400
4.4080 0.9200
4.4100 0.9000
4.4120 0.8800
4.4140 0.8600
4.4160 0.8400
4.4180 0.8200
4.4200 0.8000
4.4220 0.7800
4.4240 0.7600
4.4260 0.7400
4.4280 0.7200
4.4300 0.7000
4.4320 0.6800
4.4340 0.6600
4.4360 0.6400
4.4380 0.6200
4.4400 0.6000
4.4420 0.5800
4.4440 0.5600
4.4460 0.5400
4.4480 0.5200
4.4500 0.5000
4.4520 0.4800
4.4540 0.4600
4.4560 0.4400
4.4580 0.4200
4.4600 0.4000
4.4620 0.3800
4.4640 0.3600
4.4660 0.3400
4.4680 0.3200
4.4700 0.3000
4.4720 0.2800
4.4740 0.2600
4.4760 0.2400
4.4780 0.2200
4.4800 0.2000
4.4820 0.1800
4.4840 0.1600
4.4860 0.1400
4.4880 0.1200
4.4900 0.1000
4.4920 0.0800
4.4940 0.0600
4.4960 0.0400
4.4980 0.0200
4.5000 -0.0000
