0.000 -0.100633
0.002 -0.100633
0.004 -0.100635
0.006 -0.100637
0.008 -0.100639
0.010 -0.100643
0.012 -0.100653
0.014 -0.100653
0.016 -0.100659
0.018 -0.100665
0.020 -0.100673
0.022 -0.100681
0.024 -0.100691
0.026 -0.100701
0.028 -0.100711
0.030 -0.100723
0.032 -0.100735
0.034 -0.100749
0.036 -0.100763
0.038 -0.100777
0.040 -0.100793
0.042 -0.100809
0.044 -0.100845
0.046 -0.100845
0.048 -0.100863
0.050 -0.100883
0.052 -0.100903
0.054 -0.100925
0.056 -0.100947
0.058 -0.100969
0.060 -0.100993
0.062 -0.101017
0.064 -0.101069
0.066 -0.101069
0.068 -0.101095
0.070 -0.101123
0.072 -0.101151
0.074 -0.101211
0.076 -0.101211
0.078 -0.101241
0.080 -0.101273
0.082 -0.101305
0.084 -0.101339
0.086 -0.101373
0.088 -0.101407
0.090 -0.101443
0.092 -0.101479
0.094 -0.101517
0.096 -0.101555
0.098 -0.101593
0.100 -0.101633
0.102 -0.101673
0.104 -0.101757
0.106 -0.101799
0.108 -0.101843
0.110 -0.101843
0.112 -0.101887
0.114 -0.101933
0.116 -0.102025
0.118 -0.102025
0.120 -0.102073
0.122 -0.102121
0.124 -0.102171
0.126 -0.102221
0.128 -0.102323
0.130 -0.102323
0.132 -0.102429
0.134 -0.102429
0.136 -0.102483
0.138 -0.102593
0.140 -0.102593
0.142 -0.102707
0.144 -0.102707
0.146 -0.102765
0.148 -0.102823
0.150 -0.102883
0.152 -0.102943
0.154 -0.103067
0.156 -0.103067
0.158 -0.103129
0.160 -0.103193
0.162 -0.103257
0.164 -0.103323
0.166 -0.103389
0.168 -0.103455
0.170 -0.103523
0.172 -0.103591
0.174 -0.103661
0.176 -0.103731
0.178 -0.103801
0.180 -0.103873
0.182 -0.103945
0.184 -0.104019
0.186 -0.104093
0.188 -0.104167
0.190 -0.104243
0.192 -0.104319
0.194 -0.104475
0.196 -0.104475
0.198 -0.104553
0.200 -0.104633
0.202 -0.104713
0.204 -0.104877
0.206 -0.104877
0.208 -0.104959
0.210 -0.105043
0.212 -0.105127
0.214 -0.105213
0.216 -0.105385
0.218 -0.105385
0.220 -0.105473
0.222 -0.105561
0.224 -0.105651
0.226 -0.105741
0.228 -0.105831
0.230 -0.106015
0.232 -0.106015
0.234 -0.106109
0.236 -0.106203
0.238 -0.106297
0.240 -0.106393
0.242 -0.106489
0.244 -0.106685
0.246 -0.106783
0.248 -0.106783
0.250 -0.106883
0.252 -0.107085
0.254 -0.107085
0.256 -0.107187
0.258 -0.107289
0.260 -0.107393
0.262 -0.107603
0.264 -0.107603
0.266 -0.107709
0.268 -0.107923
0.270 -0.107923
0.272 -0.108031
0.274 -0.108251
0.276 -0.108251
0.278 -0.108361
0.280 -0.108473
0.282 -0.108699
0.284 -0.108699
0.286 -0.108813
0.288 -0.108927
0.290 -0.109043
0.292 -0.109159
0.294 -0.109277
0.296 -0.109395
0.298 -0.109633
0.300 -0.109633
0.302 -0.109753
0.304 -0.109997
0.306 -0.109997
0.308 -0.110119
0.310 -0.110243
0.312 -0.110493
0.314 -0.110619
0.316 -0.110619
0.318 -0.110745
0.320 -0.110873
0.322 -0.111001
0.324 -0.111131
0.326 -0.111261
0.328 -0.111391
0.330 -0.111523
0.332 -0.111655
0.334 -0.111789
0.336 -0.111923
0.338 -0.112193
0.340 -0.112329
0.342 -0.112329
0.344 -0.112605
0.346 -0.112743
0.348 -0.112743
0.350 -0.112883
0.352 -0.113023
0.354 -0.113165
0.356 -0.113307
0.358 -0.113593
0.360 -0.113593
0.362 -0.113737
0.364 -0.113883
0.366 -0.114175
0.368 -0.114175
0.370 -0.114323
0.372 -0.114471
0.374 -0.114621
0.376 -0.114771
0.378 -0.114921
0.380 -0.115073
0.382 -0.115225
0.384 -0.115379
0.386 -0.115687
0.388 -0.115843
0.390 -0.115843
0.392 -0.115999
0.394 -0.116315
0.396 -0.116473
0.398 -0.116633
0.400 -0.116793
0.402 -0.116793
0.404 -0.116955
0.406 -0.117117
0.408 -0.117279
0.410 -0.117443
0.412 -0.117773
0.414 -0.117939
0.416 -0.118105
0.418 -0.118273
0.420 -0.118441
0.422 -0.118441
0.424 -0.118611
0.426 -0.118781
0.428 -0.118951
0.430 -0.119123
0.432 -0.119469
0.434 -0.119469
0.436 -0.119643
0.438 -0.119817
0.440 -0.119993
0.442 -0.120347
0.444 -0.120347
0.446 -0.120525
0.448 -0.120883
0.450 -0.121063
0.452 -0.121245
0.454 -0.121427
0.456 -0.121427
0.458 -0.121793
0.460 -0.121793
0.462 -0.121977
0.464 -0.122349
0.466 -0.122349
0.468 -0.122535
0.470 -0.122723
0.472 -0.122911
0.474 -0.123101
0.476 -0.123291
0.478 -0.123481
0.480 -0.123673
0.482 -0.123865
0.484 -0.124059
0.486 -0.124253
0.488 -0.124447
0.490 -0.124643
0.492 -0.124839
0.494 -0.124839
0.496 -0.125235
0.498 -0.125633
0.500 -0.125633
0.502 -0.125833
0.504 -0.126035
0.506 -0.126237
0.508 -0.126439
0.510 -0.126643
0.512 -0.126847
0.514 -0.127053
0.516 -0.127259
0.518 -0.127465
0.520 -0.127673
0.522 -0.127881
0.524 -0.128301
0.526 -0.128511
0.528 -0.128511
0.530 -0.128723
0.532 -0.128935
0.534 -0.129363
0.536 -0.129363
0.538 -0.129577
0.540 -0.129793
0.542 -0.130009
0.544 -0.130227
0.546 -0.130445
0.548 -0.130663
0.550 -0.130883
0.552 -0.131103
0.554 -0.131325
0.556 -0.131547
0.558 -0.131993
0.560 -0.131993
0.562 -0.132217
0.564 -0.132443
0.566 -0.132669
0.568 -0.132895
0.570 -0.133351
0.572 -0.133581
0.574 -0.133581
0.576 -0.133811
0.578 -0.134273
0.580 -0.134273
0.582 -0.134505
0.584 -0.134973
0.586 -0.134973
0.588 -0.135207
0.590 -0.135443
0.592 -0.135679
0.594 -0.135917
0.596 -0.136155
0.598 -0.136393
0.600 -0.136633
0.602 -0.136873
0.604 -0.137115
0.606 -0.137357
0.608 -0.137599
0.610 -0.137843
0.612 -0.138087
0.614 -0.138579
0.616 -0.138579
0.618 -0.138825
0.620 -0.139321
0.622 -0.139321
0.624 -0.139571
0.626 -0.139821
0.628 -0.140071
0.630 -0.140323
0.632 -0.140575
0.634 -0.140829
0.636 -0.141083
0.638 -0.141337
0.640 -0.141593
0.642 -0.141849
0.644 -0.142107
0.646 -0.142365
0.648 -0.142623
0.650 -0.142883
0.652 -0.143405
0.654 -0.143405
0.656 -0.143667
0.658 -0.143929
0.660 -0.144193
0.662 -0.144457
0.664 -0.144723
0.666 -0.145255
0.668 -0.145255
0.670 -0.145523
0.672 -0.145791
0.674 -0.146061
0.676 -0.146331
0.678 -0.146601
0.680 -0.146873
0.682 -0.147419
0.684 -0.147419
0.686 -0.147693
0.688 -0.147967
0.690 -0.148243
0.692 -0.148519
0.694 -0.148797
0.696 -0.149353
0.698 -0.149633
0.700 -0.149633
0.702 -0.149913
0.704 -0.150195
0.706 -0.150477
0.708 -0.150759
0.710 -0.151043
0.712 -0.151327
0.714 -0.151613
0.716 -0.151899
0.718 -0.152185
0.720 -0.152473
0.722 -0.152761
0.724 -0.153051
0.726 -0.153341
0.728 -0.153631
0.730 -0.153923
0.732 -0.154215
0.734 -0.154509
0.736 -0.154803
0.738 -0.155097
0.740 -0.155689
0.742 -0.155689
0.744 -0.155987
0.746 -0.156285
0.748 -0.156583
0.750 -0.156883
0.752 -0.157485
0.754 -0.157485
0.756 -0.157787
0.758 -0.158089
0.760 -0.158393
0.762 -0.158697
0.764 -0.159003
0.766 -0.159309
0.768 -0.159615
0.770 -0.159923
0.772 -0.160231
0.774 -0.160541
0.776 -0.160851
0.778 -0.161161
0.780 -0.161473
0.782 -0.161785
0.784 -0.162099
0.786 -0.162413
0.788 -0.163043
0.790 -0.163043
0.792 -0.163677
0.794 -0.163677
0.796 -0.164313
0.798 -0.164313
0.800 -0.164633
0.802 -0.164953
0.804 -0.165275
0.806 -0.165597
0.808 -0.165919
0.810 -0.166243
0.812 -0.166567
0.814 -0.166893
0.816 -0.167219
0.818 -0.167545
0.820 -0.167873
0.822 -0.168201
0.824 -0.168531
0.826 -0.168861
0.828 -0.169523
0.830 -0.169855
0.832 -0.170189
0.834 -0.170189
0.836 -0.170523
0.838 -0.170857
0.840 -0.171193
0.842 -0.171529
0.844 -0.171867
0.846 -0.172205
0.848 -0.172543
0.850 -0.172883
0.852 -0.173565
0.854 -0.173565
0.856 -0.173907
0.858 -0.174249
0.860 -0.174593
0.862 -0.175283
0.864 -0.175283
0.866 -0.175975
0.868 -0.175975
0.870 -0.176323
0.872 -0.176671
0.874 -0.177021
0.876 -0.177371
0.878 -0.177721
0.880 -0.178073
0.882 -0.178779
0.884 -0.178779
0.886 -0.179487
0.888 -0.179487
0.890 -0.179843
0.892 -0.180199
0.894 -0.180557
0.896 -0.180915
0.898 -0.181273
0.900 -0.181993
0.902 -0.181993
0.904 -0.182355
0.906 -0.182717
0.908 -0.183079
0.910 -0.183443
0.912 -0.183807
0.914 -0.184173
0.916 -0.184539
0.918 -0.184905
0.920 -0.185273
0.922 -0.185641
0.924 -0.186011
0.926 -0.186381
0.928 -0.186751
0.930 -0.187123
0.932 -0.187495
0.934 -0.187869
0.936 -0.187869
0.938 -0.188617
0.940 -0.188617
0.942 -0.189369
0.944 -0.189747
0.946 -0.190125
0.948 -0.190503
0.950 -0.190883
0.952 -0.191263
0.954 -0.191645
0.956 -0.192027
0.958 -0.192409
0.960 -0.193177
0.962 -0.193177
0.964 -0.193563
0.966 -0.193949
0.968 -0.194335
0.970 -0.194723
0.972 -0.195111
0.974 -0.195501
0.976 -0.195891
0.978 -0.196673
0.980 -0.196673
0.982 -0.197065
0.984 -0.197459
0.986 -0.197853
0.988 -0.198247
0.990 -0.198643
0.992 -0.199039
0.994 -0.199437
0.996 -0.199835
0.998 -0.200233
1.000 -0.200632
1.002 -0.201031
1.004 -0.201428
1.006 -0.201825
1.008 -0.202221
1.010 -0.202616
1.012 -0.203010
1.014 -0.203404
1.016 -0.204970
1.018 -0.204970
1.020 -0.205360
1.022 -0.205748
1.024 -0.205748
1.026 -0.205748
1.028 -0.206136
1.030 -0.206523
1.032 -0.206910
1.034 -0.207295
1.036 -0.208064
1.038 -0.208064
1.040 -0.208447
1.042 -0.208829
1.044 -0.209211
1.046 -0.209592
1.048 -0.209972
1.050 -0.210729
1.052 -0.211107
1.054 -0.211483
1.056 -0.211859
1.058 -0.212234
1.060 -0.212609
1.062 -0.212982
1.064 -0.213355
1.066 -0.213727
1.068 -0.214098
1.070 -0.214098
1.072 -0.214468
1.074 -0.214838
1.076 -0.215207
1.078 -0.215575
1.080 -0.215942
1.082 -0.216308
1.084 -0.216674
1.086 -0.217038
1.088 -0.217765
1.090 -0.217765
1.092 -0.218489
1.094 -0.218489
1.096 -0.218850
1.098 -0.219210
1.100 -0.219569
1.102 -0.219927
1.104 -0.220285
1.106 -0.220642
1.108 -0.221353
1.110 -0.221353
1.112 -0.221707
1.114 -0.222061
1.116 -0.222765
1.118 -0.222765
1.120 -0.223116
1.122 -0.223816
1.124 -0.223816
1.126 -0.224165
1.128 -0.224513
1.130 -0.224860
1.132 -0.225206
1.134 -0.225552
1.136 -0.226241
1.138 -0.226584
1.140 -0.226584
1.142 -0.226926
1.144 -0.227268
1.146 -0.227948
1.148 -0.227948
1.150 -0.228287
1.152 -0.228626
1.154 -0.228963
1.156 -0.229300
1.158 -0.229636
1.160 -0.229971
1.162 -0.230305
1.164 -0.230639
1.166 -0.230972
1.168 -0.231304
1.170 -0.231635
1.172 -0.231965
1.174 -0.232295
1.176 -0.232623
1.178 -0.232951
1.180 -0.233278
1.182 -0.233605
1.184 -0.233930
1.186 -0.234255
1.188 -0.234902
1.190 -0.234902
1.192 -0.235224
1.194 -0.235867
1.196 -0.236187
1.198 -0.236187
1.200 -0.236506
1.202 -0.236824
1.204 -0.237142
1.206 -0.237774
1.208 -0.238089
1.210 -0.238089
1.212 -0.238404
1.214 -0.239030
1.216 -0.239030
1.218 -0.239342
1.220 -0.239653
1.222 -0.239963
1.224 -0.240273
1.226 -0.240582
1.228 -0.241197
1.230 -0.241197
1.232 -0.241503
1.234 -0.241809
1.236 -0.242113
1.238 -0.242417
1.240 -0.242720
1.242 -0.243023
1.244 -0.243023
1.246 -0.243625
1.248 -0.243925
1.250 -0.244224
1.252 -0.244522
1.254 -0.244820
1.256 -0.245117
1.258 -0.245708
1.260 -0.245708
1.262 -0.246002
1.264 -0.246296
1.266 -0.246880
1.268 -0.246880
1.270 -0.247171
1.272 -0.247462
1.274 -0.247751
1.276 -0.248040
1.278 -0.248328
1.280 -0.248615
1.282 -0.248901
1.284 -0.249187
1.286 -0.249472
1.288 -0.249756
1.290 -0.250321
1.292 -0.250321
1.294 -0.250603
1.296 -0.250883
1.298 -0.251163
1.300 -0.251442
1.302 -0.251998
1.304 -0.252275
1.306 -0.252551
1.308 -0.252551
1.310 -0.252826
1.312 -0.253374
1.314 -0.253647
1.316 -0.253647
1.318 -0.253919
1.320 -0.254190
1.322 -0.254460
1.324 -0.254730
1.326 -0.255266
1.328 -0.255800
1.330 -0.255800
1.332 -0.256065
1.334 -0.256330
1.336 -0.256594
1.338 -0.256594
1.340 -0.256857
1.342 -0.257381
1.344 -0.257642
1.346 -0.257642
1.348 -0.257902
1.350 -0.258161
1.352 -0.258419
1.354 -0.258677
1.356 -0.258933
1.358 -0.259189
1.360 -0.259444
1.362 -0.259699
1.364 -0.260205
1.366 -0.260457
1.368 -0.260457
1.370 -0.260708
1.372 -0.261208
1.374 -0.261457
1.376 -0.261705
1.378 -0.261952
1.380 -0.261952
1.382 -0.262198
1.384 -0.262688
1.386 -0.262688
1.388 -0.262932
1.390 -0.263175
1.392 -0.263418
1.394 -0.263659
1.396 -0.264140
1.398 -0.264379
1.400 -0.264379
1.402 -0.264617
1.404 -0.265092
1.406 -0.265092
1.408 -0.265563
1.410 -0.265563
1.412 -0.265797
1.414 -0.266263
1.416 -0.266495
1.418 -0.266726
1.420 -0.266726
1.422 -0.266957
1.424 -0.267415
1.426 -0.267415
1.428 -0.267870
1.430 -0.268096
1.432 -0.268096
1.434 -0.268547
1.436 -0.268771
1.438 -0.268771
1.440 -0.268994
1.442 -0.269216
1.444 -0.269438
1.446 -0.269658
1.448 -0.269878
1.450 -0.270097
1.452 -0.270533
1.454 -0.270750
1.456 -0.270966
1.458 -0.270966
1.460 -0.271181
1.462 -0.271609
1.464 -0.271822
1.466 -0.272034
1.468 -0.272034
1.470 -0.272245
1.472 -0.272665
1.474 -0.272665
1.476 -0.272873
1.478 -0.273081
1.480 -0.273288
1.482 -0.273495
1.484 -0.273700
1.486 -0.274109
1.488 -0.274109
1.490 -0.274312
1.492 -0.274514
1.494 -0.274917
1.496 -0.274917
1.498 -0.275117
1.500 -0.275316
1.502 -0.275514
1.504 -0.275712
1.506 -0.275908
1.508 -0.276299
1.510 -0.276299
1.512 -0.276687
1.514 -0.276880
1.516 -0.277072
1.518 -0.277072
1.520 -0.277263
1.522 -0.277453
1.524 -0.277643
1.526 -0.277832
1.528 -0.278020
1.530 -0.278207
1.532 -0.278207
1.534 -0.278207
1.536 -0.278207
1.538 -0.278947
1.540 -0.279130
1.542 -0.279313
1.544 -0.279675
1.546 -0.279675
1.548 -0.280034
1.550 -0.280034
1.552 -0.280212
1.554 -0.280390
1.556 -0.280567
1.558 -0.280918
1.560 -0.280918
1.562 -0.281092
1.564 -0.281438
1.566 -0.281610
1.568 -0.281610
1.570 -0.281781
1.572 -0.281952
1.574 -0.282121
1.576 -0.282290
1.578 -0.282458
1.580 -0.282625
1.582 -0.282791
1.584 -0.282957
1.586 -0.282957
1.588 -0.283286
1.590 -0.283449
1.592 -0.283611
1.594 -0.283933
1.596 -0.284093
1.598 -0.284093
1.600 -0.284252
1.602 -0.284411
1.604 -0.284568
1.606 -0.284725
1.608 -0.285036
1.610 -0.285036
1.612 -0.285190
1.614 -0.285344
1.616 -0.285649
1.618 -0.285800
1.620 -0.285950
1.622 -0.286100
1.624 -0.286248
1.626 -0.286248
1.628 -0.286396
1.630 -0.286543
1.632 -0.286690
1.634 -0.286835
1.636 -0.286980
1.638 -0.287124
1.640 -0.287267
1.642 -0.287409
1.644 -0.287692
1.646 -0.287832
1.648 -0.287971
1.650 -0.288109
1.652 -0.288109
1.654 -0.288247
1.656 -0.288383
1.658 -0.288519
1.660 -0.288654
1.662 -0.288922
1.664 -0.288922
1.666 -0.289055
1.668 -0.289187
1.670 -0.289318
1.672 -0.289448
1.674 -0.289707
1.676 -0.289835
1.678 -0.289962
1.680 -0.289962
1.682 -0.290214
1.684 -0.290214
1.686 -0.290338
1.688 -0.290462
1.690 -0.290708
1.692 -0.290829
1.694 -0.290829
1.696 -0.290950
1.698 -0.291189
1.700 -0.291307
1.702 -0.291425
1.704 -0.291542
1.706 -0.291542
1.708 -0.291658
1.710 -0.291773
1.712 -0.291887
1.714 -0.292113
1.716 -0.292113
1.718 -0.292336
1.720 -0.292336
1.722 -0.292447
1.724 -0.292556
1.726 -0.292665
1.728 -0.292773
1.730 -0.292880
1.732 -0.292986
1.734 -0.293092
1.736 -0.293197
1.738 -0.293301
1.740 -0.293506
1.742 -0.293506
1.744 -0.293608
1.746 -0.293708
1.748 -0.293808
1.750 -0.293907
1.752 -0.294006
1.754 -0.294200
1.756 -0.294200
1.758 -0.294296
1.760 -0.294485
1.762 -0.294485
1.764 -0.294579
1.766 -0.294672
1.768 -0.294855
1.770 -0.294945
1.772 -0.295123
1.774 -0.295123
1.776 -0.295211
1.778 -0.295298
1.780 -0.295298
1.782 -0.295470
1.784 -0.295470
1.786 -0.295555
1.788 -0.295722
1.790 -0.295722
1.792 -0.295804
1.794 -0.295967
1.796 -0.295967
1.798 -0.296126
1.800 -0.296126
1.802 -0.296204
1.804 -0.296282
1.806 -0.296358
1.808 -0.296434
1.810 -0.296509
1.812 -0.296657
1.814 -0.296730
1.816 -0.296802
1.818 -0.296873
1.820 -0.296943
1.822 -0.297013
1.824 -0.297013
1.826 -0.297082
1.828 -0.297150
1.830 -0.297217
1.832 -0.297349
1.834 -0.297349
1.836 -0.297477
1.838 -0.297540
1.840 -0.297540
1.842 -0.297664
1.844 -0.297664
1.846 -0.297725
1.848 -0.297785
1.850 -0.298073
1.852 -0.298128
1.854 -0.298182
1.856 -0.298182
1.858 -0.298182
1.860 -0.298182
1.862 -0.298182
1.864 -0.298236
1.866 -0.298288
1.868 -0.298340
1.870 -0.298391
1.872 -0.298442
1.874 -0.298491
1.876 -0.298540
1.878 -0.298588
1.880 -0.298635
1.882 -0.298681
1.884 -0.298727
1.886 -0.298772
1.888 -0.298816
1.890 -0.298901
1.892 -0.298943
1.894 -0.298943
1.896 -0.298983
1.898 -0.299062
1.900 -0.299062
1.902 -0.299101
1.904 -0.299138
1.906 -0.299175
1.908 -0.299211
1.910 -0.299246
1.912 -0.299280
1.914 -0.299314
1.916 -0.299347
1.918 -0.299379
1.920 -0.299410
1.922 -0.299440
1.924 -0.299470
1.926 -0.299498
1.928 -0.299526
1.930 -0.299553
1.932 -0.299605
1.934 -0.299605
1.936 -0.299654
1.938 -0.299654
1.940 -0.299677
1.942 -0.299721
1.944 -0.299721
1.946 -0.299721
1.948 -0.299721
1.950 -0.299781
1.952 -0.299799
1.954 -0.299817
1.956 -0.299833
1.958 -0.299849
1.960 -0.299864
1.962 -0.299892
1.964 -0.299892
1.966 -0.299905
1.968 -0.299917
1.970 -0.299928
1.972 -0.299938
1.974 -0.299948
1.976 -0.299957
1.978 -0.299965
1.980 -0.299978
1.982 -0.299978
1.984 -0.299984
1.986 -0.299988
1.988 -0.299992
1.990 -0.299995
1.992 -0.299998
1.994 -0.299999
1.996 -0.299999
1.998 -0.299999
2.000 -0.299999
2.002 -0.299999
2.004 -0.299999
2.006 -0.299999
2.008 -0.299999
2.010 -0.299999
2.012 -0.299999
2.014 -0.299999
2.016 -0.299999
2.018 -0.299999
2.020 -0.299999
2.022 -0.299999
2.024 -0.299999
2.026 -0.299999
2.028 -0.299999
2.030 -0.299999
2.032 -0.299999
2.034 -0.299999
2.036 -0.299999
2.038 -0.299999
2.040 -0.299999
2.042 -0.299999
2.044 -0.299999
2.046 -0.299999
2.048 -0.299999
2.050 -0.299999
2.052 -0.299999
2.054 -0.299999
2.056 -0.299999
2.058 -0.299999
2.060 -0.299999
2.062 -0.299999
2.064 -0.299999
2.066 -0.299999
2.068 -0.299999
2.070 -0.299999
2.072 -0.299999
2.074 -0.299999
2.076 -0.299999
2.078 -0.299999
2.080 -0.299999
2.082 -0.299999
2.084 -0.299999
2.086 -0.299999
2.088 -0.299999
2.090 -0.299999
2.092 -0.299999
2.094 -0.299999
2.096 -0.299999
2.098 -0.299999
2.100 -0.299999
2.102 -0.299999
2.104 -0.299999
2.106 -0.299999
2.108 -0.299999
2.110 -0.299999
2.112 -0.299999
2.114 -0.299999
2.116 -0.299999
2.118 -0.299999
2.120 -0.299999
2.122 -0.299999
2.124 -0.299999
2.126 -0.299999
2.128 -0.299999
2.130 -0.299999
2.132 -0.299999
2.134 -0.299999
2.136 -0.299999
2.138 -0.299999
2.140 -0.299999
2.142 -0.299999
2.144 -0.299999
2.146 -0.299999
2.148 -0.299999
2.150 -0.299999
2.152 -0.299999
2.154 -0.299999
2.156 -0.299999
2.158 -0.299999
2.160 -0.299999
2.162 -0.299999
2.164 -0.299999
2.166 -0.299999
2.168 -0.299999
2.170 -0.299999
2.172 -0.299999
2.174 -0.299999
2.176 -0.299999
2.178 -0.299999
2.180 -0.299999
2.182 -0.299999
2.184 -0.299999
2.186 -0.299999
2.188 -0.299999
2.190 -0.299999
2.192 -0.299999
2.194 -0.299999
2.196 -0.299999
2.198 -0.299999
2.200 -0.299999
2.202 -0.299999
2.204 -0.299999
2.206 -0.299999
2.208 -0.299999
2.210 -0.299999
2.212 -0.299999
2.214 -0.299999
2.216 -0.299999
2.218 -0.299999
2.220 -0.299999
2.222 -0.299999
2.224 -0.299999
2.226 -0.299999
2.228 -0.299999
2.230 -0.299999
2.232 -0.299999
2.234 -0.299999
2.236 -0.299999
2.238 -0.299999
2.240 -0.299999
2.242 -0.299999
2.244 -0.299999
2.246 -0.299999
2.248 -0.299999
2.250 -0.299999
2.252 -0.299999
2.254 -0.299999
2.256 -0.299999
2.258 -0.299999
2.260 -0.299999
2.262 -0.299999
2.264 -0.299999
2.266 -0.299999
2.268 -0.299999
2.270 -0.299999
2.272 -0.299999
2.274 -0.299999
2.276 -0.299999
2.278 -0.299999
2.280 -0.299999
2.282 -0.299999
2.284 -0.299999
2.286 -0.299999
2.288 -0.299999
2.290 -0.299999
2.292 -0.299999
2.294 -0.299999
2.296 -0.299999
2.298 -0.299999
2.300 -0.299999
2.302 -0.299999
2.304 -0.299999
2.306 -0.299999
2.308 -0.299999
2.310 -0.299999
2.312 -0.299999
2.314 -0.299999
2.316 -0.299999
2.318 -0.299999
2.320 -0.299999
2.322 -0.299999
2.324 -0.299999
2.326 -0.299999
2.328 -0.299999
2.330 -0.299999
2.332 -0.299999
2.334 -0.299999
2.336 -0.299999
2.338 -0.299999
2.340 -0.299999
2.342 -0.299999
2.344 -0.299999
2.346 -0.299999
2.348 -0.299999
2.350 -0.299999
2.352 -0.299999
2.354 -0.299999
2.356 -0.299999
2.358 -0.299999
2.360 -0.299999
2.362 -0.299999
2.364 -0.299999
2.366 -0.299999
2.368 -0.299999
2.370 -0.299999
2.372 -0.299999
2.374 -0.299999
2.376 -0.299999
2.378 -0.299999
2.380 -0.299999
2.382 -0.299999
2.384 -0.299999
2.386 -0.299999
2.388 -0.299999
2.390 -0.299999
2.392 -0.299999
2.394 -0.299999
2.396 -0.299999
2.398 -0.299999
2.400 -0.299999
2.402 -0.299999
2.404 -0.299999
2.406 -0.299999
2.408 -0.299999
2.410 -0.299999
2.412 -0.299999
2.414 -0.299999
2.416 -0.299999
2.418 -0.299999
2.420 -0.299999
2.422 -0.299999
2.424 -0.299999
2.426 -0.299999
2.428 -0.299999
2.430 -0.299999
2.432 -0.299999
2.434 -0.299999
2.436 -0.299999
2.438 -0.299999
2.440 -0.299999
2.442 -0.299999
2.444 -0.299999
2.446 -0.299999
2.448 -0.299999
2.450 -0.299999
2.452 -0.299999
2.454 -0.299999
2.456 -0.299999
2.458 -0.299999
2.460 -0.299999
2.462 -0.299999
2.464 -0.299999
2.466 -0.299999
2.468 -0.299999
2.470 -0.299999
2.472 -0.299999
2.474 -0.299999
2.476 -0.299999
2.478 -0.299999
2.480 -0.299999
2.482 -0.299999
2.484 -0.299999
2.486 -0.299999
2.488 -0.299999
2.490 -0.299999
2.492 -0.299999
2.494 -0.299999
2.496 -0.299999
2.498 -0.299999
2.500 -0.299999
2.502 -0.299999
2.504 -0.299999
2.506 -0.299999
2.508 -0.299999
2.510 -0.299999
2.512 -0.299999
2.514 -0.299999
2.516 -0.299999
2.518 -0.299999
2.520 -0.299999
2.522 -0.299999
2.524 -0.299999
2.526 -0.299999
2.528 -0.299999
2.530 -0.299999
2.532 -0.299999
2.534 -0.299999
2.536 -0.299999
2.538 -0.299999
2.540 -0.299999
2.542 -0.299999
2.544 -0.299999
2.546 -0.299999
2.548 -0.299999
2.550 -0.299999
2.552 -0.299999
2.554 -0.299999
2.556 -0.299999
2.558 -0.299999
2.560 -0.299999
2.562 -0.299999
2.564 -0.299999
2.566 -0.299999
2.568 -0.299999
2.570 -0.299999
2.572 -0.299999
2.574 -0.299999
2.576 -0.299999
2.578 -0.299999
2.580 -0.299999
2.582 -0.299999
2.584 -0.299999
2.586 -0.299999
2.588 -0.299999
2.590 -0.299999
2.592 -0.299999
2.594 -0.299999
2.596 -0.299999
2.598 -0.299999
2.600 -0.299999
2.602 -0.299999
2.604 -0.299999
2.606 -0.299999
2.608 -0.299999
2.610 -0.299999
2.612 -0.299999
2.614 -0.299999
2.616 -0.299999
2.618 -0.299999
2.620 -0.299999
2.622 -0.299999
2.624 -0.299999
2.626 -0.299999
2.628 -0.299999
2.630 -0.299999
2.632 -0.299999
2.634 -0.299999
2.636 -0.299999
2.638 -0.299999
2.640 -0.299999
2.642 -0.299999
2.644 -0.299999
2.646 -0.299999
2.648 -0.299999
2.650 -0.299999
2.652 -0.299999
2.654 -0.299999
2.656 -0.299999
2.658 -0.299999
2.660 -0.299999
2.662 -0.299999
2.664 -0.299999
2.666 -0.299999
2.668 -0.299999
2.670 -0.299999
2.672 -0.299999
2.674 -0.299999
2.676 -0.299999
2.678 -0.299999
2.680 -0.299999
2.682 -0.299999
2.684 -0.299999
2.686 -0.299999
2.688 -0.299999
2.690 -0.299999
2.692 -0.299999
2.694 -0.299999
2.696 -0.299999
2.698 -0.299999
2.700 -0.299999
2.702 -0.299999
2.704 -0.299999
2.706 -0.299999
2.708 -0.299999
2.710 -0.299999
2.712 -0.299999
2.714 -0.299999
2.716 -0.299999
2.718 -0.299999
2.720 -0.299999
2.722 -0.299999
2.724 -0.299999
2.726 -0.299999
2.728 -0.299999
2.730 -0.299999
2.732 -0.299999
2.734 -0.299999
2.736 -0.299999
2.738 -0.299999
2.740 -0.299999
2.742 -0.299999
2.744 -0.299999
2.746 -0.299999
2.748 -0.299999
2.750 -0.299999
2.752 -0.299999
2.754 -0.299999
2.756 -0.299999
2.758 -0.299999
2.760 -0.299999
2.762 -0.299999
2.764 -0.299999
2.766 -0.299999
2.768 -0.299999
2.770 -0.299999
2.772 -0.299999
2.774 -0.299999
2.776 -0.299999
2.778 -0.299999
2.780 -0.299999
2.782 -0.299999
2.784 -0.299999
2.786 -0.299999
2.788 -0.299999
2.790 -0.299999
2.792 -0.299999
2.794 -0.299999
2.796 -0.299999
2.798 -0.299999
2.800 -0.299999
2.802 -0.299999
2.804 -0.299999
2.806 -0.299999
2.808 -0.299999
2.810 -0.299999
2.812 -0.299999
2.814 -0.299999
2.816 -0.299999
2.818 -0.299999
2.820 -0.299999
2.822 -0.299999
2.824 -0.299999
2.826 -0.299999
2.828 -0.299999
2.830 -0.299999
2.832 -0.299999
2.834 -0.299999
2.836 -0.299999
2.838 -0.299999
2.840 -0.299999
2.842 -0.299999
2.844 -0.299999
2.846 -0.299999
2.848 -0.299999
2.850 -0.299999
2.852 -0.299999
2.854 -0.299999
2.856 -0.299999
2.858 -0.299999
2.860 -0.299999
2.862 -0.299999
2.864 -0.299999
2.866 -0.299999
2.868 -0.299999
2.870 -0.299999
2.872 -0.299999
2.874 -0.299999
2.876 -0.299999
2.878 -0.299999
2.880 -0.299999
2.882 -0.299999
2.884 -0.299999
2.886 -0.299999
2.888 -0.299999
2.890 -0.299999
2.892 -0.299999
2.894 -0.299999
2.896 -0.299999
2.898 -0.299999
2.900 -0.299999
2.902 -0.299999
2.904 -0.299999
2.906 -0.299999
2.908 -0.299999
2.910 -0.299999
2.912 -0.299999
2.914 -0.299999
2.916 -0.299999
2.918 -0.299999
2.920 -0.299999
2.922 -0.299999
2.924 -0.299999
2.926 -0.299999
2.928 -0.299999
2.930 -0.299999
2.932 -0.299999
2.934 -0.299999
2.936 -0.299999
2.938 -0.299999
2.940 -0.299999
2.942 -0.299999
2.944 -0.299999
2.946 -0.299999
2.948 -0.299999
2.950 -0.299999
2.952 -0.299999
2.954 -0.299999
2.956 -0.299999
2.958 -0.299999
2.960 -0.299999
2.962 -0.299999
2.964 -0.299999
2.966 -0.299999
2.968 -0.299999
2.970 -0.299999
2.972 -0.299999
2.974 -0.299999
2.976 -0.299999
2.978 -0.299999
2.980 -0.299999
2.982 -0.299999
2.984 -0.299999
2.986 -0.299999
2.988 -0.299999
2.990 -0.299999
2.992 -0.299999
2.994 -0.299999
2.996 -0.299999
2.998 -0.299999
3.000 -0.299999
3.002 -0.299999
3.004 -0.299999
3.006 -0.299999
3.008 -0.299999
3.010 -0.299999
3.012 -0.299999
3.014 -0.299999
3.016 -0.299999
3.018 -0.299999
3.020 -0.299999
3.022 -0.299999
3.024 -0.299999
3.026 -0.299999
3.028 -0.299999
3.030 -0.299999
3.032 -0.299999
3.034 -0.299999
3.036 -0.299999
3.038 -0.299999
3.040 -0.299999
3.042 -0.299999
3.044 -0.299999
3.046 -0.299999
3.048 -0.299999
3.050 -0.299999
3.052 -0.299999
3.054 -0.299999
3.056 -0.299999
3.058 -0.299999
3.060 -0.299999
3.062 -0.299999
3.064 -0.299999
3.066 -0.299999
3.068 -0.299999
3.070 -0.299999
3.072 -0.299999
3.074 -0.299999
3.076 -0.299999
3.078 -0.299999
3.080 -0.299999
3.082 -0.299999
3.084 -0.299999
3.086 -0.299999
3.088 -0.299999
3.090 -0.299999
3.092 -0.299999
3.094 -0.299999
3.096 -0.299999
3.098 -0.299999
3.100 -0.299999
3.102 -0.299999
3.104 -0.299999
3.106 -0.299999
3.108 -0.299999
3.110 -0.299999
3.112 -0.299999
3.114 -0.299999
3.116 -0.299999
3.118 -0.299999
3.120 -0.299999
3.122 -0.299999
3.124 -0.299999
3.126 -0.299999
3.128 -0.299999
3.130 -0.299999
3.132 -0.299999
3.134 -0.299999
3.136 -0.299999
3.138 -0.299999
3.140 -0.299999
3.142 -0.299999
3.144 -0.299999
3.146 -0.299999
3.148 -0.299999
3.150 -0.299999
3.152 -0.299999
3.154 -0.299999
3.156 -0.299999
3.158 -0.299999
3.160 -0.299999
3.162 -0.299999
3.164 -0.299999
3.166 -0.299999
3.168 -0.299999
3.170 -0.299999
3.172 -0.299999
3.174 -0.299999
3.176 -0.299999
3.178 -0.299999
3.180 -0.299999
3.182 -0.299999
3.184 -0.299999
3.186 -0.299999
3.188 -0.299999
3.190 -0.299999
3.192 -0.299999
3.194 -0.299999
3.196 -0.299999
3.198 -0.299999
3.200 -0.299999
3.202 -0.299999
3.204 -0.299999
3.206 -0.299999
3.208 -0.299999
3.210 -0.299999
3.212 -0.299999
3.214 -0.299999
3.216 -0.299999
3.218 -0.299999
3.220 -0.299999
3.222 -0.299999
3.224 -0.299999
3.226 -0.299999
3.228 -0.299999
3.230 -0.299999
3.232 -0.299999
3.234 -0.299999
3.236 -0.299999
3.238 -0.299999
3.240 -0.299999
3.242 -0.299999
3.244 -0.299999
3.246 -0.299999
3.248 -0.299999
3.250 -0.299999
3.252 -0.299999
3.254 -0.299999
3.256 -0.299999
3.258 -0.299999
3.260 -0.299999
3.262 -0.299999
3.264 -0.299999
3.266 -0.299999
3.268 -0.299999
3.270 -0.299999
3.272 -0.299999
3.274 -0.299999
3.276 -0.299999
3.278 -0.299999
3.280 -0.299999
3.282 -0.299999
3.284 -0.299999
3.286 -0.299999
3.288 -0.299999
3.290 -0.299999
3.292 -0.299999
3.294 -0.299999
3.296 -0.299999
3.298 -0.299999
3.300 -0.299999
3.302 -0.299999
3.304 -0.299999
3.306 -0.299999
3.308 -0.299999
3.310 -0.299999
3.312 -0.299999
3.314 -0.299999
3.316 -0.299999
3.318 -0.299999
3.320 -0.299999
3.322 -0.299999
3.324 -0.299999
3.326 -0.299999
3.328 -0.299999
3.330 -0.299999
3.332 -0.299999
3.334 -0.299999
3.336 -0.299999
3.338 -0.299999
3.340 -0.299999
3.342 -0.299999
3.344 -0.299999
3.346 -0.299999
3.348 -0.299999
3.350 -0.299999
3.352 -0.299999
3.354 -0.299999
3.356 -0.299999
3.358 -0.299999
3.360 -0.299999
3.362 -0.299999
3.364 -0.299999
3.366 -0.299999
3.368 -0.299999
3.370 -0.299999
3.372 -0.299999
3.374 -0.299999
3.376 -0.299999
3.378 -0.299999
3.380 -0.299999
3.382 -0.299999
3.384 -0.299999
3.386 -0.299999
3.388 -0.299999
3.390 -0.299999
3.392 -0.299999
3.394 -0.299999
3.396 -0.299999
3.398 -0.299999
3.400 -0.299999
3.402 -0.299999
3.404 -0.299999
3.406 -0.299999
3.408 -0.299999
3.410 -0.299999
3.412 -0.299999
3.414 -0.299999
3.416 -0.299999
3.418 -0.299999
3.420 -0.299999
3.422 -0.299999
3.424 -0.299999
3.426 -0.299999
3.428 -0.299999
3.430 -0.299999
3.432 -0.299999
3.434 -0.299999
3.436 -0.299999
3.438 -0.299999
3.440 -0.299999
3.442 -0.299999
3.444 -0.299999
3.446 -0.299999
3.448 -0.299999
3.450 -0.299999
3.452 -0.299999
3.454 -0.299999
3.456 -0.299999
3.458 -0.299999
3.460 -0.299999
3.462 -0.299999
3.464 -0.299999
3.466 -0.299999
3.468 -0.299999
3.470 -0.299999
3.472 -0.299999
3.474 -0.299999
3.476 -0.299999
3.478 -0.299999
3.480 -0.299999
3.482 -0.299999
3.484 -0.299999
3.486 -0.299999
3.488 -0.299999
3.490 -0.299999
3.492 -0.299999
3.494 -0.299999
3.496 -0.299999
3.498 -0.299999
3.500 -0.299999
3.502 -0.299999
3.504 -0.299999
3.506 -0.299999
3.508 -0.299999
3.510 -0.299999
3.512 -0.299999
3.514 -0.299999
3.516 -0.299999
3.518 -0.299999
3.520 -0.299999
3.522 -0.299999
3.524 -0.299999
3.526 -0.299999
3.528 -0.299999
3.530 -0.299999
3.532 -0.299999
3.534 -0.299999
3.536 -0.299999
3.538 -0.299999
3.540 -0.299999
3.542 -0.299999
3.544 -0.299999
3.546 -0.299999
3.548 -0.299999
3.550 -0.299999
3.552 -0.299999
3.554 -0.299999
3.556 -0.299999
3.558 -0.299999
3.560 -0.299999
3.562 -0.299999
3.564 -0.299999
3.566 -0.299999
3.568 -0.299999
3.570 -0.299999
3.572 -0.299999
3.574 -0.299999
3.576 -0.299999
3.578 -0.299999
3.580 -0.299999
3.582 -0.299999
3.584 -0.299999
3.586 -0.299999
3.588 -0.299999
3.590 -0.299999
3.592 -0.299999
3.594 -0.299999
3.596 -0.299999
3.598 -0.299999
3.600 -0.299999
3.602 -0.299999
3.604 -0.299999
3.606 -0.299999
3.608 -0.299999
3.610 -0.299999
3.612 -0.299999
3.614 -0.299999
3.616 -0.299999
3.618 -0.299999
3.620 -0.299999
3.622 -0.299999
3.624 -0.299999
3.626 -0.299999
3.628 -0.299999
3.630 -0.299999
3.632 -0.299999
3.634 -0.299999
3.636 -0.299999
3.638 -0.299999
3.640 -0.299999
3.642 -0.299999
3.644 -0.299999
3.646 -0.299999
3.648 -0.299999
3.650 -0.299999
3.652 -0.299999
3.654 -0.299999
3.656 -0.299999
3.658 -0.299999
3.660 -0.299999
3.662 -0.299999
3.664 -0.299999
3.666 -0.299999
3.668 -0.299999
3.670 -0.299999
3.672 -0.299999
3.674 -0.299999
3.676 -0.299999
3.678 -0.299999
3.680 -0.299999
3.682 -0.299999
3.684 -0.299999
3.686 -0.299999
3.688 -0.299999
3.690 -0.299999
3.692 -0.299999
3.694 -0.299999
3.696 -0.299999
3.698 -0.299999
3.700 -0.299999
3.702 -0.299999
3.704 -0.299999
3.706 -0.299999
3.708 -0.299999
3.710 -0.299999
3.712 -0.299999
3.714 -0.299999
3.716 -0.299999
3.718 -0.299999
3.720 -0.299999
3.722 -0.299999
3.724 -0.299999
3.726 -0.299999
3.728 -0.299999
3.730 -0.299999
3.732 -0.299999
3.734 -0.299999
3.736 -0.299999
3.738 -0.299999
3.740 -0.299999
3.742 -0.299999
3.744 -0.299999
3.746 -0.299999
3.748 -0.299999
3.750 -0.299999
3.752 -0.299999
3.754 -0.299999
3.756 -0.299999
3.758 -0.299999
3.760 -0.299999
3.762 -0.299999
3.764 -0.299999
3.766 -0.299999
3.768 -0.299999
3.770 -0.299999
3.772 -0.299999
3.774 -0.299999
3.776 -0.299999
3.778 -0.299999
3.780 -0.299999
3.782 -0.299999
3.784 -0.299999
3.786 -0.299999
3.788 -0.299999
3.790 -0.299999
3.792 -0.299999
3.794 -0.299999
3.796 -0.299999
3.798 -0.299999
3.800 -0.299999
3.802 -0.299999
3.804 -0.299999
3.806 -0.299999
3.808 -0.299999
3.810 -0.299999
3.812 -0.299999
3.814 -0.299999
3.816 -0.299999
3.818 -0.299999
3.820 -0.299999
3.822 -0.299999
3.824 -0.299999
3.826 -0.299999
3.828 -0.299999
3.830 -0.299999
3.832 -0.299999
3.834 -0.299999
3.836 -0.299999
3.838 -0.299999
3.840 -0.299999
3.842 -0.299999
3.844 -0.299999
3.846 -0.299999
3.848 -0.299999
3.850 -0.299999
3.852 -0.299999
3.854 -0.299999
3.856 -0.299999
3.858 -0.299999
3.860 -0.299999
3.862 -0.299999
3.864 -0.299999
3.866 -0.299999
3.868 -0.299999
3.870 -0.299999
3.872 -0.299999
3.874 -0.299999
3.876 -0.299999
3.878 -0.299999
3.880 -0.299999
3.882 -0.299999
3.884 -0.299999
3.886 -0.299999
3.888 -0.299999
3.890 -0.299999
3.892 -0.299999
3.894 -0.299999
3.896 -0.299999
3.898 -0.299999
3.900 -0.299999
3.902 -0.299999
3.904 -0.299999
3.906 -0.299999
3.908 -0.299999
3.910 -0.299999
3.912 -0.299999
3.914 -0.299999
3.916 -0.299999
3.918 -0.299999
3.920 -0.299999
3.922 -0.299999
3.924 -0.299999
3.926 -0.299999
3.928 -0.299999
3.930 -0.299999
3.932 -0.299999
3.934 -0.299999
3.936 -0.299999
3.938 -0.299999
3.940 -0.299999
3.942 -0.299999
3.944 -0.299999
3.946 -0.299999
3.948 -0.299999
3.950 -0.299999
3.952 -0.299999
3.954 -0.299999
3.956 -0.299999
3.958 -0.299999
3.960 -0.299999
3.962 -0.299999
3.964 -0.299999
3.966 -0.299999
3.968 -0.299999
3.970 -0.299999
3.972 -0.299999
3.974 -0.299999
3.976 -0.299999
3.978 -0.299999
3.980 -0.299999
3.982 -0.299999
3.984 -0.299999
3.986 -0.299999
3.988 -0.299999
3.990 -0.299999
3.992 -0.299999
3.994 -0.299999
3.996 -0.299999
3.998 -0.299999
4.000 -0.299999
4.002 -0.299999
4.004 -0.299999
4.006 -0.299999
4.008 -0.299999
4.010 -0.299999
4.012 -0.299999
4.014 -0.299999
4.016 -0.299999
4.018 -0.299999
4.020 -0.299999
4.022 -0.299999
4.024 -0.299999
4.026 -0.299999
4.028 -0.299999
4.030 -0.299999
4.032 -0.299999
4.034 -0.299999
4.036 -0.299999
4.038 -0.299999
4.040 -0.299999
4.042 -0.299999
4.044 -0.299999
4.046 -0.299999
4.048 -0.299999
4.050 -0.299999
4.052 -0.299999
4.054 -0.299999
4.056 -0.299999
4.058 -0.299999
4.060 -0.299999
4.062 -0.299999
4.064 -0.299999
4.066 -0.299999
4.068 -0.299999
4.070 -0.299999
4.072 -0.299999
4.074 -0.299999
4.076 -0.299999
4.078 -0.299999
4.080 -0.299999
4.082 -0.299999
4.084 -0.299999
4.086 -0.299999
4.088 -0.299999
4.090 -0.299999
4.092 -0.299999
4.094 -0.299999
4.096 -0.299999
4.098 -0.299999
4.100 -0.299999
4.102 -0.299999
4.104 -0.299999
4.106 -0.299999
4.108 -0.299999
4.110 -0.299999
4.112 -0.299999
4.114 -0.299999
4.116 -0.299999
4.118 -0.299999
4.120 -0.299999
4.122 -0.299999
4.124 -0.299999
4.126 -0.299999
4.128 -0.299999
4.130 -0.299999
4.132 -0.299999
4.134 -0.299999
4.136 -0.299999
4.138 -0.299999
4.140 -0.299999
4.142 -0.299999
4.144 -0.299999
4.146 -0.299999
4.148 -0.299999
4.150 -0.299999
4.152 -0.299999
4.154 -0.299999
4.156 -0.299999
4.158 -0.299999
4.160 -0.299999
4.162 -0.299999
4.164 -0.299999
4.166 -0.299999
4.168 -0.299999
4.170 -0.299999
4.172 -0.299999
4.174 -0.299999
4.176 -0.299999
4.178 -0.299999
4.180 -0.299999
4.182 -0.299999
4.184 -0.299999
4.186 -0.299999
4.188 -0.299999
4.190 -0.299999
4.192 -0.299999
4.194 -0.299999
4.196 -0.299999
4.198 -0.299999
4.200 -0.299999
4.202 -0.299999
4.204 -0.299999
4.206 -0.299999
4.208 -0.299999
4.210 -0.299999
4.212 -0.299999
4.214 -0.299999
4.216 -0.299999
4.218 -0.299999
4.220 -0.299999
4.222 -0.299999
4.224 -0.299999
4.226 -0.299999
4.228 -0.299999
4.230 -0.299999
4.232 -0.299999
4.234 -0.299999
4.236 -0.299999
4.238 -0.299999
4.240 -0.299999
4.242 -0.299999
4.244 -0.299999
4.246 -0.299999
4.248 -0.299999
4.250 -0.299999
4.252 -0.299999
4.254 -0.299999
4.256 -0.299999
4.258 -0.299999
4.260 -0.299999
4.262 -0.299999
4.264 -0.299999
4.266 -0.299999
4.268 -0.299999
4.270 -0.299999
4.272 -0.299999
4.274 -0.299999
4.276 -0.299999
4.278 -0.299999
4.280 -0.299999
4.282 -0.299999
4.284 -0.299999
4.286 -0.299999
4.288 -0.299999
4.290 -0.299999
4.292 -0.299999
4.294 -0.299999
4.296 -0.299999
4.298 -0.299999
4.300 -0.299999
4.302 -0.299999
4.304 -0.299999
4.306 -0.299999
4.308 -0.299999
4.310 -0.299999
4.312 -0.299999
4.314 -0.299999
4.316 -0.299999
4.318 -0.299999
4.320 -0.299999
4.322 -0.299999
4.324 -0.299999
4.326 -0.299999
4.328 -0.299999
4.330 -0.299999
4.332 -0.299999
4.334 -0.299999
4.336 -0.299999
4.338 -0.299999
4.340 -0.299999
4.342 -0.299999
4.344 -0.299999
4.346 -0.299999
4.348 -0.299999
4.350 -0.299999
4.352 -0.299999
4.354 -0.299999
4.356 -0.299999
4.358 -0.299999
4.360 -0.299999
4.362 -0.299999
4.364 -0.299999
4.366 -0.299999
4.368 -0.299999
4.370 -0.299999
4.372 -0.299999
4.374 -0.299999
4.376 -0.299999
4.378 -0.299999
4.380 -0.299999
4.382 -0.299999
4.384 -0.299999
4.386 -0.299999
4.388 -0.299999
4.390 -0.299999
4.392 -0.299999
4.394 -0.299999
4.396 -0.299999
4.398 -0.299999
4.400 -0.299999
4.402 -0.299999
4.404 -0.299999
4.406 -0.299999
4.408 -0.299999
4.410 -0.299999
4.412 -0.299999
4.414 -0.299999
4.416 -0.299999
4.418 -0.299999
4.420 -0.299999
4.422 -0.299999
4.424 -0.299999
4.426 -0.299999
4.428 -0.299999
4.430 -0.299999
4.432 -0.299999
4.434 -0.299999
4.436 -0.299999
4.438 -0.299999
4.440 -0.299999
4.442 -0.299999
4.444 -0.299999
4.446 -0.299999
4.448 -0.299999
4.450 -0.299999
4.452 -0.299999
4.454 -0.299999
4.456 -0.299999
4.458 -0.299999
4.460 -0.299999
4.462 -0.299999
4.464 -0.299999
4.466 -0.299999
4.468 -0.299999
4.470 -0.299999
4.472 -0.299999
4.474 -0.299999
4.476 -0.299999
4.478 -0.299999
4.480 -0.299999
4.482 -0.299999
4.484 -0.299999
4.486 -0.299999
4.488 -0.299999
4.490 -0.299999
4.492 -0.299999
4.494 -0.299999
4.496 -0.299999
4.498 -0.299999
4.500 -0.299999
4.502 -0.299999
4.504 -0.299999
4.506 -0.299999
4.508 -0.299999
4.510 -0.299999
4.512 -0.299999
4.514 -0.299999
4.516 -0.299999
4.518 -0.299999
4.520 -0.299999
4.522 -0.299999
4.524 -0.299999
4.526 -0.299999
4.528 -0.299999
4.530 -0.299999
4.532 -0.299999
4.534 -0.299999
4.536 -0.299999
4.538 -0.299999
4.540 -0.299999
4.542 -0.299999
4.544 -0.299999
4.546 -0.299999
4.548 -0.299999
4.550 -0.299999
4.552 -0.299999
4.554 -0.299999
4.556 -0.299999
4.558 -0.299999
4.560 -0.299999
4.562 -0.299999
4.564 -0.299999
4.566 -0.299999
4.568 -0.299999
4.570 -0.299999
4.572 -0.299999
4.574 -0.299999
4.576 -0.299999
4.578 -0.299999
4.580 -0.299999
4.582 -0.299999
4.584 -0.299999
4.586 -0.299999
4.588 -0.299999
4.590 -0.299999
4.592 -0.299999
4.594 -0.299999
4.596 -0.299999
4.598 -0.299999
4.600 -0.299999
4.602 -0.299999
4.604 -0.299999
4.606 -0.299999
4.608 -0.299999
4.610 -0.299999
4.612 -0.299999
4.614 -0.299999
4.616 -0.299999
4.618 -0.299999
4.620 -0.299999
4.622 -0.299999
4.624 -0.299999
4.626 -0.299999
4.628 -0.299999
4.630 -0.299999
4.632 -0.299999
4.634 -0.299999
4.636 -0.299999
4.638 -0.299999
4.640 -0.299999
4.642 -0.299999
4.644 -0.299999
4.646 -0.299999
4.648 -0.299999
4.650 -0.299999
4.652 -0.299999
4.654 -0.299999
4.656 -0.299999
4.658 -0.299999
4.660 -0.299999
4.662 -0.299999
4.664 -0.299999
4.666 -0.299999
4.668 -0.299999
4.670 -0.299999
4.672 -0.299999
4.674 -0.299999
4.676 -0.299999
4.678 -0.299999
4.680 -0.299999
4.682 -0.299999
4.684 -0.299999
4.686 -0.299999
4.688 -0.299999
4.690 -0.299999
4.692 -0.299999
4.694 -0.299999
4.696 -0.299999
4.698 -0.299999
4.700 -0.299999
4.702 -0.299999
4.704 -0.299999
4.706 -0.299999
4.708 -0.299999
4.710 -0.299999
4.712 -0.299999
4.714 -0.299999
4.716 -0.299999
4.718 -0.299999
4.720 -0.299999
4.722 -0.299999
4.724 -0.299999
4.726 -0.299999
4.728 -0.299999
4.730 -0.299999
4.732 -0.299999
4.734 -0.299999
4.736 -0.299999
4.738 -0.299999
4.740 -0.299999
4.742 -0.299999
4.744 -0.299999
4.746 -0.299999
4.748 -0.299999
4.750 -0.299999
4.752 -0.299999
4.754 -0.299999
4.756 -0.299999
4.758 -0.299999
4.760 -0.299999
4.762 -0.299999
4.764 -0.299999
4.766 -0.299999
4.768 -0.299999
4.770 -0.299999
4.772 -0.299999
4.774 -0.299999
4.776 -0.299999
4.778 -0.299999
4.780 -0.299999
4.782 -0.299999
4.784 -0.299999
4.786 -0.299999
4.788 -0.299999
4.790 -0.299999
4.792 -0.299999
4.794 -0.299999
4.796 -0.299999
4.798 -0.299999
4.800 -0.299999
4.802 -0.299999
4.804 -0.299999
4.806 -0.299999
4.808 -0.299999
4.810 -0.299999
4.812 -0.299999
4.814 -0.299999
4.816 -0.299999
4.818 -0.299999
4.820 -0.299999
4.822 -0.299999
4.824 -0.299999
4.826 -0.299999
4.828 -0.299999
4.830 -0.299999
4.832 -0.299999
4.834 -0.299999
4.836 -0.299999
4.838 -0.299999
4.840 -0.299999
4.842 -0.299999
4.844 -0.299999
4.846 -0.299999
4.848 -0.299999
4.850 -0.299999
4.852 -0.299999
4.854 -0.299999
4.856 -0.299999
4.858 -0.299999
4.860 -0.299999
4.862 -0.299999
4.864 -0.299999
4.866 -0.299999
4.868 -0.299999
4.870 -0.299999
4.872 -0.299999
4.874 -0.299999
4.876 -0.299999
4.878 -0.299999
4.880 -0.299999
4.882 -0.299999
4.884 -0.299999
4.886 -0.299999
4.888 -0.299999
4.890 -0.299999
4.892 -0.299999
4.894 -0.299999
4.896 -0.299999
4.898 -0.299999
4.900 -0.299999
4.902 -0.299999
4.904 -0.299999
4.906 -0.299999
4.908 -0.299999
4.910 -0.299999
4.912 -0.299999
4.914 -0.299999
4.916 -0.299999
4.918 -0.299999
4.920 -0.299999
4.922 -0.299999
4.924 -0.299999
4.926 -0.299999
4.928 -0.299999
4.930 -0.299999
4.932 -0.299999
4.934 -0.299999
4.936 -0.299999
4.938 -0.299999
4.940 -0.299999
4.942 -0.299999
4.944 -0.299999
4.946 -0.299999
4.948 -0.299999
4.950 -0.299999
4.952 -0.299999
4.954 -0.299999
4.956 -0.299999
4.958 -0.299999
4.960 -0.299999
4.962 -0.299999
4.964 -0.299999
4.966 -0.299999
4.968 -0.299999
4.970 -0.299999
4.972 -0.299999
4.974 -0.299999
4.976 -0.299999
4.978 -0.299999
4.980 -0.299999
4.982 -0.299999
4.984 -0.299999
4.986 -0.299999
4.988 -0.299999
4.990 -0.299999
4.992 -0.299999
4.994 -0.299999
4.996 -0.299999
4.998 -0.299999
5.000 -0.299999
5.002 -0.299999
5.004 -0.299999
5.006 -0.299999
5.008 -0.299999
5.010 -0.299999
5.012 -0.299999
5.014 -0.299999
5.016 -0.299999
5.018 -0.299999
5.020 -0.299999
5.022 -0.299999
5.024 -0.299999
5.026 -0.299999
5.028 -0.299999
5.030 -0.299999
5.032 -0.299999
5.034 -0.299999
5.036 -0.299999
5.038 -0.299999
5.040 -0.299999
5.042 -0.299999
5.044 -0.299999
5.046 -0.299999
5.048 -0.299999
5.050 -0.299999
5.052 -0.299999
5.054 -0.299999
5.056 -0.299999
5.058 -0.299999
5.060 -0.299999
5.062 -0.299999
5.064 -0.299999
5.066 -0.299999
5.068 -0.299999
5.070 -0.299999
5.072 -0.299999
5.074 -0.299999
5.076 -0.299999
5.078 -0.299999
5.080 -0.299999
5.082 -0.299999
5.084 -0.299999
5.086 -0.299999
5.088 -0.299999
5.090 -0.299999
5.092 -0.299999
5.094 -0.299999
5.096 -0.299999
5.098 -0.299999
5.100 -0.299999
5.102 -0.299999
5.104 -0.299999
5.106 -0.299999
5.108 -0.299999
5.110 -0.299999
5.112 -0.299999
5.114 -0.299999
5.116 -0.299999
5.118 -0.299999
5.120 -0.299999
5.122 -0.299999
5.124 -0.299999
5.126 -0.299999
5.128 -0.299999
5.130 -0.299999
5.132 -0.299999
5.134 -0.299999
5.136 -0.299999
5.138 -0.299999
5.140 -0.299999
5.142 -0.299999
5.144 -0.299999
5.146 -0.299999
5.148 -0.299999
5.150 -0.299999
5.152 -0.299999
5.154 -0.299999
5.156 -0.299999
5.158 -0.299999
5.160 -0.299999
5.162 -0.299999
5.164 -0.299999
5.166 -0.299999
5.168 -0.299999
5.170 -0.299999
5.172 -0.299999
5.174 -0.299999
5.176 -0.299999
5.178 -0.299999
5.180 -0.299999
5.182 -0.299999
5.184 -0.299999
5.186 -0.299999
5.188 -0.299999
5.190 -0.299999
5.192 -0.299999
5.194 -0.299999
5.196 -0.299999
5.198 -0.299999
5.200 -0.299999
5.202 -0.299999
5.204 -0.299999
5.206 -0.299999
5.208 -0.299999
5.210 -0.299999
5.212 -0.299999
5.214 -0.299999
5.216 -0.299999
5.218 -0.299999
5.220 -0.299999
5.222 -0.299999
5.224 -0.299999
5.226 -0.299999
5.228 -0.299999
5.230 -0.299999
5.232 -0.299999
5.234 -0.299999
5.236 -0.299999
5.238 -0.299999
5.240 -0.299999
5.242 -0.299999
5.244 -0.299999
5.246 -0.299999
5.248 -0.299999
5.250 -0.299999
5.252 -0.299999
5.254 -0.299999
5.256 -0.299999
5.258 -0.299999
5.260 -0.299999
5.262 -0.299999
5.264 -0.299999
5.266 -0.299999
5.268 -0.299999
5.270 -0.299999
5.272 -0.299999
5.274 -0.299999
5.276 -0.299999
5.278 -0.299999
5.280 -0.299999
5.282 -0.299999
5.284 -0.299999
5.286 -0.299999
5.288 -0.299999
5.290 -0.299999
5.292 -0.299999
5.294 -0.299999
5.296 -0.299999
5.298 -0.299999
5.300 -0.299999
5.302 -0.299999
5.304 -0.299999
5.306 -0.299999
5.308 -0.299999
5.310 -0.299999
5.312 -0.299999
5.314 -0.299999
5.316 -0.299999
5.318 -0.299999
5.320 -0.299999
5.322 -0.299999
5.324 -0.299999
5.326 -0.299999
5.328 -0.299999
5.330 -0.299999
5.332 -0.299999
5.334 -0.299999
5.336 -0.299999
5.338 -0.299999
5.340 -0.299999
5.342 -0.299999
5.344 -0.299999
5.346 -0.299999
5.348 -0.299999
5.350 -0.299999
5.352 -0.299999
5.354 -0.299999
5.356 -0.299999
5.358 -0.299999
5.360 -0.299999
5.362 -0.299999
5.364 -0.299999
5.366 -0.299999
5.368 -0.299999
5.370 -0.299999
5.372 -0.299999
5.374 -0.299999
5.376 -0.299999
5.378 -0.299999
5.380 -0.299999
5.382 -0.299999
5.384 -0.299999
5.386 -0.299999
5.388 -0.299999
5.390 -0.299999
5.392 -0.299999
5.394 -0.299999
5.396 -0.299999
5.398 -0.299999
5.400 -0.299999
5.402 -0.299999
5.404 -0.299999
5.406 -0.299999
5.408 -0.299999
5.410 -0.299999
5.412 -0.299999
5.414 -0.299999
5.416 -0.299999
5.418 -0.299999
5.420 -0.299999
5.422 -0.299999
5.424 -0.299999
5.426 -0.299999
5.428 -0.299999
5.430 -0.299999
5.432 -0.299999
5.434 -0.299999
5.436 -0.299999
5.438 -0.299999
5.440 -0.299999
5.442 -0.299999
5.444 -0.299999
5.446 -0.299999
5.448 -0.299999
5.450 -0.299999
5.452 -0.299999
5.454 -0.299999
5.456 -0.299999
5.458 -0.299999
5.460 -0.299999
5.462 -0.299999
5.464 -0.299999
5.466 -0.299999
5.468 -0.299999
5.470 -0.299999
5.472 -0.299999
5.474 -0.299999
5.476 -0.299999
5.478 -0.299999
5.480 -0.299999
5.482 -0.299999
5.484 -0.299999
5.486 -0.299999
5.488 -0.299999
5.490 -0.299999
5.492 -0.299999
5.494 -0.299999
5.496 -0.299999
5.498 -0.299999
5.500 -0.299999
5.502 -0.299999
5.504 -0.299999
5.506 -0.299999
5.508 -0.299999
5.510 -0.299999
5.512 -0.299999
5.514 -0.299999
5.516 -0.299999
5.518 -0.299999
5.520 -0.299999
5.522 -0.299999
5.524 -0.299999
5.526 -0.299999
5.528 -0.299999
5.530 -0.299999
5.532 -0.299999
5.534 -0.299999
5.536 -0.299999
5.538 -0.299999
5.540 -0.299999
5.542 -0.299999
5.544 -0.299999
5.546 -0.299999
5.548 -0.299999
5.550 -0.299999
5.552 -0.299999
5.554 -0.299999
5.556 -0.299999
5.558 -0.299999
5.560 -0.299999
5.562 -0.299999
5.564 -0.299999
5.566 -0.299999
5.568 -0.299999
5.570 -0.299999
5.572 -0.299999
5.574 -0.299999
5.576 -0.299999
5.578 -0.299999
5.580 -0.299999
5.582 -0.299999
5.584 -0.299999
5.586 -0.299999
5.588 -0.299999
5.590 -0.299999
5.592 -0.299999
5.594 -0.299999
5.596 -0.299999
5.598 -0.299999
5.600 -0.299999
5.602 -0.299999
5.604 -0.299999
5.606 -0.299999
5.608 -0.299999
5.610 -0.299999
5.612 -0.299999
5.614 -0.299999
5.616 -0.299999
5.618 -0.299999
5.620 -0.299999
5.622 -0.299999
5.624 -0.299999
5.626 -0.299999
5.628 -0.299999
5.630 -0.299999
5.632 -0.299999
5.634 -0.299999
5.636 -0.299999
5.638 -0.299999
5.640 -0.299999
5.642 -0.299999
5.644 -0.299999
5.646 -0.299999
5.648 -0.299999
5.650 -0.299999
5.652 -0.299999
5.654 -0.299999
5.656 -0.299999
5.658 -0.299999
5.660 -0.299999
5.662 -0.299999
5.664 -0.299999
5.666 -0.299999
5.668 -0.299999
5.670 -0.299999
5.672 -0.299999
5.674 -0.299999
5.676 -0.299999
5.678 -0.299999
5.680 -0.299999
5.682 -0.299999
5.684 -0.299999
5.686 -0.299999
5.688 -0.299999
5.690 -0.299999
5.692 -0.299999
5.694 -0.299999
5.696 -0.299999
5.698 -0.299999
5.700 -0.299999
5.702 -0.299999
5.704 -0.299999
5.706 -0.299999
5.708 -0.299999
5.710 -0.299999
5.712 -0.299999
5.714 -0.299999
5.716 -0.299999
5.718 -0.299999
5.720 -0.299999
5.722 -0.299999
5.724 -0.299999
5.726 -0.299999
5.728 -0.299999
5.730 -0.299999
5.732 -0.299999
5.734 -0.299999
5.736 -0.299999
5.738 -0.299999
5.740 -0.299999
5.742 -0.299999
5.744 -0.299999
5.746 -0.299999
5.748 -0.299999
5.750 -0.299999
5.752 -0.299999
5.754 -0.299999
5.756 -0.299999
5.758 -0.299999
5.760 -0.299999
5.762 -0.299999
5.764 -0.299999
5.766 -0.299999
5.768 -0.299999
5.770 -0.299999
5.772 -0.299999
5.774 -0.299999
5.776 -0.299999
5.778 -0.299999
5.780 -0.299999
5.782 -0.299999
5.784 -0.299999
5.786 -0.299999
5.788 -0.299999
5.790 -0.299999
5.792 -0.299999
5.794 -0.299999
5.796 -0.299999
5.798 -0.299999
5.800 -0.299999
5.802 -0.299999
5.804 -0.299999
5.806 -0.299999
5.808 -0.299999
5.810 -0.299999
5.812 -0.299999
5.814 -0.299999
5.816 -0.299999
5.818 -0.299999
5.820 -0.299999
5.822 -0.299999
5.824 -0.299999
5.826 -0.299999
5.828 -0.299999
5.830 -0.299999
5.832 -0.299999
5.834 -0.299999
5.836 -0.299999
5.838 -0.299999
5.840 -0.299999
5.842 -0.299999
5.844 -0.299999
5.846 -0.299999
5.848 -0.299999
5.850 -0.299999
5.852 -0.299999
5.854 -0.299999
5.856 -0.299999
5.858 -0.299999
5.860 -0.299999
5.862 -0.299999
5.864 -0.299999
5.866 -0.299999
5.868 -0.299999
5.870 -0.299999
5.872 -0.299999
5.874 -0.299999
5.876 -0.299999
5.878 -0.299999
5.880 -0.299999
5.882 -0.299999
5.884 -0.299999
5.886 -0.299999
5.888 -0.299999
5.890 -0.299999
5.892 -0.299999
5.894 -0.299999
5.896 -0.299999
5.898 -0.299999
5.900 -0.299999
5.902 -0.299999
5.904 -0.299999
5.906 -0.299999
5.908 -0.299999
5.910 -0.299999
5.912 -0.299999
5.914 -0.299999
5.916 -0.299999
5.918 -0.299999
5.920 -0.299999
5.922 -0.299999
5.924 -0.299999
5.926 -0.299999
5.928 -0.299999
5.930 -0.299999
5.932 -0.299999
5.934 -0.299999
5.936 -0.299999
5.938 -0.299999
5.940 -0.299999
5.942 -0.299999
5.944 -0.299999
5.946 -0.299999
5.948 -0.299999
5.950 -0.299999
5.952 -0.299999
5.954 -0.299999
5.956 -0.299999
5.958 -0.299999
5.960 -0.299999
5.962 -0.299999
5.964 -0.299999
5.966 -0.299999
5.968 -0.299999
5.970 -0.299999
5.972 -0.299999
5.974 -0.299999
5.976 -0.299999
5.978 -0.299999
5.980 -0.299999
5.982 -0.299999
5.984 -0.299999
5.986 -0.299999
5.988 -0.299999
5.990 -0.299999
5.992 -0.299999
5.994 -0.299999
5.996 -0.299999
5.998 -0.299999
6.000 -0.299999
6.002 -0.299999
6.004 -0.299999
6.006 -0.299999
6.008 -0.299999
6.010 -0.299999
6.012 -0.299999
6.014 -0.299999
6.016 -0.299999
6.018 -0.299999
6.020 -0.299999
6.022 -0.299999
6.024 -0.299999
6.026 -0.299999
6.028 -0.299999
6.030 -0.299999
6.032 -0.299999
6.034 -0.299999
6.036 -0.299999
6.038 -0.299999
6.040 -0.299999
6.042 -0.299999
6.044 -0.299999
6.046 -0.299999
6.048 -0.299999
6.050 -0.299999
6.052 -0.299999
6.054 -0.299999
6.056 -0.299999
6.058 -0.299999
6.060 -0.299999
6.062 -0.299999
6.064 -0.299999
6.066 -0.299999
6.068 -0.299999
6.070 -0.299999
6.072 -0.299999
6.074 -0.299999
6.076 -0.299999
6.078 -0.299999
6.080 -0.299999
6.082 -0.299999
6.084 -0.299999
6.086 -0.299999
6.088 -0.299999
6.090 -0.299999
6.092 -0.299999
6.094 -0.299999
6.096 -0.299999
6.098 -0.299999
6.100 -0.299999
6.102 -0.299999
6.104 -0.299999
6.106 -0.299999
6.108 -0.299999
6.110 -0.299999
6.112 -0.299999
6.114 -0.299999
6.116 -0.299999
6.118 -0.299999
6.120 -0.299999
6.122 -0.299999
6.124 -0.299999
6.126 -0.299999
6.128 -0.299999
6.130 -0.299999
6.132 -0.299999
6.134 -0.299999
6.136 -0.299999
6.138 -0.299999
6.140 -0.299999
6.142 -0.299999
6.144 -0.299999
6.146 -0.299999
6.148 -0.299999
6.150 -0.299999
6.152 -0.299999
6.154 -0.299999
6.156 -0.299999
6.158 -0.299999
6.160 -0.299999
6.162 -0.299999
6.164 -0.299999
6.166 -0.299999
6.168 -0.299999
6.170 -0.299999
6.172 -0.299999
6.174 -0.299999
6.176 -0.299999
6.178 -0.299999
6.180 -0.299999
6.182 -0.299999
6.184 -0.299999
6.186 -0.299999
6.188 -0.299999
6.190 -0.299999
6.192 -0.299999
6.194 -0.299999
6.196 -0.299999
6.198 -0.299999
6.200 -0.299999
6.202 -0.299999
6.204 -0.299999
6.206 -0.299999
6.208 -0.299999
6.210 -0.299999
6.212 -0.299999
6.214 -0.299999
6.216 -0.299999
6.218 -0.299999
6.220 -0.299999
6.222 -0.299999
6.224 -0.299999
6.226 -0.299999
6.228 -0.299999
6.230 -0.299999
6.232 -0.299999
6.234 -0.299999
6.236 -0.299999
6.238 -0.299999
6.240 -0.299999
6.242 -0.299999
6.244 -0.299999
6.246 -0.299999
6.248 -0.299999
6.250 -0.299999
6.252 -0.299999
6.254 -0.299999
6.256 -0.299999
6.258 -0.299999
6.260 -0.299999
6.262 -0.299999
6.264 -0.299999
6.266 -0.299999
6.268 -0.299999
6.270 -0.299999
6.272 -0.299999
6.274 -0.299999
6.276 -0.299999
6.278 -0.299999
6.280 -0.299999
6.282 -0.299999
6.284 -0.299999
6.286 -0.299999
6.288 -0.299999
6.290 -0.299999
6.292 -0.299999
6.294 -0.299999
6.296 -0.299999
6.298 -0.299999
6.300 -0.299999
6.302 -0.299999
6.304 -0.299999
6.306 -0.299999
6.308 -0.299999
6.310 -0.299999
6.312 -0.299999
6.314 -0.299999
6.316 -0.299999
6.318 -0.299999
6.320 -0.299999
6.322 -0.299999
6.324 -0.299999
6.326 -0.299999
6.328 -0.299999
6.330 -0.299999
6.332 -0.299999
6.334 -0.299999
6.336 -0.299999
6.338 -0.299999
6.340 -0.299999
6.342 -0.299999
6.344 -0.299999
6.346 -0.299999
6.348 -0.299999
6.350 -0.299999
6.352 -0.299999
6.354 -0.299999
6.356 -0.299999
6.358 -0.299999
6.360 -0.299999
6.362 -0.299999
6.364 -0.299999
6.366 -0.299999
6.368 -0.299999
6.370 -0.299999
6.372 -0.299999
6.374 -0.299999
6.376 -0.299999
6.378 -0.299999
6.380 -0.299999
6.382 -0.299999
6.384 -0.299999
6.386 -0.299999
6.388 -0.299999
6.390 -0.299999
6.392 -0.299999
6.394 -0.299999
6.396 -0.299999
6.398 -0.299999
6.400 -0.299999
6.402 -0.299999
6.404 -0.299999
6.406 -0.299999
6.408 -0.299999
6.410 -0.299999
6.412 -0.299999
6.414 -0.299999
6.416 -0.299999
6.418 -0.299999
6.420 -0.299999
6.422 -0.299999
6.424 -0.299999
6.426 -0.299999
6.428 -0.299999
6.430 -0.299999
6.432 -0.299999
6.434 -0.299999
6.436 -0.299999
6.438 -0.299999
6.440 -0.299999
6.442 -0.299999
6.444 -0.299999
6.446 -0.299999
6.448 -0.299999
6.450 -0.299999
6.452 -0.299999
6.454 -0.299999
6.456 -0.299999
6.458 -0.299999
6.460 -0.299999
6.462 -0.299999
6.464 -0.299999
6.466 -0.299999
6.468 -0.299999
6.470 -0.299999
6.472 -0.299999
6.474 -0.299999
6.476 -0.299999
6.478 -0.299999
6.480 -0.299999
6.482 -0.299999
6.484 -0.299999
6.486 -0.299999
6.488 -0.299999
6.490 -0.299999
6.492 -0.299999
6.494 -0.299999
6.496 -0.299999
6.498 -0.299999
6.500 -0.299999
6.502 -0.299999
6.504 -0.299999
6.506 -0.299999
6.508 -0.299999
6.510 -0.299999
6.512 -0.299999
6.514 -0.299999
6.516 -0.299999
6.518 -0.299999
6.520 -0.299999
6.522 -0.299999
6.524 -0.299999
6.526 -0.299999
6.528 -0.299999
6.530 -0.299999
6.532 -0.299999
6.534 -0.299999
6.536 -0.299999
6.538 -0.299999
6.540 -0.299999
6.542 -0.299999
6.544 -0.299999
6.546 -0.299999
6.548 -0.299999
6.550 -0.299999
6.552 -0.299999
6.554 -0.299999
6.556 -0.299999
6.558 -0.299999
6.560 -0.299999
6.562 -0.299999
6.564 -0.299999
6.566 -0.299999
6.568 -0.299999
6.570 -0.299999
6.572 -0.299999
6.574 -0.299999
6.576 -0.299999
6.578 -0.299999
6.580 -0.299999
6.582 -0.299999
6.584 -0.299999
6.586 -0.299999
6.588 -0.299999
6.590 -0.299999
6.592 -0.299999
6.594 -0.299999
6.596 -0.299999
6.598 -0.299999
6.600 -0.299999
6.602 -0.299999
6.604 -0.299999
6.606 -0.299999
6.608 -0.299999
6.610 -0.299999
6.612 -0.299999
6.614 -0.299999
6.616 -0.299999
6.618 -0.299999
6.620 -0.299999
6.622 -0.299999
6.624 -0.299999
6.626 -0.299999
6.628 -0.299999
6.630 -0.299999
6.632 -0.299999
6.634 -0.299999
6.636 -0.299999
6.638 -0.299999
6.640 -0.299999
6.642 -0.299999
6.644 -0.299999
6.646 -0.299999
6.648 -0.299999
6.650 -0.299999
6.652 -0.299999
6.654 -0.299999
6.656 -0.299999
6.658 -0.299999
6.660 -0.299999
6.662 -0.299999
6.664 -0.299999
6.666 -0.299999
6.668 -0.299999
6.670 -0.299999
6.672 -0.299999
6.674 -0.299999
6.676 -0.299999
6.678 -0.299999
6.680 -0.299999
6.682 -0.299999
6.684 -0.299999
6.686 -0.299999
6.688 -0.299999
6.690 -0.299999
6.692 -0.299999
6.694 -0.299999
6.696 -0.299999
6.698 -0.299999
6.700 -0.299999
6.702 -0.299999
6.704 -0.299999
6.706 -0.299999
6.708 -0.299999
6.710 -0.299999
6.712 -0.299999
6.714 -0.299999
6.716 -0.299999
6.718 -0.299999
6.720 -0.299999
6.722 -0.299999
6.724 -0.299999
6.726 -0.299999
6.728 -0.299999
6.730 -0.299999
6.732 -0.299999
6.734 -0.299999
6.736 -0.299999
6.738 -0.299999
6.740 -0.299999
6.742 -0.299999
6.744 -0.299999
6.746 -0.299999
6.748 -0.299999
6.750 -0.299999
6.752 -0.299999
6.754 -0.299999
6.756 -0.299999
6.758 -0.299999
6.760 -0.299999
6.762 -0.299999
6.764 -0.299999
6.766 -0.299999
6.768 -0.299999
6.770 -0.299999
6.772 -0.299999
6.774 -0.299999
6.776 -0.299999
6.778 -0.299999
6.780 -0.299999
6.782 -0.299999
6.784 -0.299999
6.786 -0.299999
6.788 -0.299999
6.790 -0.299999
6.792 -0.299999
6.794 -0.299999
6.796 -0.299999
6.798 -0.299999
6.800 -0.299999
6.802 -0.299999
6.804 -0.299999
6.806 -0.299999
6.808 -0.299999
6.810 -0.299999
6.812 -0.299999
6.814 -0.299999
6.816 -0.299999
6.818 -0.299999
6.820 -0.299999
6.822 -0.299999
6.824 -0.299999
6.826 -0.299999
6.828 -0.299999
6.830 -0.299999
6.832 -0.299999
6.834 -0.299999
6.836 -0.299999
6.838 -0.299999
6.840 -0.299999
6.842 -0.299999
6.844 -0.299999
6.846 -0.299999
6.848 -0.299999
6.850 -0.299999
6.852 -0.299999
6.854 -0.299999
6.856 -0.299999
6.858 -0.299999
6.860 -0.299999
6.862 -0.299999
6.864 -0.299999
6.866 -0.299999
6.868 -0.299999
6.870 -0.299999
6.872 -0.299999
6.874 -0.299999
6.876 -0.299999
6.878 -0.299999
6.880 -0.299999
6.882 -0.299999
6.884 -0.299999
6.886 -0.299999
6.888 -0.299999
6.890 -0.299999
6.892 -0.299999
6.894 -0.299999
6.896 -0.299999
6.898 -0.299999
6.900 -0.299999
6.902 -0.299999
6.904 -0.299999
6.906 -0.299999
6.908 -0.299999
6.910 -0.299999
6.912 -0.299999
6.914 -0.299999
6.916 -0.299999
6.918 -0.299999
6.920 -0.299999
6.922 -0.299999
6.924 -0.299999
6.926 -0.299999
6.928 -0.299999
6.930 -0.299999
6.932 -0.299999
6.934 -0.299999
6.936 -0.299999
6.938 -0.299999
6.940 -0.299999
6.942 -0.299999
6.944 -0.299999
6.946 -0.299999
6.948 -0.299999
6.950 -0.299999
6.952 -0.299999
6.954 -0.299999
6.956 -0.299999
6.958 -0.299999
6.960 -0.299999
6.962 -0.299999
6.964 -0.299999
6.966 -0.299999
6.968 -0.299999
6.970 -0.299999
6.972 -0.299999
6.974 -0.299999
6.976 -0.299999
6.978 -0.299999
6.980 -0.299999
6.982 -0.299999
6.984 -0.299999
6.986 -0.299999
6.988 -0.299999
6.990 -0.299999
6.992 -0.299999
6.994 -0.299999
6.996 -0.299999
6.998 -0.299999
7.000 -0.299999
7.002 -0.299999
7.004 -0.299999
7.006 -0.299999
7.008 -0.299999
7.010 -0.299999
7.012 -0.299999
7.014 -0.299999
7.016 -0.299999
7.018 -0.299999
7.020 -0.299999
7.022 -0.299999
7.024 -0.299999
7.026 -0.299999
7.028 -0.299999
7.030 -0.299999
7.032 -0.299999
7.034 -0.299999
7.036 -0.299999
7.038 -0.299999
7.040 -0.299999
7.042 -0.299999
7.044 -0.299999
7.046 -0.299999
7.048 -0.299999
7.050 -0.299999
7.052 -0.299999
7.054 -0.299999
7.056 -0.299999
7.058 -0.299999
7.060 -0.299999
7.062 -0.299999
7.064 -0.299999
7.066 -0.299999
7.068 -0.299999
7.070 -0.299999
7.072 -0.299999
7.074 -0.299999
7.076 -0.299999
7.078 -0.299999
7.080 -0.299999
7.082 -0.299999
7.084 -0.299999
7.086 -0.299999
7.088 -0.299999
7.090 -0.299999
7.092 -0.299999
7.094 -0.299999
7.096 -0.299999
7.098 -0.299999
7.100 -0.299999
7.102 -0.299999
7.104 -0.299999
7.106 -0.299999
7.108 -0.299999
7.110 -0.299999
7.112 -0.299999
7.114 -0.299999
7.116 -0.299999
7.118 -0.299999
7.120 -0.299999
7.122 -0.299999
7.124 -0.299999
7.126 -0.299999
7.128 -0.299999
7.130 -0.299999
7.132 -0.299999
7.134 -0.299999
7.136 -0.299999
7.138 -0.299999
7.140 -0.299999
7.142 -0.299999
7.144 -0.299999
7.146 -0.299999
7.148 -0.299999
7.150 -0.299999
7.152 -0.299999
7.154 -0.299999
7.156 -0.299999
7.158 -0.299999
7.160 -0.299999
7.162 -0.299999
7.164 -0.299999
7.166 -0.299999
7.168 -0.299999
7.170 -0.299999
7.172 -0.299999
7.174 -0.299999
7.176 -0.299999
7.178 -0.299999
7.180 -0.299999
7.182 -0.299999
7.184 -0.299999
7.186 -0.299999
7.188 -0.299999
7.190 -0.299999
7.192 -0.299999
7.194 -0.299999
7.196 -0.299999
7.198 -0.299999
7.200 -0.299999
7.202 -0.299999
7.204 -0.299999
7.206 -0.299999
7.208 -0.299999
7.210 -0.299999
7.212 -0.299999
7.214 -0.299999
7.216 -0.299999
7.218 -0.299999
7.220 -0.299999
7.222 -0.299999
7.224 -0.299999
7.226 -0.299999
7.228 -0.299999
7.230 -0.299999
7.232 -0.299999
7.234 -0.299999
7.236 -0.299999
7.238 -0.299999
7.240 -0.299999
7.242 -0.299999
7.244 -0.299999
7.246 -0.299999
7.248 -0.299999
7.250 -0.299999
7.252 -0.299999
7.254 -0.299999
7.256 -0.299999
7.258 -0.299999
7.260 -0.299999
7.262 -0.299999
7.264 -0.299999
7.266 -0.299999
7.268 -0.299999
7.270 -0.299999
7.272 -0.299999
7.274 -0.299999
7.276 -0.299999
7.278 -0.299999
7.280 -0.299999
7.282 -0.299999
7.284 -0.299999
7.286 -0.299999
7.288 -0.299999
7.290 -0.299999
7.292 -0.299999
7.294 -0.299999
7.296 -0.299999
7.298 -0.299999
7.300 -0.299999
7.302 -0.299999
7.304 -0.299999
7.306 -0.299999
7.308 -0.299999
7.310 -0.299999
7.312 -0.299999
7.314 -0.299999
7.316 -0.299999
7.318 -0.299999
7.320 -0.299999
7.322 -0.299999
7.324 -0.299999
7.326 -0.299999
7.328 -0.299999
7.330 -0.299999
7.332 -0.299999
7.334 -0.299999
7.336 -0.299999
7.338 -0.299999
7.340 -0.299999
7.342 -0.299999
7.344 -0.299999
7.346 -0.299999
7.348 -0.299999
7.350 -0.299999
7.352 -0.299999
7.354 -0.299999
7.356 -0.299999
7.358 -0.299999
7.360 -0.299999
7.362 -0.299999
7.364 -0.299999
7.366 -0.299999
7.368 -0.299999
7.370 -0.299999
7.372 -0.299999
7.374 -0.299999
7.376 -0.299999
7.378 -0.299999
7.380 -0.299999
7.382 -0.299999
7.384 -0.299999
7.386 -0.299999
7.388 -0.299999
7.390 -0.299999
7.392 -0.299999
7.394 -0.299999
7.396 -0.299999
7.398 -0.299999
7.400 -0.299999
7.402 -0.299999
7.404 -0.299999
7.406 -0.299999
7.408 -0.299999
7.410 -0.299999
7.412 -0.299999
7.414 -0.299999
7.416 -0.299999
7.418 -0.299999
7.420 -0.299999
7.422 -0.299999
7.424 -0.299999
7.426 -0.299999
7.428 -0.299999
7.430 -0.299999
7.432 -0.299999
7.434 -0.299999
7.436 -0.299999
7.438 -0.299999
7.440 -0.299999
7.442 -0.299999
7.444 -0.299999
7.446 -0.299999
7.448 -0.299999
7.450 -0.299999
7.452 -0.299999
7.454 -0.299999
7.456 -0.299999
7.458 -0.299999
7.460 -0.299999
7.462 -0.299999
7.464 -0.299999
7.466 -0.299999
7.468 -0.299999
7.470 -0.299999
7.472 -0.299999
7.474 -0.299999
7.476 -0.299999
7.478 -0.299999
7.480 -0.299999
7.482 -0.299999
7.484 -0.299999
7.486 -0.299999
7.488 -0.299999
7.490 -0.299999
7.492 -0.299999
7.494 -0.299999
7.496 -0.299999
7.498 -0.299999
7.500 -0.299999
7.502 -0.299999
7.504 -0.299999
7.506 -0.299999
7.508 -0.299999
7.510 -0.299999
7.512 -0.299999
7.514 -0.299999
7.516 -0.299999
7.518 -0.299999
7.520 -0.299999
7.522 -0.299999
7.524 -0.299999
7.526 -0.299999
7.528 -0.299999
7.530 -0.299999
7.532 -0.299999
7.534 -0.299999
7.536 -0.299999
7.538 -0.299999
7.540 -0.299999
7.542 -0.299999
7.544 -0.299999
7.546 -0.299999
7.548 -0.299999
7.550 -0.299999
7.552 -0.299999
7.554 -0.299999
7.556 -0.299999
7.558 -0.299999
7.560 -0.299999
7.562 -0.299999
7.564 -0.299999
7.566 -0.299999
7.568 -0.299999
7.570 -0.299999
7.572 -0.299999
7.574 -0.299999
7.576 -0.299999
7.578 -0.299999
7.580 -0.299999
7.582 -0.299999
7.584 -0.299999
7.586 -0.299999
7.588 -0.299999
7.590 -0.299999
7.592 -0.299999
7.594 -0.299999
7.596 -0.299999
7.598 -0.299999
7.600 -0.299999
7.602 -0.299999
7.604 -0.299999
7.606 -0.299999
7.608 -0.299999
7.610 -0.299999
7.612 -0.299999
7.614 -0.299999
7.616 -0.299999
7.618 -0.299999
7.620 -0.299999
7.622 -0.299999
7.624 -0.299999
7.626 -0.299999
7.628 -0.299999
7.630 -0.299999
7.632 -0.299999
7.634 -0.299999
7.636 -0.299999
7.638 -0.299999
7.640 -0.299999
7.642 -0.299999
7.644 -0.299999
7.646 -0.299999
7.648 -0.299999
7.650 -0.299999
7.652 -0.299999
7.654 -0.299999
7.656 -0.299999
7.658 -0.299999
7.660 -0.299999
7.662 -0.299999
7.664 -0.299999
7.666 -0.299999
7.668 -0.299999
7.670 -0.299999
7.672 -0.299999
7.674 -0.299999
7.676 -0.299999
7.678 -0.299999
7.680 -0.299999
7.682 -0.299999
7.684 -0.299999
7.686 -0.299999
7.688 -0.299999
7.690 -0.299999
7.692 -0.299999
7.694 -0.299999
7.696 -0.299999
7.698 -0.299999
7.700 -0.299999
7.702 -0.299999
7.704 -0.299999
7.706 -0.299999
7.708 -0.299999
7.710 -0.299999
7.712 -0.299999
7.714 -0.299999
7.716 -0.299999
7.718 -0.299999
7.720 -0.299999
7.722 -0.299999
7.724 -0.299999
7.726 -0.299999
7.728 -0.299999
7.730 -0.299999
7.732 -0.299999
7.734 -0.299999
7.736 -0.299999
7.738 -0.299999
7.740 -0.299999
7.742 -0.299999
7.744 -0.299999
7.746 -0.299999
7.748 -0.299999
7.750 -0.299999
7.752 -0.299999
7.754 -0.299999
7.756 -0.299999
7.758 -0.299999
7.760 -0.299999
7.762 -0.299999
7.764 -0.299999
7.766 -0.299999
7.768 -0.299999
7.770 -0.299999
7.772 -0.299999
7.774 -0.299999
7.776 -0.299999
7.778 -0.299999
7.780 -0.299999
7.782 -0.299999
7.784 -0.299999
7.786 -0.299999
7.788 -0.299999
7.790 -0.299999
7.792 -0.299999
7.794 -0.299999
7.796 -0.299999
7.798 -0.299999
7.800 -0.299999
7.802 -0.299999
7.804 -0.299999
7.806 -0.299999
7.808 -0.299999
7.810 -0.299999
7.812 -0.299999
7.814 -0.299999
7.816 -0.299999
7.818 -0.299999
7.820 -0.299999
7.822 -0.299999
7.824 -0.299999
7.826 -0.299999
7.828 -0.299999
7.830 -0.299999
7.832 -0.299999
7.834 -0.299999
7.836 -0.299999
7.838 -0.299999
7.840 -0.299999
7.842 -0.299999
7.844 -0.299999
7.846 -0.299999
7.848 -0.299999
7.850 -0.299999
7.852 -0.299999
7.854 -0.299999
7.856 -0.299999
7.858 -0.299999
7.860 -0.299999
7.862 -0.299999
7.864 -0.299999
7.866 -0.299999
7.868 -0.299999
7.870 -0.299999
7.872 -0.299999
7.874 -0.299999
7.876 -0.299999
7.878 -0.299999
7.880 -0.299999
7.882 -0.299999
7.884 -0.299999
7.886 -0.299999
7.888 -0.299999
7.890 -0.299999
7.892 -0.299999
7.894 -0.299999
7.896 -0.299999
7.898 -0.299999
7.900 -0.299999
7.902 -0.299999
7.904 -0.299999
7.906 -0.299999
7.908 -0.299999
7.910 -0.299999
7.912 -0.299999
7.914 -0.299999
7.916 -0.299999
7.918 -0.299999
7.920 -0.299999
7.922 -0.299999
7.924 -0.299999
7.926 -0.299999
7.928 -0.299999
7.930 -0.299999
7.932 -0.299999
7.934 -0.299999
7.936 -0.299999
7.938 -0.299999
7.940 -0.299999
7.942 -0.299999
7.944 -0.299999
7.946 -0.299999
7.948 -0.299999
7.950 -0.299999
7.952 -0.299999
7.954 -0.299999
7.956 -0.299999
7.958 -0.299999
7.960 -0.299999
7.962 -0.299999
7.964 -0.299999
7.966 -0.299999
7.968 -0.299999
7.970 -0.299999
7.972 -0.299999
7.974 -0.299999
7.976 -0.299999
7.978 -0.299999
7.980 -0.299999
7.982 -0.299999
7.984 -0.299999
7.986 -0.299999
7.988 -0.299999
7.990 -0.299999
7.992 -0.299999
7.994 -0.299999
7.996 -0.299999
7.998 -0.299999
8.000 -0.299999
8.002 -0.299999
8.004 -0.299999
8.006 -0.299999
8.008 -0.299999
8.010 -0.299999
8.012 -0.299999
8.014 -0.299999
8.016 -0.299999
8.018 -0.299999
8.020 -0.299999
8.022 -0.299999
8.024 -0.299999
8.026 -0.299999
8.028 -0.299999
8.030 -0.299999
8.032 -0.299999
8.034 -0.299999
8.036 -0.299999
8.038 -0.299999
8.040 -0.299999
8.042 -0.299999
8.044 -0.299999
8.046 -0.299999
8.048 -0.299999
8.050 -0.299999
8.052 -0.299999
8.054 -0.299999
8.056 -0.299999
8.058 -0.299999
8.060 -0.299999
8.062 -0.299999
8.064 -0.299999
8.066 -0.299999
8.068 -0.299999
8.070 -0.299999
8.072 -0.299999
8.074 -0.299999
8.076 -0.299999
8.078 -0.299999
8.080 -0.299999
8.082 -0.299999
8.084 -0.299999
8.086 -0.299999
8.088 -0.299999
8.090 -0.299999
8.092 -0.299999
8.094 -0.299999
8.096 -0.299999
8.098 -0.299999
8.100 -0.299999
8.102 -0.299999
8.104 -0.299999
8.106 -0.299999
8.108 -0.299999
8.110 -0.299999
8.112 -0.299999
8.114 -0.299999
8.116 -0.299999
8.118 -0.299999
8.120 -0.299999
8.122 -0.299999
8.124 -0.299999
8.126 -0.299999
8.128 -0.299999
8.130 -0.299999
8.132 -0.299999
8.134 -0.299999
8.136 -0.299999
8.138 -0.299999
8.140 -0.299999
8.142 -0.299999
8.144 -0.299999
8.146 -0.299999
8.148 -0.299999
8.150 -0.299999
8.152 -0.299999
8.154 -0.299999
8.156 -0.299999
8.158 -0.299999
8.160 -0.299999
8.162 -0.299999
8.164 -0.299999
8.166 -0.299999
8.168 -0.299999
8.170 -0.299999
8.172 -0.299999
8.174 -0.299999
8.176 -0.299999
8.178 -0.299999
8.180 -0.299999
8.182 -0.299999
8.184 -0.299999
8.186 -0.299999
8.188 -0.299999
8.190 -0.299999
8.192 -0.299999
8.194 -0.299999
8.196 -0.299999
8.198 -0.299999
8.200 -0.299999
8.202 -0.299999
8.204 -0.299999
8.206 -0.299999
8.208 -0.299999
8.210 -0.299999
8.212 -0.299999
8.214 -0.299999
8.216 -0.299999
8.218 -0.299999
8.220 -0.299999
8.222 -0.299999
8.224 -0.299999
8.226 -0.299999
8.228 -0.299999
8.230 -0.299999
8.232 -0.299999
8.234 -0.299999
8.236 -0.299999
8.238 -0.299999
8.240 -0.299999
8.242 -0.299999
8.244 -0.299999
8.246 -0.299999
8.248 -0.299999
8.250 -0.299999
8.252 -0.299999
8.254 -0.299999
8.256 -0.299999
8.258 -0.299999
8.260 -0.299999
8.262 -0.299999
8.264 -0.299999
8.266 -0.299999
8.268 -0.299999
8.270 -0.299999
8.272 -0.299999
8.274 -0.299999
8.276 -0.299999
8.278 -0.299999
8.280 -0.299999
8.282 -0.299999
8.284 -0.299999
8.286 -0.299999
8.288 -0.299999
8.290 -0.299999
8.292 -0.299999
8.294 -0.299999
8.296 -0.299999
8.298 -0.299999
8.300 -0.299999
8.302 -0.299999
8.304 -0.299999
8.306 -0.299999
8.308 -0.299999
8.310 -0.299999
8.312 -0.299999
8.314 -0.299999
8.316 -0.299999
8.318 -0.299999
8.320 -0.299999
8.322 -0.299999
8.324 -0.299999
8.326 -0.299999
8.328 -0.299999
8.330 -0.299999
8.332 -0.299999
8.334 -0.299999
8.336 -0.299999
8.338 -0.299999
8.340 -0.299999
8.342 -0.299999
8.344 -0.299999
8.346 -0.299999
8.348 -0.299999
8.350 -0.299999
8.352 -0.299999
8.354 -0.299999
8.356 -0.299999
8.358 -0.299999
8.360 -0.299999
8.362 -0.299999
8.364 -0.299999
8.366 -0.299999
8.368 -0.299999
8.370 -0.299999
8.372 -0.299999
8.374 -0.299999
8.376 -0.299999
8.378 -0.299999
8.380 -0.299999
8.382 -0.299999
8.384 -0.299999
8.386 -0.299999
8.388 -0.299999
8.390 -0.299999
8.392 -0.299999
8.394 -0.299999
8.396 -0.299999
8.398 -0.299999
8.400 -0.299999
8.402 -0.299999
8.404 -0.299999
8.406 -0.299999
8.408 -0.299999
8.410 -0.299999
8.412 -0.299999
8.414 -0.299999
8.416 -0.299999
8.418 -0.299999
8.420 -0.299999
8.422 -0.299999
8.424 -0.299999
8.426 -0.299999
8.428 -0.299999
8.430 -0.299999
8.432 -0.299999
8.434 -0.299999
8.436 -0.299999
8.438 -0.299999
8.440 -0.299999
8.442 -0.299999
8.444 -0.299999
8.446 -0.299999
8.448 -0.299999
8.450 -0.299999
8.452 -0.299999
8.454 -0.299999
8.456 -0.299999
8.458 -0.299999
8.460 -0.299999
8.462 -0.299999
8.464 -0.299999
8.466 -0.299999
8.468 -0.299999
8.470 -0.299999
8.472 -0.299999
8.474 -0.299999
8.476 -0.299999
8.478 -0.299999
8.480 -0.299999
8.482 -0.299999
8.484 -0.299999
8.486 -0.299999
8.488 -0.299999
8.490 -0.299999
8.492 -0.299999
8.494 -0.299999
8.496 -0.299999
8.498 -0.299999
8.500 -0.299999
8.502 -0.299999
8.504 -0.299999
8.506 -0.299999
8.508 -0.299999
8.510 -0.299999
8.512 -0.299999
8.514 -0.299999
8.516 -0.299999
8.518 -0.299999
8.520 -0.299999
8.522 -0.299999
8.524 -0.299999
8.526 -0.299999
8.528 -0.299999
8.530 -0.299999
8.532 -0.299999
8.534 -0.299999
8.536 -0.299999
8.538 -0.299999
8.540 -0.299999
8.542 -0.299999
8.544 -0.299999
8.546 -0.299999
8.548 -0.299999
8.550 -0.299999
8.552 -0.299999
8.554 -0.299999
8.556 -0.299999
8.558 -0.299999
8.560 -0.299999
8.562 -0.299999
8.564 -0.299999
8.566 -0.299999
8.568 -0.299999
8.570 -0.299999
8.572 -0.299999
8.574 -0.299999
8.576 -0.299999
8.578 -0.299999
8.580 -0.299999
8.582 -0.299999
8.584 -0.299999
8.586 -0.299999
8.588 -0.299999
8.590 -0.299999
8.592 -0.299999
8.594 -0.299999
8.596 -0.299999
8.598 -0.299999
8.600 -0.299999
8.602 -0.299999
8.604 -0.299999
8.606 -0.299999
8.608 -0.299999
8.610 -0.299999
8.612 -0.299999
8.614 -0.299999
8.616 -0.299999
8.618 -0.299999
8.620 -0.299999
8.622 -0.299999
8.624 -0.299999
8.626 -0.299999
8.628 -0.299999
8.630 -0.299999
8.632 -0.299999
8.634 -0.299999
8.636 -0.299999
8.638 -0.299999
8.640 -0.299999
8.642 -0.299999
8.644 -0.299999
8.646 -0.299999
8.648 -0.299999
8.650 -0.299999
8.652 -0.299999
8.654 -0.299999
8.656 -0.299999
8.658 -0.299999
8.660 -0.299999
8.662 -0.299999
8.664 -0.299999
8.666 -0.299999
8.668 -0.299999
8.670 -0.299999
8.672 -0.299999
8.674 -0.299999
8.676 -0.299999
8.678 -0.299999
8.680 -0.299999
8.682 -0.299999
8.684 -0.299999
8.686 -0.299999
8.688 -0.299999
8.690 -0.299999
8.692 -0.299999
8.694 -0.299999
8.696 -0.299999
8.698 -0.299999
8.700 -0.299999
8.702 -0.299999
8.704 -0.299999
8.706 -0.299999
8.708 -0.299999
8.710 -0.299999
8.712 -0.299999
8.714 -0.299999
8.716 -0.299999
8.718 -0.299999
8.720 -0.299999
8.722 -0.299999
8.724 -0.299999
8.726 -0.299999
8.728 -0.299999
8.730 -0.299999
8.732 -0.299999
8.734 -0.299999
8.736 -0.299999
8.738 -0.299999
8.740 -0.299999
8.742 -0.299999
8.744 -0.299999
8.746 -0.299999
8.748 -0.299999
8.750 -0.299999
8.752 -0.299999
8.754 -0.299999
8.756 -0.299999
8.758 -0.299999
8.760 -0.299999
8.762 -0.299999
8.764 -0.299999
8.766 -0.299999
8.768 -0.299999
8.770 -0.299999
8.772 -0.299999
8.774 -0.299999
8.776 -0.299999
8.778 -0.299999
8.780 -0.299999
8.782 -0.299999
8.784 -0.299999
8.786 -0.299999
8.788 -0.299999
8.790 -0.299999
8.792 -0.299999
8.794 -0.299999
8.796 -0.299999
8.798 -0.299999
8.800 -0.299999
8.802 -0.299999
8.804 -0.299999
8.806 -0.299999
8.808 -0.299999
8.810 -0.299999
8.812 -0.299999
8.814 -0.299999
8.816 -0.299999
8.818 -0.299999
8.820 -0.299999
8.822 -0.299999
8.824 -0.299999
8.826 -0.299999
8.828 -0.299999
8.830 -0.299999
8.832 -0.299999
8.834 -0.299999
8.836 -0.299999
8.838 -0.299999
8.840 -0.299999
8.842 -0.299999
8.844 -0.299999
8.846 -0.299999
8.848 -0.299999
8.850 -0.299999
8.852 -0.299999
8.854 -0.299999
8.856 -0.299999
8.858 -0.299999
8.860 -0.299999
8.862 -0.299999
8.864 -0.299999
8.866 -0.299999
8.868 -0.299999
8.870 -0.299999
8.872 -0.299999
8.874 -0.299999
8.876 -0.299999
8.878 -0.299999
8.880 -0.299999
8.882 -0.299999
8.884 -0.299999
8.886 -0.299999
8.888 -0.299999
8.890 -0.299999
8.892 -0.299999
8.894 -0.299999
8.896 -0.299999
8.898 -0.299999
8.900 -0.299999
8.902 -0.299999
8.904 -0.299999
8.906 -0.299999
8.908 -0.299999
8.910 -0.299999
8.912 -0.299999
8.914 -0.299999
8.916 -0.299999
8.918 -0.299999
8.920 -0.299999
8.922 -0.299999
8.924 -0.299999
8.926 -0.299999
8.928 -0.299999
8.930 -0.299999
8.932 -0.299999
8.934 -0.299999
8.936 -0.299999
8.938 -0.299999
8.940 -0.299999
8.942 -0.299999
8.944 -0.299999
8.946 -0.299999
8.948 -0.299999
8.950 -0.299999
8.952 -0.299999
8.954 -0.299999
8.956 -0.299999
8.958 -0.299999
8.960 -0.299999
8.962 -0.299999
8.964 -0.299999
8.966 -0.299999
8.968 -0.299999
8.970 -0.299999
8.972 -0.299999
8.974 -0.299999
8.976 -0.299999
8.978 -0.299999
8.980 -0.299999
8.982 -0.299999
8.984 -0.299999
8.986 -0.299999
8.988 -0.299999
8.990 -0.299999
8.992 -0.299999
8.994 -0.299999
8.996 -0.299999
8.998 -0.299999
9.000 -0.299999
9.002 -0.299999
9.004 -0.299999
9.006 -0.299999
9.008 -0.299999
9.010 -0.299999
9.012 -0.299999
9.014 -0.299999
9.016 -0.299999
9.018 -0.299999
9.020 -0.299999
9.022 -0.299999
9.024 -0.299999
9.026 -0.299999
9.028 -0.299999
9.030 -0.299999
9.032 -0.299999
9.034 -0.299999
9.036 -0.299999
9.038 -0.299999
9.040 -0.299999
9.042 -0.299999
9.044 -0.299999
9.046 -0.299999
9.048 -0.299999
9.050 -0.299999
9.052 -0.299999
9.054 -0.299999
9.056 -0.299999
9.058 -0.299999
9.060 -0.299999
9.062 -0.299999
9.064 -0.299999
9.066 -0.299999
9.068 -0.299999
9.070 -0.299999
9.072 -0.299999
9.074 -0.299999
9.076 -0.299999
9.078 -0.299999
9.080 -0.299999
9.082 -0.299999
9.084 -0.299999
9.086 -0.299999
9.088 -0.299999
9.090 -0.299999
9.092 -0.299999
9.094 -0.299999
9.096 -0.299999
9.098 -0.299999
9.100 -0.299999
9.102 -0.299999
9.104 -0.299999
9.106 -0.299999
9.108 -0.299999
9.110 -0.299999
9.112 -0.299999
9.114 -0.299999
9.116 -0.299999
9.118 -0.299999
9.120 -0.299999
9.122 -0.299999
9.124 -0.299999
9.126 -0.299999
9.128 -0.299999
9.130 -0.299999
9.132 -0.299999
9.134 -0.299999
9.136 -0.299999
9.138 -0.299999
9.140 -0.299999
9.142 -0.299999
9.144 -0.299999
9.146 -0.299999
9.148 -0.299999
9.150 -0.299999
9.152 -0.299999
9.154 -0.299999
9.156 -0.299999
9.158 -0.299999
9.160 -0.299999
9.162 -0.299999
9.164 -0.299999
9.166 -0.299999
9.168 -0.299999
9.170 -0.299999
9.172 -0.299999
9.174 -0.299999
9.176 -0.299999
9.178 -0.299999
9.180 -0.299999
9.182 -0.299999
9.184 -0.299999
9.186 -0.299999
9.188 -0.299999
9.190 -0.299999
9.192 -0.299999
9.194 -0.299999
9.196 -0.299999
9.198 -0.299999
9.200 -0.299999
9.202 -0.299999
9.204 -0.299999
9.206 -0.299999
9.208 -0.299999
9.210 -0.299999
9.212 -0.299999
9.214 -0.299999
9.216 -0.299999
9.218 -0.299999
9.220 -0.299999
9.222 -0.299999
9.224 -0.299999
9.226 -0.299999
9.228 -0.299999
9.230 -0.299999
9.232 -0.299999
9.234 -0.299999
9.236 -0.299999
9.238 -0.299999
9.240 -0.299999
9.242 -0.299999
9.244 -0.299999
9.246 -0.299999
9.248 -0.299999
9.250 -0.299999
9.252 -0.299999
9.254 -0.299999
9.256 -0.299999
9.258 -0.299999
9.260 -0.299999
9.262 -0.299999
9.264 -0.299999
9.266 -0.299999
9.268 -0.299999
9.270 -0.299999
9.272 -0.299999
9.274 -0.299999
9.276 -0.299999
9.278 -0.299999
9.280 -0.299999
9.282 -0.299999
9.284 -0.299999
9.286 -0.299999
9.288 -0.299999
9.290 -0.299999
9.292 -0.299999
9.294 -0.299999
9.296 -0.299999
9.298 -0.299999
9.300 -0.299999
9.302 -0.299999
9.304 -0.299999
9.306 -0.299999
9.308 -0.299999
9.310 -0.299999
9.312 -0.299999
9.314 -0.299999
9.316 -0.299999
9.318 -0.299999
9.320 -0.299999
9.322 -0.299999
9.324 -0.299999
9.326 -0.299999
9.328 -0.299999
9.330 -0.299999
9.332 -0.299999
9.334 -0.299999
9.336 -0.299999
9.338 -0.299999
9.340 -0.299999
9.342 -0.299999
9.344 -0.299999
9.346 -0.299999
9.348 -0.299999
9.350 -0.299999
9.352 -0.299999
9.354 -0.299999
9.356 -0.299999
9.358 -0.299999
9.360 -0.299999
9.362 -0.299999
9.364 -0.299999
9.366 -0.299999
9.368 -0.299999
9.370 -0.299999
9.372 -0.299999
9.374 -0.299999
9.376 -0.299999
9.378 -0.299999
9.380 -0.299999
9.382 -0.299999
9.384 -0.299999
9.386 -0.299999
9.388 -0.299999
9.390 -0.299999
9.392 -0.299999
9.394 -0.299999
9.396 -0.299999
9.398 -0.299999
9.400 -0.299999
9.402 -0.299999
9.404 -0.299999
9.406 -0.299999
9.408 -0.299999
9.410 -0.299999
9.412 -0.299999
9.414 -0.299999
9.416 -0.299999
9.418 -0.299999
9.420 -0.299999
9.422 -0.299999
9.424 -0.299999
9.426 -0.299999
9.428 -0.299999
9.430 -0.299999
9.432 -0.299999
9.434 -0.299999
9.436 -0.299999
9.438 -0.299999
9.440 -0.299999
9.442 -0.299999
9.444 -0.299999
9.446 -0.299999
9.448 -0.299999
9.450 -0.299999
9.452 -0.299999
9.454 -0.299999
9.456 -0.299999
9.458 -0.299999
9.460 -0.299999
9.462 -0.299999
9.464 -0.299999
9.466 -0.299999
9.468 -0.299999
9.470 -0.299999
9.472 -0.299999
9.474 -0.299999
9.476 -0.299999
9.478 -0.299999
9.480 -0.299999
9.482 -0.299999
9.484 -0.299999
9.486 -0.299999
9.488 -0.299999
9.490 -0.299999
9.492 -0.299999
9.494 -0.299999
9.496 -0.299999
9.498 -0.299999
9.500 -0.299999
9.502 -0.299999
9.504 -0.299999
9.506 -0.299999
9.508 -0.299999
9.510 -0.299999
9.512 -0.299999
9.514 -0.299999
9.516 -0.299999
9.518 -0.299999
9.520 -0.299999
9.522 -0.299999
9.524 -0.299999
9.526 -0.299999
9.528 -0.299999
9.530 -0.299999
9.532 -0.299999
9.534 -0.299999
9.536 -0.299999
9.538 -0.299999
9.540 -0.299999
9.542 -0.299999
9.544 -0.299999
9.546 -0.299999
9.548 -0.299999
9.550 -0.299999
9.552 -0.299999
9.554 -0.299999
9.556 -0.299999
9.558 -0.299999
9.560 -0.299999
9.562 -0.299999
9.564 -0.299999
9.566 -0.299999
9.568 -0.299999
9.570 -0.299999
9.572 -0.299999
9.574 -0.299999
9.576 -0.299999
9.578 -0.299999
9.580 -0.299999
9.582 -0.299999
9.584 -0.299999
9.586 -0.299999
9.588 -0.299999
9.590 -0.299999
9.592 -0.299999
9.594 -0.299999
9.596 -0.299999
9.598 -0.299999
9.600 -0.299999
9.602 -0.299999
9.604 -0.299999
9.606 -0.299999
9.608 -0.299999
9.610 -0.299999
9.612 -0.299999
9.614 -0.299999
9.616 -0.299999
9.618 -0.299999
9.620 -0.299999
9.622 -0.299999
9.624 -0.299999
9.626 -0.299999
9.628 -0.299999
9.630 -0.299999
9.632 -0.299999
9.634 -0.299999
9.636 -0.299999
9.638 -0.299999
9.640 -0.299999
9.642 -0.299999
9.644 -0.299999
9.646 -0.299999
9.648 -0.299999
9.650 -0.299999
9.652 -0.299999
9.654 -0.299999
9.656 -0.299999
9.658 -0.299999
9.660 -0.299999
9.662 -0.299999
9.664 -0.299999
9.666 -0.299999
9.668 -0.299999
9.670 -0.299999
9.672 -0.299999
9.674 -0.299999
9.676 -0.299999
9.678 -0.299999
9.680 -0.299999
9.682 -0.299999
9.684 -0.299999
9.686 -0.299999
9.688 -0.299999
9.690 -0.299999
9.692 -0.299999
9.694 -0.299999
9.696 -0.299999
9.698 -0.299999
9.700 -0.299999
9.702 -0.299999
9.704 -0.299999
9.706 -0.299999
9.708 -0.299999
9.710 -0.299999
9.712 -0.299999
9.714 -0.299999
9.716 -0.299999
9.718 -0.299999
9.720 -0.299999
9.722 -0.299999
9.724 -0.299999
9.726 -0.299999
9.728 -0.299999
9.730 -0.299999
9.732 -0.299999
9.734 -0.299999
9.736 -0.299999
9.738 -0.299999
9.740 -0.299999
9.742 -0.299999
9.744 -0.299999
9.746 -0.299999
9.748 -0.299999
9.750 -0.299999
9.752 -0.299999
9.754 -0.299999
9.756 -0.299999
9.758 -0.299999
9.760 -0.299999
9.762 -0.299999
9.764 -0.299999
9.766 -0.299999
9.768 -0.299999
9.770 -0.299999
9.772 -0.299999
9.774 -0.299999
9.776 -0.299999
9.778 -0.299999
9.780 -0.299999
9.782 -0.299999
9.784 -0.299999
9.786 -0.299999
9.788 -0.299999
9.790 -0.299999
9.792 -0.299999
9.794 -0.299999
9.796 -0.299999
9.798 -0.299999
9.800 -0.299999
9.802 -0.299999
9.804 -0.299999
9.806 -0.299999
9.808 -0.299999
9.810 -0.299999
9.812 -0.299999
9.814 -0.299999
9.816 -0.299999
9.818 -0.299999
9.820 -0.299999
9.822 -0.299999
9.824 -0.299999
9.826 -0.299999
9.828 -0.299999
9.830 -0.299999
9.832 -0.299999
9.834 -0.299999
9.836 -0.299999
9.838 -0.299999
9.840 -0.299999
9.842 -0.299999
9.844 -0.299999
9.846 -0.299999
9.848 -0.299999
9.850 -0.299999
9.852 -0.299999
9.854 -0.299999
9.856 -0.299999
9.858 -0.299999
9.860 -0.299999
9.862 -0.299999
9.864 -0.299999
9.866 -0.299999
9.868 -0.299999
9.870 -0.299999
9.872 -0.299999
9.874 -0.299999
9.876 -0.299999
9.878 -0.299999
9.880 -0.299999
9.882 -0.299999
9.884 -0.299999
9.886 -0.299999
9.888 -0.299999
9.890 -0.299999
9.892 -0.299999
9.894 -0.299999
9.896 -0.299999
9.898 -0.299999
9.900 -0.299999
9.902 -0.299999
9.904 -0.299999
9.906 -0.299999
9.908 -0.299999
9.910 -0.299999
9.912 -0.299999
9.914 -0.299999
9.916 -0.299999
9.918 -0.299999
9.920 -0.299999
9.922 -0.299999
9.924 -0.299999
9.926 -0.299999
9.928 -0.299999
9.930 -0.299999
9.932 -0.299999
9.934 -0.299999
9.936 -0.299999
9.938 -0.299999
9.940 -0.299999
9.942 -0.299999
9.944 -0.299999
9.946 -0.299999
9.948 -0.299999
9.950 -0.299999
9.952 -0.299999
9.954 -0.299999
9.956 -0.299999
9.958 -0.299999
9.960 -0.299999
9.962 -0.299999
9.964 -0.299999
9.966 -0.299999
9.968 -0.299999
9.970 -0.299999
9.972 -0.299999
9.974 -0.299999
9.976 -0.299999
9.978 -0.299999
9.980 -0.299999
9.982 -0.299999
9.984 -0.299999
9.986 -0.299999
9.988 -0.299999
9.990 -0.299999
9.992 -0.299999
9.994 -0.299999
9.996 -0.299999
9.998 -0.299999
10.000 -0.299999
10.002 -0.299999
10.004 -0.299999
10.006 -0.299999
10.008 -0.299999
10.010 -0.299999
10.012 -0.299999
10.014 -0.299999
10.016 -0.299999
10.018 -0.299999
10.020 -0.299999
10.022 -0.299999
10.024 -0.299999
10.026 -0.299999
10.028 -0.299999
10.030 -0.299999
10.032 -0.299999
10.034 -0.299999
10.036 -0.299999
10.038 -0.299999
10.040 -0.299999
10.042 -0.299999
10.044 -0.299999
10.046 -0.299999
10.048 -0.299999
10.050 -0.299999
10.052 -0.299999
10.054 -0.299999
10.056 -0.299999
10.058 -0.299999
10.060 -0.299999
10.062 -0.299999
10.064 -0.299999
10.066 -0.299999
10.068 -0.299999
10.070 -0.299999
10.072 -0.299999
10.074 -0.299999
10.076 -0.299999
10.078 -0.299999
10.080 -0.299999
10.082 -0.299999
10.084 -0.299999
10.086 -0.299999
10.088 -0.299999
10.090 -0.299999
10.092 -0.299999
10.094 -0.299999
10.096 -0.299999
10.098 -0.299999
10.100 -0.299999
10.102 -0.299999
10.104 -0.299999
10.106 -0.299999
10.108 -0.299999
10.110 -0.299999
10.112 -0.299999
10.114 -0.299999
10.116 -0.299999
10.118 -0.299999
10.120 -0.299999
10.122 -0.299999
10.124 -0.299999
10.126 -0.299999
10.128 -0.299999
10.130 -0.299999
10.132 -0.299999
10.134 -0.299999
10.136 -0.299999
10.138 -0.299999
10.140 -0.299999
10.142 -0.299999
10.144 -0.299999
10.146 -0.299999
10.148 -0.299999
10.150 -0.299999
10.152 -0.299999
10.154 -0.299999
10.156 -0.299999
10.158 -0.299999
10.160 -0.299999
10.162 -0.299999
10.164 -0.299999
10.166 -0.299999
10.168 -0.299999
10.170 -0.299999
10.172 -0.299999
10.174 -0.299999
10.176 -0.299999
10.178 -0.299999
10.180 -0.299999
10.182 -0.299999
10.184 -0.299999
10.186 -0.299999
10.188 -0.299999
10.190 -0.299999
10.192 -0.299999
10.194 -0.299999
10.196 -0.299999
10.198 -0.299999
10.200 -0.299999
10.202 -0.299999
10.204 -0.299999
10.206 -0.299999
10.208 -0.299999
10.210 -0.299999
10.212 -0.299999
10.214 -0.299999
10.216 -0.299999
10.218 -0.299999
10.220 -0.299999
10.222 -0.299999
10.224 -0.299999
10.226 -0.299999
10.228 -0.299999
10.230 -0.299999
10.232 -0.299999
10.234 -0.299999
10.236 -0.299999
10.238 -0.299999
10.240 -0.299999
10.242 -0.299999
10.244 -0.299999
10.246 -0.299999
10.248 -0.299999
10.250 -0.299999
10.252 -0.299999
10.254 -0.299999
10.256 -0.299999
10.258 -0.299999
10.260 -0.299999
10.262 -0.299999
10.264 -0.299999
10.266 -0.299999
10.268 -0.299999
10.270 -0.299999
10.272 -0.299999
10.274 -0.299999
10.276 -0.299999
10.278 -0.299999
10.280 -0.299999
10.282 -0.299999
10.284 -0.299999
10.286 -0.299999
10.288 -0.299999
10.290 -0.299999
10.292 -0.299999
10.294 -0.299999
10.296 -0.299999
10.298 -0.299999
10.300 -0.299999
10.302 -0.299999
10.304 -0.299999
10.306 -0.299999
10.308 -0.299999
10.310 -0.299999
10.312 -0.299999
10.314 -0.299999
10.316 -0.299999
10.318 -0.299999
10.320 -0.299999
10.322 -0.299999
10.324 -0.299999
10.326 -0.299999
10.328 -0.299999
10.330 -0.299999
10.332 -0.299999
10.334 -0.299999
10.336 -0.299999
10.338 -0.299999
10.340 -0.299999
10.342 -0.299999
10.344 -0.299999
10.346 -0.299999
10.348 -0.299999
10.350 -0.299999
10.352 -0.299999
10.354 -0.299999
10.356 -0.299999
10.358 -0.299999
10.360 -0.299999
10.362 -0.299999
10.364 -0.299999
10.366 -0.299999
10.368 -0.299999
10.370 -0.299999
10.372 -0.299999
10.374 -0.299999
10.376 -0.299999
10.378 -0.299999
10.380 -0.299999
10.382 -0.299999
10.384 -0.299999
10.386 -0.299999
10.388 -0.299999
10.390 -0.299999
10.392 -0.299999
10.394 -0.299999
10.396 -0.299999
10.398 -0.299999
10.400 -0.299999
10.402 -0.299999
10.404 -0.299999
10.406 -0.299999
10.408 -0.299999
10.410 -0.299999
10.412 -0.299999
10.414 -0.299999
10.416 -0.299999
10.418 -0.299999
10.420 -0.299999
10.422 -0.299999
10.424 -0.299999
10.426 -0.299999
10.428 -0.299999
10.430 -0.299999
10.432 -0.299999
10.434 -0.299999
10.436 -0.299999
10.438 -0.299999
10.440 -0.299999
10.442 -0.299999
10.444 -0.299999
10.446 -0.299999
10.448 -0.299999
10.450 -0.299999
10.452 -0.299999
10.454 -0.299999
10.456 -0.299999
10.458 -0.299999
10.460 -0.299999
10.462 -0.299999
10.464 -0.299999
10.466 -0.299999
10.468 -0.299999
10.470 -0.299999
10.472 -0.299999
10.474 -0.299999
10.476 -0.299999
10.478 -0.299999
10.480 -0.299999
10.482 -0.299999
10.484 -0.299999
10.486 -0.299999
10.488 -0.299999
10.490 -0.299999
10.492 -0.299999
10.494 -0.299999
10.496 -0.299999
10.498 -0.299999
10.500 -0.299999
10.502 -0.299999
10.504 -0.299999
10.506 -0.299999
10.508 -0.299999
10.510 -0.299999
10.512 -0.299999
10.514 -0.299999
10.516 -0.299999
10.518 -0.299999
10.520 -0.299999
10.522 -0.299999
10.524 -0.299999
10.526 -0.299999
10.528 -0.299999
10.530 -0.299999
10.532 -0.299999
10.534 -0.299999
10.536 -0.299999
10.538 -0.299999
10.540 -0.299999
10.542 -0.299999
10.544 -0.299999
10.546 -0.299999
10.548 -0.299999
10.550 -0.299999
10.552 -0.299999
10.554 -0.299999
10.556 -0.299999
10.558 -0.299999
10.560 -0.299999
10.562 -0.299999
10.564 -0.299999
10.566 -0.299999
10.568 -0.299999
10.570 -0.299999
10.572 -0.299999
10.574 -0.299999
10.576 -0.299999
10.578 -0.299999
10.580 -0.299999
10.582 -0.299999
10.584 -0.299999
10.586 -0.299999
10.588 -0.299999
10.590 -0.299999
10.592 -0.299999
10.594 -0.299999
10.596 -0.299999
10.598 -0.299999
10.600 -0.299999
10.602 -0.299999
10.604 -0.299999
10.606 -0.299999
10.608 -0.299999
10.610 -0.299999
10.612 -0.299999
10.614 -0.299999
10.616 -0.299999
10.618 -0.299999
10.620 -0.299999
10.622 -0.299999
10.624 -0.299999
10.626 -0.299999
10.628 -0.299999
