0.000 3.658073
0.002 3.658073
0.004 3.658073
0.006 3.658073
0.008 3.658073
0.010 3.658073
0.012 3.658073
0.014 3.658074
0.016 3.658071
0.018 3.658067
0.020 3.658064
0.022 3.658062
0.024 3.658059
0.026 3.658055
0.028 3.658050
0.030 3.658045
0.032 3.658039
0.034 3.658032
0.036 3.658025
0.038 3.658017
0.040 3.658008
0.042 3.657998
0.044 3.657988
0.046 3.657982
0.048 3.657965
0.050 3.657947
0.052 3.657933
0.054 3.657922
0.056 3.657911
0.058 3.657896
0.060 3.657880
0.062 3.657862
0.064 3.657844
0.066 3.657832
0.068 3.657805
0.070 3.657777
0.072 3.657754
0.074 3.657737
0.076 3.657727
0.078 3.657696
0.080 3.657661
0.082 3.657634
0.084 3.657612
0.086 3.657590
0.088 3.657565
0.090 3.657536
0.092 3.657504
0.094 3.657473
0.096 3.657441
0.098 3.657409
0.100 3.657376
0.102 3.657342
0.104 3.657306
0.106 3.657282
0.108 3.657245
0.110 3.657193
0.112 3.657126
0.114 3.657078
0.116 3.657052
0.118 3.657042
0.120 3.656996
0.122 3.656938
0.124 3.656889
0.126 3.656851
0.128 3.656814
0.130 3.656785
0.132 3.656721
0.134 3.656668
0.136 3.656601
0.138 3.656544
0.140 3.656515
0.142 3.656460
0.144 3.656413
0.146 3.656343
0.148 3.656278
0.150 3.656229
0.152 3.656187
0.154 3.656139
0.156 3.656100
0.158 3.656021
0.160 3.655939
0.162 3.655877
0.164 3.655827
0.166 3.655776
0.168 3.655716
0.170 3.655651
0.172 3.655584
0.174 3.655518
0.176 3.655452
0.178 3.655385
0.180 3.655316
0.182 3.655247
0.184 3.655177
0.186 3.655106
0.188 3.655034
0.190 3.654962
0.192 3.654888
0.194 3.654814
0.196 3.654760
0.198 3.654661
0.200 3.654559
0.202 3.654479
0.204 3.654415
0.206 3.654371
0.208 3.654271
0.210 3.654161
0.212 3.654074
0.214 3.654006
0.216 3.653937
0.218 3.653881
0.220 3.653768
0.222 3.653650
0.224 3.653559
0.226 3.653488
0.228 3.653415
0.230 3.653331
0.232 3.653263
0.234 3.653141
0.236 3.653018
0.238 3.652923
0.240 3.652846
0.242 3.652768
0.244 3.652678
0.246 3.652606
0.248 3.652504
0.250 3.652344
0.252 3.652209
0.254 3.652153
0.256 3.652058
0.258 3.651947
0.260 3.651845
0.262 3.651755
0.264 3.651694
0.266 3.651564
0.268 3.651423
0.270 3.651339
0.272 3.651218
0.274 3.651093
0.276 3.651018
0.278 3.650894
0.280 3.650763
0.282 3.650654
0.284 3.650591
0.286 3.650461
0.288 3.650316
0.290 3.650196
0.292 3.650098
0.294 3.650001
0.296 3.649891
0.298 3.649772
0.300 3.649682
0.302 3.649526
0.304 3.649367
0.306 3.649276
0.308 3.649141
0.310 3.648999
0.312 3.648879
0.314 3.648809
0.316 3.648699
0.318 3.648501
0.320 3.648327
0.322 3.648215
0.324 3.648130
0.326 3.648032
0.328 3.647908
0.330 3.647770
0.332 3.647632
0.334 3.647499
0.336 3.647367
0.338 3.647234
0.340 3.647136
0.342 3.646997
0.344 3.646776
0.346 3.646627
0.348 3.646507
0.350 3.646332
0.352 3.646175
0.354 3.646061
0.356 3.645962
0.358 3.645848
0.360 3.645748
0.362 3.645556
0.364 3.645358
0.366 3.645207
0.368 3.645129
0.370 3.644964
0.372 3.644777
0.374 3.644621
0.376 3.644494
0.378 3.644368
0.380 3.644228
0.382 3.644075
0.384 3.643917
0.386 3.643762
0.388 3.643651
0.390 3.643494
0.392 3.643241
0.394 3.643028
0.396 3.642937
0.398 3.642832
0.400 3.642656
0.402 3.642442
0.404 3.642197
0.406 3.642028
0.408 3.641927
0.410 3.641830
0.412 3.641697
0.414 3.641576
0.416 3.641396
0.418 3.641167
0.420 3.640936
0.422 3.640737
0.424 3.640518
0.426 3.640358
0.428 3.640250
0.430 3.640141
0.432 3.640000
0.434 3.639875
0.436 3.639642
0.438 3.639405
0.440 3.639224
0.442 3.639082
0.444 3.638985
0.446 3.638766
0.448 3.638526
0.450 3.638385
0.452 3.638234
0.454 3.638023
0.456 3.637785
0.458 3.637514
0.460 3.637375
0.462 3.637206
0.464 3.637036
0.466 3.636930
0.468 3.636723
0.470 3.636495
0.472 3.636307
0.474 3.636149
0.476 3.635989
0.478 3.635809
0.480 3.635615
0.482 3.635417
0.484 3.635223
0.486 3.635032
0.488 3.634840
0.490 3.634646
0.492 3.634451
0.494 3.634255
0.496 3.634005
0.498 3.633867
0.500 3.633789
0.502 3.633537
0.504 3.633234
0.506 3.632992
0.508 3.632815
0.510 3.632653
0.512 3.632469
0.514 3.632263
0.516 3.632050
0.518 3.631840
0.520 3.631635
0.522 3.631429
0.524 3.631221
0.526 3.631068
0.528 3.630852
0.530 3.630509
0.532 3.630222
0.534 3.630042
0.536 3.629963
0.538 3.629736
0.540 3.629459
0.542 3.629224
0.544 3.629038
0.546 3.628857
0.548 3.628654
0.550 3.628431
0.552 3.628203
0.554 3.627978
0.556 3.627758
0.558 3.627537
0.560 3.627375
0.562 3.627085
0.564 3.626786
0.566 3.626554
0.568 3.626370
0.570 3.626183
0.572 3.626031
0.574 3.625793
0.576 3.625412
0.578 3.625096
0.580 3.624965
0.582 3.624750
0.584 3.624495
0.586 3.624326
0.588 3.624052
0.590 3.623771
0.592 3.623541
0.594 3.623345
0.596 3.623142
0.598 3.622915
0.600 3.622671
0.602 3.622424
0.604 3.622182
0.606 3.621941
0.608 3.621701
0.610 3.621458
0.612 3.621214
0.614 3.620969
0.616 3.620791
0.618 3.620473
0.620 3.620146
0.622 3.619959
0.624 3.619682
0.626 3.619395
0.628 3.619152
0.630 3.618942
0.632 3.618725
0.634 3.618486
0.636 3.618229
0.638 3.617967
0.640 3.617709
0.642 3.617453
0.644 3.617197
0.646 3.616940
0.648 3.616682
0.650 3.616423
0.652 3.616163
0.654 3.615974
0.656 3.615636
0.658 3.615288
0.660 3.615017
0.662 3.614802
0.664 3.614584
0.666 3.614335
0.668 3.614135
0.670 3.613780
0.672 3.613421
0.674 3.613146
0.676 3.612927
0.678 3.612704
0.680 3.612448
0.682 3.612170
0.684 3.611963
0.686 3.611606
0.688 3.611243
0.690 3.610961
0.692 3.610736
0.694 3.610506
0.696 3.610246
0.698 3.610037
0.700 3.609743
0.702 3.609286
0.704 3.608905
0.706 3.608668
0.708 3.608487
0.710 3.608270
0.712 3.607997
0.714 3.607697
0.716 3.607400
0.718 3.607112
0.720 3.606827
0.722 3.606541
0.724 3.606251
0.726 3.605960
0.728 3.605670
0.730 3.605380
0.732 3.605089
0.734 3.604797
0.736 3.604504
0.738 3.604210
0.740 3.603915
0.742 3.603700
0.744 3.603316
0.746 3.602921
0.748 3.602614
0.750 3.602370
0.752 3.602122
0.754 3.601922
0.756 3.601525
0.758 3.601113
0.760 3.600797
0.762 3.600550
0.764 3.600301
0.766 3.600014
0.768 3.599700
0.770 3.599382
0.772 3.599071
0.774 3.598764
0.776 3.598456
0.778 3.598146
0.780 3.597834
0.782 3.597521
0.784 3.597209
0.786 3.596896
0.788 3.596582
0.790 3.596354
0.792 3.595945
0.794 3.595610
0.796 3.595189
0.798 3.594911
0.800 3.594544
0.802 3.594198
0.804 3.593916
0.806 3.593662
0.808 3.593385
0.810 3.593073
0.812 3.592740
0.814 3.592406
0.816 3.592077
0.818 3.591751
0.820 3.591425
0.822 3.591097
0.824 3.590768
0.826 3.590439
0.828 3.590110
0.830 3.589870
0.832 3.589532
0.834 3.589082
0.836 3.588530
0.838 3.588137
0.840 3.587913
0.842 3.587718
0.844 3.587454
0.846 3.587119
0.848 3.586758
0.850 3.586406
0.852 3.586065
0.854 3.585821
0.856 3.585379
0.858 3.584923
0.860 3.584568
0.862 3.584288
0.864 3.584100
0.866 3.583675
0.868 3.583303
0.870 3.582831
0.872 3.582429
0.874 3.582134
0.876 3.581872
0.878 3.581577
0.880 3.581234
0.882 3.580871
0.884 3.580605
0.886 3.580146
0.888 3.579774
0.890 3.579304
0.892 3.578896
0.894 3.578591
0.896 3.578322
0.898 3.578020
0.900 3.577673
0.902 3.577400
0.904 3.576923
0.906 3.576441
0.908 3.576070
0.910 3.575775
0.912 3.575475
0.914 3.575132
0.916 3.574760
0.918 3.574383
0.920 3.574013
0.922 3.573648
0.924 3.573282
0.926 3.572913
0.928 3.572543
0.930 3.572172
0.932 3.571801
0.934 3.571430
0.936 3.571057
0.938 3.570582
0.940 3.570319
0.942 3.569965
0.944 3.569712
0.946 3.569390
0.948 3.568957
0.950 3.568486
0.952 3.568048
0.954 3.567657
0.956 3.567289
0.958 3.566918
0.960 3.566537
0.962 3.566256
0.964 3.565757
0.966 3.565246
0.968 3.564848
0.970 3.564532
0.972 3.564211
0.974 3.563845
0.976 3.563446
0.978 3.563041
0.980 3.562752
0.982 3.562245
0.984 3.561725
0.986 3.561318
0.988 3.560994
0.990 3.560668
0.992 3.560296
0.994 3.559891
0.996 3.559480
0.998 3.559076
1.000 3.558679
1.002 3.558281
1.004 3.557879
1.006 3.557476
1.008 3.557072
1.010 3.556669
1.012 3.556266
1.014 3.555862
1.016 3.555457
1.018 3.555412
1.020 3.554879
1.022 3.554052
1.024 3.553315
1.026 3.552702
1.028 3.552238
1.030 3.552034
1.032 3.551925
1.034 3.551721
1.036 3.551369
1.038 3.551041
1.040 3.550466
1.042 3.549896
1.044 3.549464
1.046 3.549124
1.048 3.548777
1.050 3.548383
1.052 3.548070
1.054 3.547629
1.056 3.547059
1.058 3.546480
1.060 3.545977
1.062 3.545545
1.064 3.545136
1.066 3.544719
1.068 3.544287
1.070 3.543849
1.072 3.543296
1.074 3.542871
1.076 3.542587
1.078 3.542313
1.080 3.541960
1.082 3.541530
1.084 3.541074
1.086 3.540627
1.088 3.540194
1.090 3.539884
1.092 3.539323
1.094 3.538864
1.096 3.538287
1.098 3.537789
1.100 3.537420
1.102 3.537093
1.104 3.536724
1.106 3.536295
1.108 3.535836
1.110 3.535489
1.112 3.534911
1.114 3.534323
1.116 3.533861
1.118 3.533593
1.120 3.533091
1.122 3.532527
1.124 3.532152
1.126 3.531638
1.128 3.531118
1.130 3.530676
1.132 3.530284
1.134 3.529880
1.136 3.529435
1.138 3.529052
1.140 3.528547
1.142 3.527838
1.144 3.527242
1.146 3.526843
1.148 3.526599
1.150 3.526110
1.152 3.525538
1.154 3.525039
1.156 3.524622
1.158 3.524213
1.160 3.523765
1.162 3.523283
1.164 3.522792
1.166 3.522307
1.168 3.521829
1.170 3.521352
1.172 3.520873
1.174 3.520391
1.176 3.519909
1.178 3.519427
1.180 3.518945
1.182 3.518462
1.184 3.517977
1.186 3.517491
1.188 3.517004
1.190 3.516555
1.192 3.515971
1.194 3.515389
1.196 3.514927
1.198 3.514435
1.200 3.513831
1.202 3.513281
1.204 3.512841
1.206 3.512443
1.208 3.512020
1.210 3.511462
1.212 3.510808
1.214 3.510237
1.216 3.509788
1.218 3.509316
1.220 3.508822
1.222 3.508338
1.224 3.507866
1.226 3.507387
1.228 3.506889
1.230 3.506346
1.232 3.505770
1.234 3.505218
1.236 3.504719
1.238 3.504248
1.240 3.503769
1.242 3.503267
1.244 3.502747
1.246 3.502276
1.248 3.501795
1.250 3.501287
1.252 3.500742
1.254 3.500180
1.256 3.499626
1.258 3.499089
1.260 3.498484
1.262 3.497938
1.264 3.497425
1.266 3.496929
1.268 3.496341
1.270 3.495820
1.272 3.495324
1.274 3.494830
1.276 3.494329
1.278 3.493816
1.280 3.493294
1.282 3.492766
1.284 3.492234
1.286 3.491700
1.288 3.491166
1.290 3.490633
1.292 3.489963
1.294 3.489432
1.296 3.488950
1.298 3.488457
1.300 3.487941
1.302 3.487414
1.304 3.486726
1.306 3.486047
1.308 3.485431
1.310 3.485028
1.312 3.484621
1.314 3.483966
1.316 3.483287
1.318 3.482866
1.320 3.482475
1.322 3.482003
1.324 3.481466
1.326 3.480917
1.328 3.480179
1.330 3.479272
1.332 3.478707
1.334 3.478255
1.336 3.477754
1.338 3.477191
1.340 3.476839
1.342 3.476465
1.344 3.475760
1.346 3.475040
1.348 3.474667
1.350 3.474311
1.352 3.473826
1.354 3.473253
1.356 3.472678
1.358 3.472131
1.360 3.471596
1.362 3.471055
1.364 3.470500
1.366 3.469674
1.368 3.468920
1.370 3.468594
1.372 3.468266
1.374 3.467486
1.376 3.466682
1.378 3.466049
1.380 3.465531
1.382 3.465307
1.384 3.464954
1.386 3.464104
1.388 3.463578
1.390 3.463178
1.392 3.462714
1.394 3.462154
1.396 3.461558
1.398 3.460656
1.400 3.459873
1.402 3.459620
1.404 3.459339
1.406 3.458485
1.408 3.457950
1.410 3.457191
1.412 3.456828
1.414 3.456473
1.416 3.455603
1.418 3.454744
1.420 3.454110
1.422 3.453972
1.424 3.453699
1.426 3.452764
1.428 3.452212
1.430 3.451437
1.432 3.450721
1.434 3.450517
1.436 3.449844
1.438 3.449039
1.440 3.448751
1.442 3.448457
1.444 3.447937
1.446 3.447282
1.448 3.446639
1.450 3.446057
1.452 3.445502
1.454 3.444516
1.456 3.443659
1.458 3.443066
1.460 3.443010
1.462 3.442752
1.464 3.441705
1.466 3.440694
1.468 3.440043
1.470 3.440042
1.472 3.439839
1.474 3.438780
1.476 3.438193
1.478 3.437812
1.480 3.437349
1.482 3.436747
1.484 3.436092
1.486 3.435466
1.488 3.434397
1.490 3.434004
1.492 3.433734
1.494 3.433245
1.496 3.432076
1.498 3.431579
1.500 3.431288
1.502 3.430831
1.504 3.430184
1.506 3.429494
1.508 3.428862
1.510 3.427772
1.512 3.427403
1.514 3.426642
1.516 3.425845
1.518 3.425198
1.520 3.425179
1.522 3.424954
1.524 3.424332
1.526 3.423561
1.528 3.422871
1.530 3.422296
1.532 3.421754
1.534 3.421715
1.536 3.421963
1.538 3.422165
1.540 3.420070
1.542 3.418226
1.544 3.417534
1.546 3.416882
1.548 3.416848
1.550 3.416068
1.552 3.415674
1.554 3.415282
1.556 3.414723
1.558 3.414061
1.560 3.412853
1.562 3.412484
1.564 3.412294
1.566 3.411282
1.568 3.410264
1.570 3.410172
1.572 3.410065
1.574 3.409542
1.576 3.408776
1.578 3.408044
1.580 3.407441
1.582 3.406901
1.584 3.406344
1.586 3.405748
1.588 3.405720
1.590 3.404874
1.592 3.403880
1.594 3.403157
1.596 3.402070
1.598 3.401248
1.600 3.401342
1.602 3.401261
1.604 3.400671
1.606 3.399849
1.608 3.399111
1.610 3.397921
1.612 3.397648
1.614 3.397508
1.616 3.397045
1.618 3.395714
1.620 3.394629
1.622 3.394074
1.624 3.393729
1.626 3.393277
1.628 3.393287
1.630 3.392982
1.632 3.392282
1.634 3.391483
1.636 3.390801
1.638 3.390237
1.640 3.389695
1.642 3.389117
1.644 3.388509
1.646 3.387258
1.648 3.386291
1.650 3.385778
1.652 3.385411
1.654 3.385575
1.656 3.385324
1.658 3.384585
1.660 3.383735
1.662 3.383036
1.664 3.381826
1.666 3.381580
1.668 3.381464
1.670 3.380999
1.672 3.380265
1.674 3.379522
1.676 3.378225
1.678 3.377291
1.680 3.376820
1.682 3.377141
1.684 3.376358
1.686 3.375930
1.688 3.375501
1.690 3.374913
1.692 3.373550
1.694 3.372502
1.696 3.372676
1.698 3.372736
1.700 3.371494
1.702 3.370233
1.704 3.369536
1.706 3.369185
1.708 3.369490
1.710 3.369309
1.712 3.368541
1.714 3.367635
1.716 3.366204
1.718 3.365964
1.720 3.365237
1.722 3.365136
1.724 3.364889
1.726 3.364270
1.728 3.363491
1.730 3.362780
1.732 3.362184
1.734 3.361632
1.736 3.361057
1.738 3.360452
1.740 3.359838
1.742 3.358503
1.744 3.358230
1.746 3.358152
1.748 3.357717
1.750 3.356978
1.752 3.356213
1.754 3.355567
1.756 3.354267
1.758 3.354043
1.760 3.353980
1.762 3.352786
1.764 3.352368
1.766 3.352133
1.768 3.351660
1.770 3.350208
1.772 3.349065
1.774 3.347788
1.776 3.347850
1.778 3.347975
1.780 3.347530
1.782 3.347470
1.784 3.346315
1.786 3.345904
1.788 3.345628
1.790 3.344335
1.792 3.343967
1.794 3.343800
1.796 3.342565
1.798 3.342200
1.800 3.341230
1.802 3.341115
1.804 3.340957
1.806 3.340389
1.808 3.339593
1.810 3.338843
1.812 3.338227
1.814 3.336883
1.816 3.335882
1.818 3.335416
1.820 3.335114
1.822 3.334663
1.824 3.334040
1.826 3.334175
1.828 3.333985
1.830 3.333260
1.832 3.332362
1.834 3.330796
1.836 3.330591
1.838 3.329835
1.840 3.329005
1.842 3.329197
1.844 3.328336
1.846 3.328072
1.848 3.327762
1.850 3.327154
1.852 3.324005
1.854 3.321560
1.856 3.321125
1.858 3.322406
1.860 3.323740
1.862 3.324249
1.864 3.324154
1.866 3.323164
1.868 3.321925
1.870 3.320979
1.872 3.320368
1.874 3.319867
1.876 3.319305
1.878 3.318668
1.880 3.318015
1.882 3.317383
1.884 3.316772
1.886 3.316161
1.888 3.315544
1.890 3.314923
1.892 3.313436
1.894 3.312355
1.896 3.312779
1.898 3.312994
1.900 3.311526
1.902 3.310941
1.904 3.310707
1.906 3.310287
1.908 3.309606
1.910 3.308856
1.912 3.308187
1.914 3.307603
1.916 3.307039
1.918 3.306451
1.920 3.305841
1.922 3.305228
1.924 3.304622
1.926 3.304023
1.928 3.303423
1.930 3.302821
1.932 3.302219
1.934 3.300709
1.936 3.300533
1.938 3.299684
1.940 3.299711
1.942 3.299589
1.944 3.298055
1.946 3.297636
1.948 3.298457
1.950 3.299460
1.952 3.297760
1.954 3.295478
1.956 3.294343
1.958 3.294174
1.960 3.294084
1.962 3.293606
1.964 3.291915
1.966 3.291592
1.968 3.291627
1.970 3.291255
1.972 3.290478
1.974 3.289638
1.976 3.288946
1.978 3.288379
1.980 3.287829
1.982 3.286286
1.984 3.286115
1.986 3.286192
1.988 3.285795
1.990 3.284996
1.992 3.284165
1.994 3.283497
1.996 3.282947
1.998 3.281436
2.000 3.281305
2.002 3.281397
2.004 3.280994
2.006 3.280189
2.008 3.279359
2.010 3.278696
2.012 3.278151
2.014 3.277609
2.016 3.277020
2.018 3.275417
2.020 3.274286
2.022 3.273892
2.024 3.274715
2.026 3.273862
2.028 3.272508
2.030 3.271595
2.032 3.272167
2.034 3.272360
2.036 3.271655
2.038 3.270586
2.040 3.269708
2.042 3.268116
2.044 3.268121
2.046 3.268330
2.048 3.266926
2.050 3.265547
2.052 3.263882
2.054 3.262103
2.056 3.261480
2.058 3.262609
2.060 3.264153
2.062 3.264005
2.064 3.262621
2.066 3.261248
2.068 3.260459
2.070 3.260053
2.072 3.259647
2.074 3.259087
2.076 3.259477
2.078 3.259381
2.080 3.258562
2.082 3.257533
2.084 3.256717
2.086 3.256143
2.088 3.255636
2.090 3.254021
2.092 3.253905
2.094 3.254049
2.096 3.253662
2.098 3.252832
2.100 3.251969
2.102 3.251287
2.104 3.250736
2.106 3.250191
2.108 3.249597
2.110 3.247899
2.112 3.246721
2.114 3.247428
2.116 3.246782
2.118 3.246702
2.120 3.246393
2.122 3.245676
2.124 3.244821
2.126 3.244077
2.128 3.243477
2.130 3.241840
2.132 3.240702
2.134 3.240339
2.136 3.240205
2.138 3.239842
2.140 3.239215
2.142 3.238511
2.144 3.237867
2.146 3.238393
2.148 3.238399
2.150 3.237565
2.152 3.236473
2.154 3.235622
2.156 3.235055
2.158 3.234572
2.160 3.234024
2.162 3.233403
2.164 3.231645
2.166 3.231574
2.168 3.231811
2.170 3.231458
2.172 3.230605
2.174 3.228581
2.176 3.228443
2.178 3.227610
2.180 3.226740
2.182 3.227300
2.184 3.227482
2.186 3.225632
2.188 3.225112
2.190 3.223924
2.192 3.224132
2.194 3.224246
2.196 3.223668
2.198 3.222718
2.200 3.221859
2.202 3.221231
2.204 3.219559
2.206 3.218426
2.208 3.219254
2.210 3.218583
2.212 3.218530
2.214 3.217085
2.216 3.216937
2.218 3.216932
2.220 3.217593
2.222 3.218495
2.224 3.216856
2.226 3.213110
2.228 3.212330
2.230 3.213029
2.232 3.213283
2.234 3.212596
2.236 3.211523
2.238 3.210624
2.240 3.210006
2.242 3.209486
2.244 3.208913
2.246 3.208269
2.248 3.207612
2.250 3.206981
2.252 3.205195
2.254 3.205173
2.256 3.205448
2.258 3.203912
2.260 3.203620
2.262 3.203599
2.264 3.203169
2.266 3.202373
2.268 3.200362
2.270 3.199088
2.272 3.200008
2.274 3.200615
2.276 3.200026
2.278 3.198847
2.280 3.197849
2.282 3.197236
2.284 3.196792
2.286 3.195098
2.288 3.195084
2.290 3.195341
2.292 3.194986
2.294 3.192932
2.296 3.192637
2.298 3.192858
2.300 3.192591
2.302 3.191800
2.304 3.190914
2.306 3.189006
2.308 3.189058
2.310 3.189442
2.312 3.189133
2.314 3.187042
2.316 3.185506
2.318 3.185110
2.320 3.186357
2.322 3.186742
2.324 3.185844
2.326 3.184553
2.328 3.182396
2.330 3.182459
2.332 3.181730
2.334 3.180857
2.336 3.180253
2.338 3.181077
2.340 3.181281
2.342 3.180447
2.344 3.178043
2.346 3.176513
2.348 3.177467
2.350 3.178193
2.352 3.177653
2.354 3.176448
2.356 3.175409
2.358 3.173551
2.360 3.173719
2.362 3.174145
2.364 3.173806
2.366 3.172881
2.368 3.171941
2.370 3.171257
2.372 3.170743
2.374 3.168995
2.376 3.169019
2.378 3.169319
2.380 3.168967
2.382 3.168092
2.384 3.167188
2.386 3.166507
2.388 3.165983
2.390 3.165463
2.392 3.164883
2.394 3.164264
2.396 3.162417
2.398 3.161198
2.400 3.160914
2.402 3.162127
2.404 3.162446
2.406 3.161520
2.408 3.160238
2.410 3.158076
2.412 3.158154
2.414 3.158653
2.416 3.157166
2.418 3.156876
2.420 3.156847
2.422 3.157652
2.424 3.158722
2.426 3.159461
2.428 3.157721
2.430 3.154219
2.432 3.152285
2.434 3.152134
2.436 3.152388
2.438 3.152085
2.440 3.151242
2.442 3.150295
2.444 3.149514
2.446 3.147647
2.448 3.147648
2.450 3.146692
2.452 3.145665
2.454 3.145028
2.456 3.145879
2.458 3.146085
2.460 3.145214
2.462 3.143992
2.464 3.143060
2.466 3.142488
2.468 3.142032
2.470 3.141503
2.472 3.140886
2.474 3.140250
2.476 3.139642
2.478 3.139058
2.480 3.138476
2.482 3.137886
2.484 3.137290
2.486 3.135461
2.488 3.135480
2.490 3.135817
2.492 3.135497
2.494 3.135863
2.496 3.136816
2.498 3.137694
2.500 3.136086
2.502 3.133301
2.504 3.131623
2.506 3.128587
2.508 3.127150
2.510 3.128427
2.512 3.130576
2.514 3.129853
2.516 3.128832
2.518 3.127796
2.520 3.126897
2.522 3.126134
2.524 3.125443
2.526 3.124776
2.528 3.124120
2.530 3.123476
2.532 3.122845
2.534 3.122221
2.536 3.120367
2.538 3.120359
2.540 3.119436
2.542 3.119704
2.544 3.119746
2.546 3.117863
2.548 3.116273
2.550 3.116971
2.552 3.117562
2.554 3.117050
2.556 3.114690
2.558 3.114304
2.560 3.114603
2.562 3.114428
2.564 3.113666
2.566 3.112768
2.568 3.112054
2.570 3.111521
2.572 3.111024
2.574 3.110471
2.576 3.111104
2.578 3.109888
2.580 3.107141
2.582 3.106907
2.584 3.107534
2.586 3.107534
2.588 3.106759
2.590 3.105783
2.592 3.105028
2.594 3.104499
2.596 3.104017
2.598 3.103467
2.600 3.102858
2.602 3.102244
2.604 3.101651
2.606 3.101073
2.608 3.100494
2.610 3.099907
2.612 3.099315
2.614 3.098723
2.616 3.096899
2.618 3.096920
2.620 3.097255
2.622 3.096931
2.624 3.096061
2.626 3.095152
2.628 3.094470
2.630 3.092716
2.632 3.091578
2.634 3.091302
2.636 3.091254
2.638 3.090930
2.640 3.090308
2.642 3.090837
2.644 3.090826
2.646 3.089962
2.648 3.088844
2.650 3.087983
2.652 3.087420
2.654 3.088182
2.656 3.089502
2.658 3.088276
2.660 3.085652
2.662 3.084091
2.664 3.083811
2.666 3.083827
2.668 3.083438
2.670 3.082658
2.672 3.081805
2.674 3.081077
2.676 3.080459
2.678 3.079859
2.680 3.079228
2.682 3.078577
2.684 3.077932
2.686 3.076070
2.688 3.076062
2.690 3.075138
2.692 3.075397
2.694 3.075426
2.696 3.075996
2.698 3.074405
2.700 3.072626
2.702 3.071740
2.704 3.071501
2.706 3.071268
2.708 3.070751
2.710 3.068817
2.712 3.068734
2.714 3.067811
2.716 3.068118
2.718 3.068184
2.720 3.067532
2.722 3.066550
2.724 3.065699
2.726 3.065090
2.728 3.064583
2.730 3.062808
2.732 3.062815
2.734 3.063117
2.736 3.062774
2.738 3.060667
2.740 3.059136
2.742 3.058750
2.744 3.058789
2.746 3.058556
2.748 3.059178
2.750 3.057828
2.752 3.057473
2.754 3.057263
2.756 3.056700
2.758 3.055881
2.760 3.055088
2.762 3.054446
2.764 3.053897
2.766 3.052112
2.768 3.052131
2.770 3.052440
2.772 3.052094
2.774 3.049978
2.776 3.049671
2.778 3.049905
2.780 3.049640
2.782 3.048835
2.784 3.047930
2.786 3.045980
2.788 3.046040
2.790 3.045208
2.792 3.045507
2.794 3.045532
2.796 3.044859
2.798 3.042649
2.800 3.042418
2.802 3.042735
2.804 3.042488
2.806 3.041659
2.808 3.040734
2.810 3.040016
2.812 3.039475
2.814 3.038956
2.816 3.038377
2.818 3.037753
2.820 3.037128
2.822 3.036521
2.824 3.035925
2.826 3.035327
2.828 3.034724
2.830 3.034118
2.832 3.033513
2.834 3.031676
2.836 3.031683
2.838 3.032006
2.840 3.031671
2.842 3.030789
2.844 3.029870
2.846 3.027943
2.848 3.028023
2.850 3.028426
2.852 3.028107
2.854 3.025969
2.856 3.025641
2.858 3.025873
2.860 3.025619
2.862 3.023590
2.864 3.022062
2.866 3.022877
2.868 3.023519
2.870 3.022984
2.872 3.021811
2.874 3.020784
2.876 3.020143
2.878 3.019688
2.880 3.019188
2.882 3.018584
2.884 3.016705
2.886 3.015455
2.888 3.016392
2.890 3.016996
2.892 3.016386
2.894 3.015184
2.896 3.014168
2.898 3.013545
2.900 3.013094
2.902 3.012587
2.904 3.011978
2.906 3.011332
2.908 3.010709
2.910 3.010114
2.912 3.009525
2.914 3.007693
2.916 3.007695
2.918 3.008012
2.920 3.007675
2.922 3.006794
2.924 3.005876
2.926 3.005182
2.928 3.004651
2.930 3.004128
2.932 3.002309
2.934 3.001059
2.936 3.000739
2.938 3.000704
2.940 3.000400
2.942 2.999776
2.944 2.999055
2.946 2.998404
2.948 2.999068
2.950 2.999139
2.952 2.998263
2.954 2.997100
2.956 2.996214
2.958 2.995653
2.960 2.995188
2.962 2.994650
2.964 2.992795
2.966 2.992764
2.968 2.993072
2.970 2.992743
2.972 2.990634
2.974 2.990322
2.976 2.989312
2.978 2.989652
2.980 2.989771
2.982 2.989133
2.984 2.988136
2.986 2.986033
2.988 2.986026
2.990 2.986443
2.992 2.986167
2.994 2.985279
2.996 2.984331
2.998 2.982389
3.000 2.981237
3.002 2.982255
3.004 2.982862
3.006 2.982219
3.008 2.980996
3.010 2.979982
3.012 2.979368
3.014 2.978921
3.016 2.978412
3.018 2.976564
3.020 2.975291
3.022 2.976201
3.024 2.976798
3.026 2.976197
3.028 2.975001
3.030 2.973985
3.032 2.973358
3.034 2.972904
3.036 2.972396
3.038 2.971787
3.040 2.971140
3.042 2.970516
3.044 2.968686
3.046 2.968706
3.048 2.969032
3.050 2.968692
3.052 2.966570
3.054 2.965024
3.056 2.964632
3.058 2.965904
3.060 2.965060
3.062 2.963520
3.064 2.963742
3.066 2.963977
3.068 2.963423
3.070 2.962401
3.072 2.960234
3.074 2.960195
3.076 2.960622
3.078 2.960368
3.080 2.959491
3.082 2.958541
3.084 2.957828
3.086 2.958532
3.088 2.956655
3.090 2.954550
3.092 2.954953
3.094 2.955612
3.096 2.955275
3.098 2.954212
3.100 2.951920
3.102 2.951806
3.104 2.952223
3.106 2.951977
3.108 2.951094
3.110 2.950126
3.112 2.949395
3.114 2.948856
3.116 2.947103
3.118 2.947125
3.120 2.947416
3.122 2.947051
3.124 2.944928
3.126 2.943388
3.128 2.944233
3.130 2.944892
3.132 2.944351
3.134 2.943164
3.136 2.942129
3.138 2.941488
3.140 2.941036
3.142 2.940537
3.144 2.939932
3.146 2.939286
3.148 2.938660
3.150 2.938063
3.152 2.937475
3.154 2.936878
3.156 2.936272
3.158 2.935664
3.160 2.935060
3.162 2.934459
3.164 2.933858
3.166 2.933257
3.168 2.932655
3.170 2.932054
3.172 2.931453
3.174 2.930852
3.176 2.930251
3.178 2.929650
3.180 2.929049
3.182 2.927215
3.184 2.927224
3.186 2.926315
3.188 2.926592
3.190 2.926638
3.192 2.925988
3.194 2.925018
3.196 2.922940
3.198 2.922938
3.200 2.923351
3.202 2.923075
3.204 2.922192
3.206 2.921250
3.208 2.920548
3.210 2.920024
3.212 2.919511
3.214 2.918928
3.216 2.918301
3.218 2.917677
3.220 2.918308
3.222 2.919573
3.224 2.918295
3.226 2.915070
3.228 2.913164
3.230 2.912953
3.232 2.914411
3.234 2.913513
3.236 2.913004
3.238 2.912429
3.240 2.911631
3.242 2.910752
3.244 2.909956
3.246 2.908043
3.248 2.908032
3.250 2.908336
3.252 2.906732
3.254 2.905186
3.256 2.904535
3.258 2.904388
3.260 2.904129
3.262 2.903562
3.264 2.902842
3.266 2.902158
3.268 2.902795
3.270 2.902860
3.272 2.901988
3.274 2.900827
3.276 2.899940
3.278 2.899376
3.280 2.898911
3.282 2.898376
3.284 2.896525
3.286 2.896500
3.288 2.896813
3.290 2.895255
3.292 2.894995
3.294 2.896239
3.296 2.897669
3.298 2.898416
3.300 2.896694
3.302 2.893087
3.304 2.889735
3.306 2.889303
3.308 2.889178
3.310 2.890134
3.312 2.891474
3.314 2.891163
3.316 2.888423
3.318 2.886330
3.320 2.885764
3.322 2.885863
3.324 2.885698
3.326 2.883839
3.328 2.883649
3.330 2.883864
3.332 2.882313
3.334 2.882096
3.336 2.882126
3.338 2.881693
3.340 2.880874
3.342 2.880038
3.344 2.879377
3.346 2.878840
3.348 2.878312
3.350 2.877738
3.352 2.877134
3.354 2.876531
3.356 2.875942
3.358 2.875360
3.360 2.873542
3.362 2.873563
3.364 2.873898
3.366 2.873576
3.368 2.872709
3.370 2.871805
3.372 2.871126
3.374 2.870609
3.376 2.871333
3.378 2.870151
3.380 2.867380
3.382 2.867113
3.384 2.867727
3.386 2.867729
3.388 2.866956
3.390 2.865975
3.392 2.863977
3.394 2.862815
3.396 2.863861
3.398 2.864498
3.400 2.863871
3.402 2.862654
3.404 2.861647
3.406 2.861044
3.408 2.860611
3.410 2.860114
3.412 2.859509
3.414 2.858869
3.416 2.858253
3.418 2.857666
3.420 2.857084
3.422 2.856492
3.424 2.855891
3.426 2.855288
3.428 2.853455
3.430 2.853468
3.432 2.853797
3.434 2.853466
3.436 2.852588
3.438 2.851673
3.440 2.850984
3.442 2.850457
3.444 2.849938
3.446 2.849356
3.448 2.848734
3.450 2.848115
3.452 2.846281
3.454 2.846300
3.456 2.845397
3.458 2.844440
3.460 2.843859
3.462 2.843508
3.464 2.844341
3.466 2.844411
3.468 2.843471
3.470 2.842272
3.472 2.841392
3.474 2.840848
3.476 2.840391
3.478 2.839852
3.480 2.839228
3.482 2.838591
3.484 2.837979
3.486 2.837387
3.488 2.836794
3.490 2.836190
3.492 2.834348
3.494 2.833115
3.496 2.834046
3.498 2.835869
3.500 2.835086
3.502 2.832474
3.504 2.831973
3.506 2.832209
3.508 2.831935
3.510 2.829801
3.512 2.829374
3.514 2.829476
3.516 2.829128
3.518 2.828282
3.520 2.827344
3.522 2.826587
3.524 2.824759
3.526 2.824804
3.528 2.825118
3.530 2.824738
3.532 2.823813
3.534 2.822869
3.536 2.820929
3.538 2.820998
3.540 2.821385
3.542 2.821051
3.544 2.820134
3.546 2.817953
3.548 2.817863
3.550 2.818261
3.552 2.818005
3.554 2.817135
3.556 2.816186
3.558 2.815469
3.560 2.814937
3.562 2.814423
3.564 2.813842
3.566 2.813216
3.568 2.812591
3.570 2.811987
3.572 2.811394
3.574 2.810800
3.576 2.810199
3.578 2.809595
3.580 2.808993
3.582 2.808392
3.584 2.807793
3.586 2.807194
3.588 2.806595
3.590 2.805995
3.592 2.805396
3.594 2.804797
3.596 2.802964
3.598 2.802975
3.600 2.803301
3.602 2.802970
3.604 2.802092
3.606 2.801176
3.608 2.800487
3.610 2.799960
3.612 2.799441
3.614 2.797625
3.616 2.797613
3.618 2.797919
3.620 2.796354
3.622 2.796094
3.624 2.796108
3.626 2.795685
3.628 2.794877
3.630 2.794038
3.632 2.793363
3.634 2.792814
3.636 2.792274
3.638 2.791690
3.640 2.791076
3.642 2.789227
3.644 2.789236
3.646 2.789566
3.648 2.789236
3.650 2.788356
3.652 2.787436
3.654 2.787977
3.656 2.786839
3.658 2.785393
3.660 2.784542
3.662 2.781614
3.664 2.781235
3.666 2.783165
3.668 2.783967
3.670 2.783020
3.672 2.781511
3.674 2.780450
3.676 2.779936
3.678 2.779578
3.680 2.779089
3.682 2.778460
3.684 2.777804
3.686 2.777190
3.688 2.776614
3.690 2.776038
3.692 2.772872
3.694 2.772197
3.696 2.772802
3.698 2.774280
3.700 2.774336
3.702 2.773114
3.704 2.771756
3.706 2.770908
3.708 2.770460
3.710 2.768820
3.712 2.768887
3.714 2.769173
3.716 2.768803
3.718 2.767926
3.720 2.767034
3.722 2.766360
3.724 2.765835
3.726 2.765311
3.728 2.764726
3.730 2.764105
3.732 2.762256
3.734 2.762268
3.736 2.762603
3.738 2.762278
3.740 2.761399
3.742 2.759248
3.744 2.757933
3.746 2.757707
3.748 2.757757
3.750 2.758697
3.752 2.758671
3.754 2.757633
3.756 2.756419
3.758 2.755571
3.760 2.755054
3.762 2.754597
3.764 2.754046
3.766 2.753417
3.768 2.752781
3.770 2.752174
3.772 2.751585
3.774 2.750992
3.776 2.749155
3.778 2.749156
3.780 2.749474
3.782 2.749138
3.784 2.748257
3.786 2.747338
3.788 2.746644
3.790 2.746114
3.792 2.745590
3.794 2.743770
3.796 2.742520
3.798 2.743433
3.800 2.744022
3.802 2.743417
3.804 2.742224
3.806 2.741213
3.808 2.740588
3.810 2.740136
3.812 2.739629
3.814 2.739020
3.816 2.738375
3.818 2.737752
3.820 2.737157
3.822 2.736568
3.824 2.735969
3.826 2.735363
3.828 2.734755
3.830 2.734150
3.832 2.733548
3.834 2.732946
3.836 2.732343
3.838 2.731740
3.840 2.731137
3.842 2.730535
3.844 2.729933
3.846 2.729330
3.848 2.728728
3.850 2.728126
3.852 2.727524
3.854 2.728156
3.856 2.729411
3.858 2.729132
3.860 2.727660
3.862 2.723691
3.864 2.722132
3.866 2.722454
3.868 2.722879
3.870 2.722528
3.872 2.721637
3.874 2.720736
3.876 2.720053
3.878 2.719501
3.880 2.718937
3.882 2.718312
3.884 2.717663
3.886 2.717031
3.888 2.716423
3.890 2.714593
3.892 2.714604
3.894 2.714926
3.896 2.714590
3.898 2.713712
3.900 2.712798
3.902 2.712112
3.904 2.711589
3.906 2.711074
3.908 2.710496
3.910 2.709880
3.912 2.709268
3.914 2.707441
3.916 2.707467
3.918 2.707805
3.920 2.707480
3.922 2.706606
3.924 2.705695
3.926 2.705012
3.928 2.704493
3.930 2.703980
3.932 2.703404
3.934 2.702788
3.936 2.702176
3.938 2.701583
3.940 2.700998
3.942 2.700410
3.944 2.699816
3.946 2.699219
3.948 2.698623
3.950 2.698028
3.952 2.697435
3.954 2.696840
3.956 2.696245
3.958 2.695650
3.960 2.695054
3.962 2.694459
3.964 2.693863
3.966 2.692033
3.968 2.692047
3.970 2.691142
3.972 2.691422
3.974 2.691471
3.976 2.690825
3.978 2.689858
3.980 2.689016
3.982 2.688407
3.984 2.687898
3.986 2.687356
3.988 2.686755
3.990 2.686133
3.992 2.685523
3.994 2.683695
3.996 2.683713
3.998 2.684040
4.000 2.683706
4.002 2.682824
4.004 2.681906
4.006 2.681215
4.008 2.680688
4.010 2.680167
4.012 2.679583
4.014 2.678959
4.016 2.678339
4.018 2.677737
4.020 2.677145
4.022 2.676550
4.024 2.675948
4.026 2.675344
4.028 2.674741
4.030 2.674140
4.032 2.673540
4.034 2.672939
4.036 2.672338
4.038 2.671736
4.040 2.671135
4.042 2.670534
4.044 2.669933
4.046 2.669332
4.048 2.668731
4.050 2.668130
4.052 2.666295
4.054 2.666304
4.056 2.666627
4.058 2.666294
4.060 2.665414
4.062 2.664496
4.064 2.663804
4.066 2.663275
4.068 2.662753
4.070 2.660935
4.072 2.660920
4.074 2.661224
4.076 2.660890
4.078 2.660018
4.080 2.659106
4.082 2.657179
4.084 2.656023
4.086 2.657034
4.088 2.657641
4.090 2.657005
4.092 2.655788
4.094 2.654778
4.096 2.654166
4.098 2.653721
4.100 2.653214
4.102 2.652602
4.104 2.651955
4.106 2.651333
4.108 2.650739
4.110 2.650151
4.112 2.649553
4.114 2.647712
4.116 2.646480
4.118 2.647411
4.120 2.646768
4.122 2.646764
4.124 2.646491
4.126 2.645748
4.128 2.644848
4.130 2.644080
4.132 2.643483
4.134 2.642946
4.136 2.642380
4.138 2.640540
4.140 2.639298
4.142 2.640224
4.144 2.640818
4.146 2.640208
4.148 2.637775
4.150 2.637372
4.152 2.637673
4.154 2.637488
4.156 2.636702
4.158 2.634541
4.160 2.633180
4.162 2.634164
4.164 2.634841
4.166 2.634255
4.168 2.633037
4.170 2.632003
4.172 2.631375
4.174 2.630930
4.176 2.630428
4.178 2.629817
4.180 2.629168
4.182 2.628541
4.184 2.626711
4.186 2.626731
4.188 2.627057
4.190 2.625483
4.192 2.623971
4.194 2.624584
4.196 2.625083
4.198 2.624541
4.200 2.622187
4.202 2.621802
4.204 2.622082
4.206 2.621878
4.208 2.621091
4.210 2.620172
4.212 2.619440
4.214 2.617655
4.216 2.617745
4.218 2.618094
4.220 2.617739
4.222 2.616833
4.224 2.615908
4.226 2.615220
4.228 2.614694
4.230 2.614170
4.232 2.613579
4.234 2.612950
4.236 2.612326
4.238 2.611723
4.240 2.611129
4.242 2.610531
4.244 2.609926
4.246 2.609320
4.248 2.608715
4.250 2.608112
4.252 2.607510
4.254 2.605673
4.256 2.604447
4.258 2.604145
4.260 2.605344
4.262 2.605656
4.264 2.604725
4.266 2.603436
4.268 2.602499
4.270 2.603192
4.272 2.602148
4.274 2.600694
4.276 2.599797
4.278 2.599431
4.280 2.599133
4.282 2.598635
4.284 2.596740
4.286 2.596669
4.288 2.596969
4.290 2.596652
4.292 2.595789
4.294 2.596105
4.296 2.597262
4.298 2.595816
4.300 2.592564
4.302 2.590800
4.304 2.590784
4.306 2.591167
4.308 2.590990
4.310 2.589030
4.312 2.588797
4.314 2.589032
4.316 2.587512
4.318 2.587304
4.320 2.587324
4.322 2.585646
4.324 2.585432
4.326 2.585519
4.328 2.585122
4.330 2.584300
4.332 2.583446
4.334 2.582770
4.336 2.582227
4.338 2.581693
4.340 2.581110
4.342 2.580493
4.344 2.579876
4.346 2.579274
4.348 2.577446
4.350 2.577459
4.352 2.577783
4.354 2.577447
4.356 2.576565
4.358 2.575648
4.360 2.574957
4.362 2.574429
4.364 2.573907
4.366 2.573323
4.368 2.572699
4.370 2.572079
4.372 2.571477
4.374 2.572118
4.376 2.573380
4.378 2.573101
4.380 2.570318
4.382 2.567657
4.384 2.566808
4.386 2.567034
4.388 2.567096
4.390 2.566556
4.392 2.565693
4.394 2.564878
4.396 2.564226
4.398 2.563651
4.400 2.561823
4.402 2.561799
4.404 2.560847
4.406 2.561097
4.408 2.561133
4.410 2.560480
4.412 2.559504
4.414 2.558651
4.416 2.558032
4.418 2.557515
4.420 2.556968
4.422 2.556363
4.424 2.555738
4.426 2.555126
4.428 2.554531
4.430 2.553939
4.432 2.553342
4.434 2.552741
4.436 2.552140
4.438 2.551541
4.440 2.550944
4.442 2.550347
4.444 2.549750
4.446 2.549153
4.448 2.548556
4.450 2.547960
4.452 2.547364
4.454 2.545533
4.456 2.545546
4.458 2.544641
4.460 2.544922
4.462 2.544972
4.464 2.544326
4.466 2.543360
4.468 2.542519
4.470 2.541910
4.472 2.541402
4.474 2.540861
4.476 2.540261
4.478 2.539640
4.480 2.539032
4.482 2.538439
4.484 2.536615
4.486 2.536629
4.488 2.536953
4.490 2.535385
4.492 2.535115
4.494 2.535125
4.496 2.534704
4.498 2.533899
4.500 2.533062
4.502 2.532388
4.504 2.531838
4.506 2.531299
4.508 2.530715
4.510 2.530101
4.512 2.529487
4.514 2.527652
4.516 2.526433
4.518 2.526137
4.520 2.527338
4.522 2.527649
4.524 2.526719
4.526 2.525431
4.528 2.523263
4.530 2.522099
4.532 2.523201
4.534 2.525099
4.536 2.524195
4.538 2.522057
4.540 2.520613
4.542 2.520159
4.544 2.520013
4.546 2.519621
4.548 2.518945
4.550 2.518199
4.552 2.517533
4.554 2.516943
4.556 2.516366
4.558 2.515763
4.560 2.515142
4.562 2.514521
4.564 2.513910
4.566 2.513306
4.568 2.512703
4.570 2.512097
4.572 2.511490
4.574 2.510885
4.576 2.510280
4.578 2.509677
4.580 2.509074
4.582 2.508471
4.584 2.507868
4.586 2.507266
4.588 2.506664
4.590 2.506062
4.592 2.505460
4.594 2.504859
4.596 2.503024
4.598 2.501799
4.600 2.502733
4.602 2.503325
4.604 2.502713
4.606 2.501516
4.608 2.500508
4.610 2.499889
4.612 2.499441
4.614 2.498936
4.616 2.497095
4.618 2.495828
4.620 2.496742
4.622 2.497342
4.624 2.495509
4.626 2.494927
4.628 2.494839
4.630 2.494483
4.632 2.493753
4.634 2.491697
4.636 2.491609
4.638 2.491963
4.640 2.491687
4.642 2.490830
4.644 2.489902
4.646 2.489195
4.648 2.488661
4.650 2.488141
4.652 2.487559
4.654 2.486933
4.656 2.486309
4.658 2.486938
4.660 2.485734
4.662 2.484212
4.664 2.483342
4.666 2.483016
4.668 2.482728
4.670 2.482216
4.672 2.481543
4.674 2.480862
4.676 2.480244
4.678 2.479665
4.680 2.479084
4.682 2.478483
4.684 2.477874
4.686 2.477267
4.688 2.476667
4.690 2.476070
4.692 2.475471
4.694 2.474870
4.696 2.474269
4.698 2.473669
4.700 2.473069
4.702 2.472468
4.704 2.471868
4.706 2.471268
4.708 2.470667
4.710 2.470067
4.712 2.469467
4.714 2.468867
4.716 2.468267
4.718 2.467666
4.720 2.467066
4.722 2.466466
4.724 2.465866
4.726 2.465266
4.728 2.464666
4.730 2.464065
4.732 2.463465
4.734 2.462865
4.736 2.461032
4.738 2.459807
4.740 2.460742
4.742 2.460101
4.744 2.460099
4.746 2.459828
4.748 2.459088
4.750 2.458191
4.752 2.457425
4.754 2.456830
4.756 2.456294
4.758 2.455731
4.760 2.453893
4.762 2.453886
4.764 2.454204
4.766 2.453874
4.768 2.452999
4.770 2.450847
4.772 2.450762
4.774 2.451155
4.776 2.450899
4.778 2.450034
4.780 2.449093
4.782 2.449614
4.784 2.448475
4.786 2.447036
4.788 2.446188
4.790 2.445840
4.792 2.445532
4.794 2.443785
4.796 2.442495
4.798 2.442121
4.800 2.443305
4.802 2.443636
4.804 2.442723
4.806 2.441436
4.808 2.440491
4.810 2.439946
4.812 2.439513
4.814 2.438987
4.816 2.437127
4.818 2.435858
4.820 2.435545
4.822 2.436758
4.824 2.435849
4.826 2.434296
4.828 2.434536
4.830 2.433553
4.832 2.433608
4.834 2.433504
4.836 2.432835
4.838 2.431908
4.840 2.431096
4.842 2.430486
4.844 2.429961
4.846 2.429407
4.848 2.428801
4.850 2.428176
4.852 2.426327
4.854 2.426335
4.856 2.426661
4.858 2.426325
4.860 2.426672
4.862 2.424461
4.864 2.423484
4.866 2.423344
4.868 2.423155
4.870 2.421332
4.872 2.421131
4.874 2.421292
4.876 2.420923
4.878 2.420071
4.880 2.419166
4.882 2.418453
4.884 2.417892
4.886 2.416114
4.888 2.416129
4.890 2.416423
4.892 2.416062
4.894 2.415172
4.896 2.414253
4.898 2.413559
4.900 2.413024
4.902 2.412494
4.904 2.410670
4.906 2.410651
4.908 2.410953
4.910 2.408647
4.912 2.407766
4.914 2.409041
4.916 2.409602
4.918 2.408746
4.920 2.407360
4.922 2.406306
4.924 2.405717
4.926 2.405291
4.928 2.404774
4.930 2.404140
4.932 2.402243
4.934 2.400988
4.936 2.401925
4.938 2.402524
4.940 2.401908
4.942 2.400699
4.944 2.399680
4.946 2.399054
4.948 2.397369
4.950 2.397472
4.952 2.397787
4.954 2.396174
4.956 2.395882
4.958 2.395896
4.960 2.395486
4.962 2.394683
4.964 2.393840
4.966 2.393159
4.968 2.392605
4.970 2.392065
4.972 2.391481
4.974 2.390866
4.976 2.389017
4.978 2.389024
4.980 2.389354
4.982 2.389025
4.984 2.388145
4.986 2.384692
4.988 2.383318
4.990 2.384700
4.992 2.385675
4.994 2.385088
4.996 2.383728
4.998 2.383831
5.000 2.383821
5.002 2.383105
5.004 2.382050
5.006 2.381144
5.008 2.380512
5.010 2.380003
5.012 2.379462
5.014 2.378852
5.016 2.378214
5.018 2.376356
5.020 2.376361
5.022 2.376687
5.024 2.375118
5.026 2.374841
5.028 2.374843
5.030 2.374417
5.032 2.373610
5.034 2.372773
5.036 2.372100
5.038 2.371549
5.040 2.371011
5.042 2.370429
5.044 2.369817
5.046 2.367971
5.048 2.367982
5.050 2.368315
5.052 2.367989
5.054 2.367112
5.056 2.366196
5.058 2.364273
5.060 2.364358
5.062 2.364765
5.064 2.364452
5.066 2.363552
5.068 2.362619
5.070 2.360697
5.072 2.360790
5.074 2.359968
5.076 2.360263
5.078 2.360284
5.080 2.358381
5.082 2.358022
5.084 2.358114
5.086 2.357777
5.088 2.356987
5.090 2.356124
5.092 2.355428
5.094 2.354877
5.096 2.354346
5.098 2.352534
5.100 2.352528
5.102 2.352835
5.104 2.352498
5.106 2.350390
5.108 2.350086
5.110 2.350319
5.112 2.350055
5.114 2.349252
5.116 2.348350
5.118 2.347635
5.120 2.347087
5.122 2.346564
5.124 2.345987
5.126 2.345368
5.128 2.343512
5.130 2.342282
5.132 2.341988
5.134 2.341959
5.136 2.342880
5.138 2.342872
5.140 2.341849
5.142 2.340633
5.144 2.339775
5.146 2.339251
5.148 2.338793
5.150 2.337009
5.152 2.336989
5.154 2.337276
5.156 2.336934
5.158 2.336065
5.160 2.333921
5.162 2.333836
5.164 2.334224
5.166 2.333962
5.168 2.333095
5.170 2.332152
5.172 2.331438
5.174 2.330906
5.176 2.330390
5.178 2.329808
5.180 2.329180
5.182 2.328554
5.184 2.327948
5.186 2.327353
5.188 2.326755
5.190 2.327385
5.192 2.328635
5.194 2.329586
5.196 2.328048
5.198 2.323980
5.200 2.320312
5.202 2.319575
5.204 2.320933
5.206 2.321657
5.208 2.321036
5.210 2.319852
5.212 2.318907
5.214 2.318349
5.216 2.317926
5.218 2.317420
5.220 2.316808
5.222 2.314938
5.224 2.313709
5.226 2.313435
5.228 2.314667
5.230 2.313765
5.232 2.313454
5.234 2.313101
5.236 2.312445
5.238 2.311639
5.240 2.310903
5.242 2.310294
5.244 2.309750
5.246 2.306614
5.248 2.305953
5.250 2.306559
5.252 2.306803
5.254 2.306239
5.256 2.305325
5.258 2.305774
5.260 2.305843
5.262 2.305068
5.264 2.303977
5.266 2.303101
5.268 2.302526
5.270 2.302058
5.272 2.301535
5.274 2.300935
5.276 2.300310
5.278 2.298469
5.280 2.298489
5.282 2.298826
5.284 2.298498
5.286 2.297618
5.288 2.296700
5.290 2.294777
5.292 2.294861
5.294 2.294035
5.296 2.294330
5.298 2.294354
5.300 2.293686
5.302 2.292716
5.304 2.291881
5.306 2.291275
5.308 2.290763
5.310 2.290217
5.312 2.289612
5.314 2.287754
5.316 2.287752
5.318 2.288082
5.320 2.286522
5.322 2.286254
5.324 2.286258
5.326 2.284596
5.328 2.284397
5.330 2.283249
5.332 2.283451
5.334 2.283545
5.336 2.282953
5.338 2.281996
5.340 2.281135
5.342 2.280507
5.344 2.278758
5.346 2.278827
5.348 2.279149
5.350 2.278788
5.352 2.277892
5.354 2.276976
5.356 2.276289
5.358 2.275760
5.360 2.275234
5.362 2.274643
5.364 2.274015
5.366 2.273392
5.368 2.271554
5.370 2.270335
5.372 2.271271
5.374 2.271860
5.376 2.270007
5.378 2.269415
5.380 2.269330
5.382 2.268976
5.384 2.267012
5.386 2.265563
5.388 2.266397
5.390 2.265782
5.392 2.265835
5.394 2.265585
5.396 2.264832
5.398 2.263916
5.400 2.263142
5.402 2.262546
5.404 2.262011
5.406 2.261443
5.408 2.260833
5.410 2.260211
5.412 2.259600
5.414 2.260233
5.416 2.261490
5.418 2.260206
5.420 2.257600
5.422 2.256074
5.424 2.255805
5.426 2.255813
5.428 2.255417
5.430 2.254636
5.432 2.253788
5.434 2.251830
5.436 2.250589
5.438 2.251522
5.440 2.252083
5.442 2.251419
5.444 2.250179
5.446 2.249143
5.448 2.248506
5.450 2.248042
5.452 2.247520
5.454 2.246895
5.456 2.246237
5.458 2.245605
5.460 2.245002
5.462 2.244408
5.464 2.243804
5.466 2.241960
5.468 2.241958
5.470 2.242277
5.472 2.241941
5.474 2.239826
5.476 2.238283
5.478 2.239125
5.480 2.239788
5.482 2.239255
5.484 2.236841
5.486 2.236420
5.488 2.235474
5.490 2.235902
5.492 2.236053
5.494 2.235402
5.496 2.234389
5.498 2.233521
5.500 2.232916
5.502 2.232419
5.504 2.230647
5.506 2.229416
5.508 2.229088
5.510 2.230277
5.512 2.230595
5.514 2.229675
5.516 2.228391
5.518 2.226219
5.520 2.225052
5.522 2.224919
5.524 2.226193
5.526 2.225246
5.528 2.224882
5.530 2.224508
5.532 2.223853
5.534 2.223046
5.536 2.222297
5.538 2.221671
5.540 2.221109
5.542 2.220542
5.544 2.219945
5.546 2.219333
5.548 2.218723
5.550 2.216887
5.552 2.216896
5.554 2.217218
5.556 2.216880
5.558 2.215996
5.560 2.215075
5.562 2.214381
5.564 2.213851
5.566 2.213328
5.568 2.212741
5.570 2.210882
5.572 2.210869
5.574 2.209957
5.576 2.210241
5.578 2.210290
5.580 2.209637
5.582 2.208662
5.584 2.207813
5.586 2.207199
5.588 2.206686
5.590 2.206141
5.592 2.205536
5.594 2.203676
5.596 2.202438
5.598 2.203376
5.600 2.203974
5.602 2.203362
5.604 2.202161
5.606 2.199915
5.608 2.198669
5.610 2.199753
5.612 2.200440
5.614 2.199819
5.616 2.198577
5.618 2.197547
5.620 2.195701
5.622 2.195874
5.624 2.196296
5.626 2.195950
5.628 2.195020
5.630 2.194078
5.632 2.193393
5.634 2.191644
5.636 2.191734
5.638 2.192068
5.640 2.191703
5.642 2.190799
5.644 2.189880
5.646 2.189196
5.648 2.188670
5.650 2.188145
5.652 2.187555
5.654 2.186927
5.656 2.186305
5.658 2.185702
5.660 2.185108
5.662 2.184511
5.664 2.183907
5.666 2.183301
5.668 2.182697
5.670 2.182094
5.672 2.181493
5.674 2.180891
5.676 2.180289
5.678 2.179686
5.680 2.179084
5.682 2.178483
5.684 2.177881
5.686 2.177280
5.688 2.176678
5.690 2.176077
5.692 2.175475
5.694 2.174874
5.696 2.174273
5.698 2.173672
5.700 2.173071
5.702 2.172470
5.704 2.171869
5.706 2.171269
5.708 2.170668
5.710 2.170067
5.712 2.169466
5.714 2.168865
5.716 2.167031
5.718 2.165806
5.720 2.166741
5.722 2.167333
5.724 2.166721
5.726 2.165524
5.728 2.164516
5.730 2.163898
5.732 2.163449
5.734 2.162944
5.736 2.162336
5.738 2.161693
5.740 2.161072
5.742 2.160479
5.744 2.159892
5.746 2.159296
5.748 2.158691
5.750 2.158085
5.752 2.157481
5.754 2.156881
5.756 2.156281
5.758 2.155680
5.760 2.155078
5.762 2.154477
5.764 2.153876
5.766 2.153275
5.768 2.151441
5.770 2.151449
5.772 2.151773
5.774 2.150206
5.776 2.149936
5.778 2.149944
5.780 2.149520
5.782 2.148713
5.784 2.147875
5.786 2.147199
5.788 2.145414
5.790 2.144249
5.792 2.145199
5.794 2.144542
5.796 2.143291
5.798 2.143628
5.800 2.142583
5.802 2.142565
5.804 2.142444
5.806 2.141795
5.808 2.140888
5.810 2.140077
5.812 2.139460
5.814 2.137698
5.816 2.136522
5.818 2.136221
5.820 2.137401
5.822 2.137700
5.824 2.136770
5.826 2.134252
5.828 2.132690
5.830 2.132447
5.832 2.133810
5.834 2.134190
5.836 2.133231
5.838 2.131898
5.840 2.130947
5.842 2.130417
5.844 2.129993
5.846 2.129462
5.848 2.128826
5.850 2.128172
5.852 2.124926
5.854 2.123649
5.856 2.125109
5.858 2.127279
5.860 2.127252
5.862 2.125561
5.864 2.122631
5.866 2.122326
5.868 2.122862
5.870 2.122753
5.872 2.121895
5.874 2.120880
5.876 2.120111
5.878 2.119567
5.880 2.119059
5.882 2.118479
5.884 2.117840
5.886 2.115966
5.888 2.114728
5.890 2.115665
5.892 2.116260
5.894 2.114410
5.896 2.112584
5.898 2.111873
5.900 2.113056
5.902 2.113522
5.904 2.113923
5.906 2.114487
5.908 2.112552
5.910 2.109962
5.912 2.108732
5.914 2.108652
5.916 2.107434
5.918 2.107592
5.920 2.107720
5.922 2.107171
5.924 2.106208
5.926 2.105297
5.928 2.104612
5.930 2.104056
5.932 2.103492
5.934 2.102876
5.936 2.102236
5.938 2.100373
5.940 2.100373
5.942 2.099463
5.944 2.098501
5.946 2.097914
5.948 2.098790
5.950 2.099007
5.952 2.098147
5.954 2.096938
5.956 2.096017
5.958 2.095453
5.960 2.095001
5.962 2.093238
5.964 2.093230
5.966 2.093517
5.968 2.093172
5.970 2.092304
5.972 2.091399
5.974 2.090710
5.976 2.090177
5.978 2.088419
5.980 2.087210
5.982 2.088124
5.984 2.088698
5.986 2.088087
5.988 2.086900
5.990 2.085898
5.992 2.084046
5.994 2.082971
5.996 2.084001
5.998 2.084587
6.000 2.083933
6.002 2.081484
6.004 2.081095
6.006 2.081415
6.008 2.081239
6.010 2.080451
6.012 2.078288
6.014 2.076928
6.016 2.076682
6.018 2.076738
6.020 2.077690
6.022 2.077666
6.024 2.076621
6.026 2.075400
6.028 2.074550
6.030 2.072797
6.032 2.072950
6.034 2.072089
6.036 2.072333
6.038 2.072342
6.040 2.071684
6.042 2.070724
6.044 2.068652
6.046 2.068647
6.048 2.069051
6.050 2.068766
6.052 2.067879
6.054 2.068168
6.056 2.069321
6.058 2.070350
6.060 2.068890
6.062 2.064899
6.064 2.062166
6.066 2.062281
6.068 2.063323
6.070 2.063308
6.072 2.062229
6.074 2.060969
6.076 2.060076
6.078 2.059501
6.080 2.058975
6.082 2.058353
6.084 2.056430
6.086 2.056358
6.088 2.055411
6.090 2.055675
6.092 2.055710
6.094 2.056277
6.096 2.057147
6.098 2.055379
6.100 2.052019
6.102 2.050318
6.104 2.050379
6.106 2.050781
6.108 2.050588
6.110 2.049851
6.112 2.049017
6.114 2.048346
6.116 2.049042
6.118 2.047904
6.120 2.046399
6.122 2.045521
6.124 2.045195
6.126 2.043691
6.128 2.043815
6.130 2.044088
6.132 2.043692
6.134 2.042809
6.136 2.041929
6.138 2.041273
6.140 2.040761
6.142 2.040246
6.144 2.039670
6.146 2.039061
6.148 2.038458
6.150 2.036638
6.152 2.036668
6.154 2.037010
6.156 2.036687
6.158 2.035816
6.160 2.033674
6.162 2.033604
6.164 2.034011
6.166 2.033767
6.168 2.032913
6.170 2.031981
6.172 2.031278
6.174 2.030757
6.176 2.029018
6.178 2.027823
6.180 2.027506
6.182 2.028690
6.184 2.027773
6.186 2.027467
6.188 2.027116
6.190 2.026453
6.192 2.025635
6.194 2.024888
6.196 2.023039
6.198 2.021863
6.200 2.022836
6.202 2.023435
6.204 2.022814
6.206 2.021613
6.208 2.020606
6.210 2.019991
6.212 2.019542
6.214 2.019035
6.216 2.018425
6.218 2.017781
6.220 2.015925
6.222 2.014708
6.224 2.015655
6.226 2.015016
6.228 2.015008
6.230 2.014730
6.232 2.013986
6.234 2.013088
6.236 2.012321
6.238 2.010490
6.240 2.010562
6.242 2.010921
6.244 2.010581
6.246 2.009684
6.248 2.008759
6.250 2.008069
6.252 2.004793
6.254 2.000828
6.256 1.999903
6.258 2.001149
6.260 2.001914
6.262 2.001399
6.264 2.000290
6.266 2.000598
6.268 2.000661
6.270 1.999943
6.272 1.998891
6.274 1.998023
6.276 1.997447
6.278 1.996994
6.280 1.996501
6.282 1.995936
6.284 1.995345
6.286 1.994769
6.288 1.994212
6.290 1.993659
6.292 1.991865
6.294 1.991909
6.296 1.992268
6.298 1.991972
6.300 1.991131
6.302 1.990252
6.304 1.989598
6.306 1.989106
6.308 1.988619
6.310 1.988070
6.312 1.987479
6.314 1.988125
6.316 1.986945
6.318 1.985457
6.320 1.984624
6.322 1.984329
6.324 1.984068
6.326 1.983582
6.328 1.982934
6.330 1.982278
6.332 1.982917
6.334 1.981751
6.336 1.980265
6.338 1.978183
6.340 1.978481
6.342 1.977901
6.344 1.977052
6.346 1.977653
6.348 1.977866
6.350 1.977161
6.352 1.976073
6.354 1.975175
6.356 1.974585
6.358 1.974115
6.360 1.973595
6.362 1.972997
6.364 1.972374
6.366 1.971768
6.368 1.971181
6.370 1.970596
6.372 1.970003
6.374 1.969403
6.376 1.968802
6.378 1.968202
6.380 1.965032
6.382 1.960366
6.384 1.958744
6.386 1.959812
6.388 1.961789
6.390 1.963471
6.392 1.963175
6.394 1.963017
6.396 1.961241
6.398 1.961037
6.400 1.961203
6.402 1.960915
6.404 1.960210
6.406 1.959470
6.408 1.958899
6.410 1.957212
6.412 1.957362
6.414 1.957764
6.416 1.956230
6.418 1.955988
6.420 1.954798
6.422 1.955022
6.424 1.955172
6.426 1.954625
6.428 1.953688
6.430 1.952834
6.432 1.950983
6.434 1.951091
6.436 1.951487
6.438 1.951161
6.440 1.950259
6.442 1.949329
6.444 1.948639
6.446 1.948116
6.448 1.948827
6.450 1.947626
6.452 1.946067
6.454 1.945171
6.456 1.944841
6.458 1.944558
6.460 1.944044
6.462 1.943361
6.464 1.942668
6.466 1.942038
6.468 1.941451
6.470 1.940860
6.472 1.940250
6.474 1.939630
6.476 1.939014
6.478 1.938404
6.480 1.936562
6.482 1.935329
6.484 1.936253
6.486 1.936834
6.488 1.937445
6.490 1.938095
6.492 1.936243
6.494 1.932264
6.496 1.931286
6.498 1.930818
6.500 1.931807
6.502 1.932097
6.504 1.931273
6.506 1.930067
6.508 1.927890
6.510 1.927898
6.512 1.928328
6.514 1.928028
6.516 1.927100
6.518 1.926120
6.520 1.925397
6.522 1.924862
6.524 1.924337
6.526 1.922507
6.528 1.922475
6.530 1.922764
6.532 1.922419
6.534 1.921539
6.536 1.920619
6.538 1.918686
6.540 1.918757
6.542 1.919152
6.544 1.917596
6.546 1.917299
6.548 1.917283
6.550 1.916854
6.552 1.916051
6.554 1.915215
6.556 1.914536
6.558 1.913978
6.560 1.913432
6.562 1.912845
6.564 1.910994
6.566 1.910986
6.568 1.911306
6.570 1.910975
6.572 1.910097
6.574 1.909176
6.576 1.908480
6.578 1.907948
6.580 1.907424
6.582 1.906838
6.584 1.906212
6.586 1.905590
6.588 1.904986
6.590 1.904392
6.592 1.902561
6.594 1.902567
6.596 1.902886
6.598 1.902549
6.600 1.901668
6.602 1.899515
6.604 1.899432
6.606 1.899827
6.608 1.899571
6.610 1.898706
6.612 1.897763
6.614 1.897051
6.616 1.895287
6.618 1.894148
6.620 1.893868
6.622 1.893810
6.624 1.894707
6.626 1.894698
6.628 1.892452
6.630 1.891851
6.632 1.891916
6.634 1.891655
6.636 1.890915
6.638 1.890048
6.640 1.889327
6.642 1.888761
6.644 1.888230
6.646 1.887654
6.648 1.887036
6.650 1.886412
6.652 1.884567
6.654 1.884576
6.656 1.884900
6.658 1.884563
6.660 1.883676
6.662 1.882753
6.664 1.882058
6.666 1.881526
6.668 1.881001
6.670 1.880413
6.672 1.879786
6.674 1.877929
6.676 1.877934
6.678 1.878264
6.680 1.877933
6.682 1.877049
6.684 1.876126
6.686 1.875430
6.688 1.876132
6.690 1.877467
6.692 1.876257
6.694 1.874257
6.696 1.872934
6.698 1.872401
6.700 1.872058
6.702 1.871487
6.704 1.870694
6.706 1.869871
6.708 1.869131
6.710 1.868464
6.712 1.867813
6.714 1.865917
6.716 1.865857
6.718 1.866122
6.720 1.865745
6.722 1.864831
6.724 1.863885
6.726 1.863167
6.728 1.861382
6.730 1.861452
6.732 1.861777
6.734 1.861409
6.736 1.860501
6.738 1.859576
6.740 1.858889
6.742 1.857129
6.744 1.857216
6.746 1.857553
6.748 1.857196
6.750 1.855065
6.752 1.853527
6.754 1.854383
6.756 1.855058
6.758 1.854528
6.760 1.853350
6.762 1.852323
6.764 1.851690
6.766 1.851248
6.768 1.850757
6.770 1.850161
6.772 1.849523
6.774 1.848905
6.776 1.848316
6.778 1.847735
6.780 1.847146
6.782 1.846547
6.784 1.845947
6.786 1.845349
6.788 1.844755
6.790 1.844160
6.792 1.843565
6.794 1.842969
6.796 1.842373
6.798 1.841777
6.800 1.841181
6.802 1.840585
6.804 1.839989
6.806 1.839393
6.808 1.838797
6.810 1.838201
6.812 1.837604
6.814 1.837007
6.816 1.836411
6.818 1.835814
6.820 1.835217
6.822 1.834620
6.824 1.834023
6.826 1.833425
6.828 1.832828
6.830 1.830997
6.832 1.831009
6.834 1.831337
6.836 1.831006
6.838 1.830129
6.840 1.829215
6.842 1.828526
6.844 1.828000
6.846 1.826247
6.848 1.826275
6.850 1.826578
6.852 1.826227
6.854 1.825349
6.856 1.824442
6.858 1.823757
6.860 1.823229
6.862 1.822706
6.864 1.822121
6.866 1.820265
6.868 1.819022
6.870 1.819956
6.872 1.820557
6.874 1.819950
6.876 1.818754
6.878 1.817742
6.880 1.815889
6.882 1.814816
6.884 1.815847
6.886 1.815198
6.888 1.815152
6.890 1.814860
6.892 1.814127
6.894 1.813242
6.896 1.812480
6.898 1.811879
6.900 1.811337
6.902 1.810770
6.904 1.808932
6.906 1.808925
6.908 1.809242
6.910 1.808910
6.912 1.806799
6.914 1.806489
6.916 1.806718
6.918 1.806452
6.920 1.805649
6.922 1.803512
6.924 1.802171
6.926 1.801922
6.928 1.803200
6.930 1.802302
6.932 1.800728
6.934 1.799720
6.936 1.799346
6.938 1.799100
6.940 1.799877
6.942 1.799852
6.944 1.798872
6.946 1.797688
6.948 1.796833
6.950 1.796296
6.952 1.795830
6.954 1.794045
6.956 1.794025
6.958 1.794310
6.960 1.793964
6.962 1.791855
6.964 1.791551
6.966 1.791779
6.968 1.791507
6.970 1.789463
6.972 1.789165
6.974 1.789371
6.976 1.789086
6.978 1.788280
6.980 1.786149
6.982 1.786044
6.984 1.786416
6.986 1.786154
6.988 1.785293
6.990 1.783119
6.992 1.783014
6.994 1.783403
6.996 1.783151
6.998 1.782288
7.000 1.781344
7.002 1.780626
7.004 1.778857
7.006 1.778950
7.008 1.779293
7.010 1.780165
7.012 1.778649
7.014 1.778034
7.016 1.778938
7.018 1.780248
7.020 1.781027
7.022 1.779342
7.024 1.775145
7.026 1.772650
7.028 1.772404
7.030 1.772812
7.032 1.772615
7.034 1.771736
7.036 1.770686
7.038 1.769819
7.040 1.769142
7.042 1.768510
7.044 1.766605
7.046 1.766513
7.048 1.767984
7.050 1.769454
7.052 1.768382
7.054 1.765483
7.056 1.763612
7.058 1.763208
7.060 1.763245
7.062 1.762894
7.064 1.762106
7.066 1.761218
7.068 1.760460
7.070 1.759831
7.072 1.759232
7.074 1.758604
7.076 1.757954
7.078 1.757312
7.080 1.756689
7.082 1.756081
7.084 1.755476
7.086 1.754871
7.088 1.755501
7.090 1.756759
7.092 1.755470
7.094 1.751611
7.096 1.750059
7.098 1.751255
7.100 1.750955
7.102 1.750961
7.104 1.749237
7.106 1.748902
7.108 1.748844
7.110 1.747102
7.112 1.746826
7.114 1.746866
7.116 1.746439
7.118 1.745602
7.120 1.744738
7.122 1.744055
7.124 1.743508
7.126 1.742973
7.128 1.742393
7.130 1.740560
7.132 1.739336
7.134 1.739045
7.136 1.740249
7.138 1.740573
7.140 1.739666
7.142 1.738404
7.144 1.737492
7.146 1.736973
7.148 1.736561
7.150 1.736055
7.152 1.735451
7.154 1.734830
7.156 1.734241
7.158 1.733677
7.160 1.733112
7.162 1.731328
7.164 1.731339
7.166 1.730453
7.168 1.730729
7.170 1.730782
7.172 1.730156
7.174 1.729216
7.176 1.728397
7.178 1.727806
7.180 1.727311
7.182 1.726784
7.184 1.726199
7.186 1.725593
7.188 1.723803
7.190 1.723812
7.192 1.724129
7.194 1.723806
7.196 1.722950
7.198 1.722056
7.200 1.721381
7.202 1.720864
7.204 1.720354
7.206 1.719783
7.208 1.720359
7.210 1.721542
7.212 1.720156
7.214 1.717645
7.216 1.716242
7.218 1.716024
7.220 1.716025
7.222 1.715621
7.224 1.714855
7.226 1.714037
7.228 1.713342
7.230 1.712745
7.232 1.712158
7.234 1.711541
7.236 1.710905
7.238 1.709103
7.240 1.709063
7.242 1.709334
7.244 1.708983
7.246 1.708115
7.248 1.706042
7.250 1.703592
7.252 1.702743
7.254 1.704190
7.256 1.705000
7.258 1.705508
7.260 1.704815
7.262 1.703516
7.264 1.702413
7.266 1.701741
7.268 1.701284
7.270 1.700794
7.272 1.700203
7.274 1.699569
7.276 1.698952
7.278 1.698360
7.280 1.697775
7.282 1.697180
7.284 1.696577
7.286 1.695972
7.288 1.694221
7.290 1.693035
7.292 1.692709
7.294 1.692632
7.296 1.693443
7.298 1.693403
7.300 1.692425
7.302 1.691266
7.304 1.690435
7.306 1.689909
7.308 1.689444
7.310 1.687755
7.312 1.687687
7.314 1.687904
7.316 1.686411
7.318 1.686125
7.320 1.684959
7.322 1.685078
7.324 1.685132
7.326 1.684561
7.328 1.683641
7.330 1.682800
7.332 1.682173
7.334 1.681652
7.336 1.681110
7.338 1.680511
7.340 1.679888
7.342 1.679274
7.344 1.678676
7.346 1.678082
7.348 1.677483
7.350 1.676880
7.352 1.676276
7.354 1.675673
7.356 1.675072
7.358 1.674472
7.360 1.673871
7.362 1.673270
7.364 1.672669
7.366 1.672068
7.368 1.670355
7.370 1.669185
7.372 1.669952
7.374 1.670421
7.376 1.669817
7.378 1.668692
7.380 1.667732
7.382 1.666012
7.384 1.664980
7.386 1.665823
7.388 1.666278
7.390 1.664535
7.392 1.663930
7.394 1.663799
7.396 1.663436
7.398 1.662732
7.400 1.661935
7.402 1.661244
7.404 1.660666
7.406 1.660117
7.408 1.659538
7.410 1.658928
7.412 1.657221
7.414 1.657144
7.416 1.657355
7.418 1.656995
7.420 1.656154
7.422 1.655276
7.424 1.654595
7.426 1.654056
7.428 1.653523
7.430 1.651853
7.432 1.651755
7.434 1.651940
7.436 1.651574
7.438 1.650743
7.440 1.649875
7.442 1.648118
7.444 1.648099
7.446 1.648363
7.448 1.646936
7.450 1.646599
7.452 1.646509
7.454 1.646065
7.456 1.645299
7.458 1.644501
7.460 1.643836
7.462 1.643274
7.464 1.640588
7.466 1.639965
7.468 1.641448
7.470 1.642091
7.472 1.641256
7.474 1.639894
7.476 1.638878
7.478 1.638324
7.480 1.637917
7.482 1.637408
7.484 1.635721
7.486 1.635576
7.488 1.635739
7.490 1.635382
7.492 1.634566
7.494 1.633704
7.496 1.633020
7.498 1.631422
7.500 1.631392
7.502 1.631582
7.504 1.630143
7.506 1.629801
7.508 1.629712
7.510 1.628226
7.512 1.627966
7.514 1.627942
7.516 1.627506
7.518 1.626717
7.520 1.624864
7.522 1.624702
7.524 1.624918
7.526 1.624598
7.528 1.624820
7.530 1.625520
7.532 1.626177
7.534 1.624381
7.536 1.622516
7.538 1.622616
7.540 1.623858
7.542 1.622550
7.544 1.619742
7.546 1.618071
7.548 1.617750
7.550 1.617724
7.552 1.617260
7.554 1.616384
7.556 1.615447
7.558 1.614658
7.560 1.612973
7.562 1.611803
7.564 1.612383
7.566 1.612678
7.568 1.612010
7.570 1.610887
7.572 1.609927
7.574 1.609283
7.576 1.608776
7.578 1.608225
7.580 1.607596
7.582 1.607956
7.584 1.606839
7.586 1.605487
7.588 1.604666
7.590 1.603272
7.592 1.603397
7.594 1.603605
7.596 1.603165
7.598 1.602287
7.600 1.601429
7.602 1.600781
7.604 1.600259
7.606 1.599727
7.608 1.599139
7.610 1.598522
7.612 1.597914
7.614 1.597323
7.616 1.596739
7.618 1.596151
7.620 1.595558
7.622 1.594963
7.624 1.593377
7.626 1.593259
7.628 1.592409
7.630 1.592508
7.632 1.592434
7.634 1.591816
7.636 1.590944
7.638 1.590166
7.640 1.589567
7.642 1.589045
7.644 1.588495
7.646 1.585935
7.648 1.585277
7.650 1.586588
7.652 1.587152
7.654 1.586363
7.656 1.585081
7.658 1.584108
7.660 1.582582
7.662 1.582630
7.664 1.582839
7.666 1.582433
7.668 1.580609
7.670 1.580220
7.672 1.580284
7.674 1.579003
7.676 1.578725
7.678 1.578610
7.680 1.578135
7.682 1.577373
7.684 1.576600
7.686 1.575955
7.688 1.575398
7.690 1.574844
7.692 1.574254
7.694 1.573643
7.696 1.572074
7.698 1.571930
7.700 1.571082
7.702 1.571151
7.704 1.571052
7.706 1.570428
7.708 1.569560
7.710 1.568783
7.712 1.568178
7.714 1.567646
7.716 1.567088
7.718 1.566485
7.720 1.565867
7.722 1.565259
7.724 1.564662
7.726 1.563123
7.728 1.562971
7.730 1.563062
7.732 1.561726
7.734 1.560431
7.736 1.560737
7.738 1.560971
7.740 1.559497
7.742 1.558035
7.744 1.557348
7.746 1.557121
7.748 1.557757
7.750 1.557695
7.752 1.556814
7.754 1.554821
7.756 1.554466
7.758 1.553681
7.760 1.553838
7.762 1.553764
7.764 1.553119
7.766 1.552229
7.768 1.551450
7.770 1.550852
7.772 1.550322
7.774 1.549760
7.776 1.549150
7.778 1.548527
7.780 1.547915
7.782 1.547317
7.784 1.546720
7.786 1.546119
7.788 1.545515
7.790 1.544910
7.792 1.544307
7.794 1.543705
7.796 1.543103
7.798 1.542501
7.800 1.541899
7.802 1.541297
7.804 1.540696
7.806 1.539186
7.808 1.539010
7.810 1.539072
7.812 1.538671
7.814 1.537882
7.816 1.536160
7.818 1.535921
7.820 1.536031
7.822 1.535686
7.824 1.534909
7.826 1.534075
7.828 1.533399
7.830 1.532849
7.832 1.532310
7.834 1.531723
7.836 1.531105
7.838 1.530487
7.840 1.529884
7.842 1.529290
7.844 1.528693
7.846 1.526314
7.848 1.524765
7.850 1.524514
7.852 1.525543
7.854 1.526677
7.856 1.526325
7.858 1.525014
7.860 1.523792
7.862 1.522191
7.864 1.522175
7.866 1.522363
7.868 1.521971
7.870 1.521137
7.872 1.520291
7.874 1.518759
7.876 1.518633
7.878 1.518730
7.880 1.518328
7.882 1.517523
7.884 1.515823
7.886 1.515567
7.888 1.515656
7.890 1.515304
7.892 1.514533
7.894 1.513705
7.896 1.513029
7.898 1.512476
7.900 1.511933
7.902 1.511345
7.904 1.510726
7.906 1.510108
7.908 1.509504
7.910 1.508908
7.912 1.507451
7.914 1.507247
7.916 1.506410
7.918 1.506394
7.920 1.506240
7.922 1.505626
7.924 1.504795
7.926 1.504040
7.928 1.503434
7.930 1.502041
7.932 1.501870
7.934 1.501881
7.936 1.501452
7.938 1.500671
7.940 1.499872
7.942 1.499220
7.944 1.498669
7.946 1.498118
7.948 1.497524
7.950 1.496906
7.952 1.496292
7.954 1.495690
7.956 1.495095
7.958 1.494497
7.960 1.493059
7.962 1.492005
7.964 1.492394
7.966 1.492584
7.968 1.492001
7.970 1.491036
7.972 1.490184
7.974 1.489576
7.976 1.489074
7.978 1.489362
7.980 1.488374
7.982 1.487145
7.984 1.486346
7.986 1.485915
7.988 1.485517
7.990 1.484151
7.992 1.483878
7.994 1.483818
7.996 1.483389
7.998 1.482641
8.000 1.481861
8.002 1.481208
8.004 1.480648
8.006 1.480094
8.008 1.479504
8.010 1.478890
8.012 1.478278
8.014 1.477677
8.016 1.477081
8.018 1.475674
8.020 1.475444
8.022 1.475425
8.024 1.474198
8.026 1.473806
8.028 1.473599
8.030 1.473127
8.032 1.472413
8.034 1.471674
8.036 1.471031
8.038 1.470461
8.040 1.469098
8.042 1.468871
8.044 1.468836
8.046 1.468405
8.048 1.467646
8.050 1.465276
8.052 1.464557
8.054 1.465506
8.056 1.466670
8.058 1.465581
8.060 1.463872
8.062 1.462798
8.064 1.462392
8.066 1.462121
8.068 1.461639
8.070 1.460972
8.072 1.460282
8.074 1.459657
8.076 1.459080
8.078 1.458504
8.080 1.457907
8.082 1.457297
8.084 1.456688
8.086 1.456086
8.088 1.455488
8.090 1.454889
8.092 1.454288
8.094 1.453687
8.096 1.453086
8.098 1.452485
8.100 1.451885
8.102 1.451284
8.104 1.450683
8.106 1.450083
8.108 1.449482
8.110 1.448882
8.112 1.447516
8.114 1.447261
8.116 1.447209
8.118 1.446780
8.120 1.446032
8.122 1.445257
8.124 1.444608
8.126 1.444051
8.128 1.443497
8.130 1.441392
8.132 1.440703
8.134 1.441514
8.136 1.441793
8.138 1.441076
8.140 1.439237
8.142 1.438708
8.144 1.438683
8.146 1.438384
8.148 1.437701
8.150 1.436909
8.152 1.436224
8.154 1.435653
8.156 1.435106
8.158 1.434525
8.160 1.433912
8.162 1.433296
8.164 1.432691
8.166 1.432094
8.168 1.431497
8.170 1.430897
8.172 1.430294
8.174 1.429691
8.176 1.429090
8.178 1.428490
8.180 1.427889
8.182 1.428022
8.184 1.428559
8.186 1.428979
8.188 1.429115
8.190 1.427641
8.192 1.425382
8.194 1.424158
8.196 1.424657
8.198 1.424981
8.200 1.424433
8.202 1.423433
8.204 1.422541
8.206 1.421192
8.208 1.421008
8.210 1.420975
8.212 1.420515
8.214 1.419730
8.216 1.418938
8.218 1.418286
8.220 1.417008
8.222 1.416045
8.224 1.415553
8.226 1.415915
8.228 1.415830
8.230 1.415088
8.232 1.414147
8.234 1.413380
8.236 1.412811
8.238 1.412292
8.240 1.411722
8.242 1.411099
8.244 1.410469
8.246 1.409151
8.248 1.408864
8.250 1.408767
8.252 1.407620
8.254 1.406491
8.256 1.406536
8.258 1.405845
8.260 1.404920
8.262 1.404877
8.264 1.404737
8.266 1.404146
8.268 1.403329
8.270 1.401883
8.272 1.401583
8.274 1.401531
8.276 1.401123
8.278 1.400389
8.280 1.399616
8.282 1.398964
8.284 1.397715
8.286 1.396774
8.288 1.396969
8.290 1.396309
8.292 1.396025
8.294 1.395628
8.296 1.394995
8.298 1.394270
8.300 1.392916
8.302 1.392618
8.304 1.392529
8.306 1.392099
8.308 1.391370
8.310 1.390611
8.312 1.389966
8.314 1.389405
8.316 1.388847
8.318 1.388254
8.320 1.386968
8.322 1.386648
8.324 1.386519
8.326 1.386075
8.328 1.385356
8.330 1.384609
8.332 1.384634
8.334 1.385113
8.336 1.382840
8.338 1.381446
8.340 1.381118
8.342 1.380383
8.344 1.380278
8.346 1.380043
8.348 1.379444
8.350 1.378679
8.352 1.377971
8.354 1.377374
8.356 1.376820
8.358 1.376247
8.360 1.375642
8.362 1.375029
8.364 1.374424
8.366 1.373178
8.368 1.372863
8.370 1.372720
8.372 1.372268
8.374 1.371551
8.376 1.370812
8.378 1.370175
8.380 1.369612
8.382 1.369051
8.384 1.368458
8.386 1.367846
8.388 1.367237
8.390 1.366637
8.392 1.365404
8.394 1.365080
8.396 1.364926
8.398 1.364471
8.400 1.363758
8.402 1.363023
8.404 1.362387
8.406 1.361823
8.408 1.361260
8.410 1.360667
8.412 1.360056
8.414 1.359447
8.416 1.358846
8.418 1.358251
8.420 1.357654
8.422 1.357054
8.424 1.356453
8.426 1.355853
8.428 1.355253
8.430 1.354654
8.432 1.354054
8.434 1.353455
8.436 1.352855
8.438 1.352256
8.440 1.351656
8.442 1.351056
8.444 1.350457
8.446 1.349857
8.448 1.349257
8.450 1.348658
8.452 1.348058
8.454 1.346850
8.456 1.346507
8.458 1.346330
8.460 1.345870
8.462 1.345166
8.464 1.344439
8.466 1.343806
8.468 1.343240
8.470 1.342675
8.472 1.342081
8.474 1.341470
8.476 1.340861
8.478 1.340261
8.480 1.339665
8.482 1.339068
8.484 1.338468
8.486 1.337867
8.488 1.337266
8.490 1.336666
8.492 1.336067
8.494 1.335467
8.496 1.333102
8.498 1.332064
8.500 1.332000
8.502 1.332522
8.504 1.332952
8.506 1.331882
8.508 1.330543
8.510 1.329702
8.512 1.329280
8.514 1.329477
8.516 1.329271
8.518 1.328552
8.520 1.327700
8.522 1.326994
8.524 1.326437
8.526 1.325331
8.528 1.324991
8.530 1.324769
8.532 1.324280
8.534 1.323579
8.536 1.322867
8.538 1.321671
8.540 1.320768
8.542 1.320255
8.544 1.319848
8.546 1.319897
8.548 1.319035
8.550 1.318559
8.552 1.317580
8.554 1.317262
8.556 1.316994
8.558 1.316466
8.560 1.315761
8.562 1.314505
8.564 1.314118
8.566 1.313376
8.568 1.312602
8.570 1.312520
8.572 1.312306
8.574 1.311708
8.576 1.310937
8.578 1.310230
8.580 1.309637
8.582 1.309087
8.584 1.307964
8.586 1.307580
8.588 1.307338
8.590 1.306312
8.592 1.305304
8.594 1.305191
8.596 1.305061
8.598 1.303988
8.600 1.303441
8.602 1.303078
8.604 1.302595
8.606 1.301423
8.608 1.300430
8.610 1.299846
8.612 1.299965
8.614 1.299791
8.616 1.299131
8.618 1.298306
8.620 1.297593
8.622 1.297019
8.624 1.295945
8.626 1.295582
8.628 1.294792
8.630 1.293973
8.632 1.293856
8.634 1.293638
8.636 1.293051
8.638 1.292287
8.640 1.291576
8.642 1.290975
8.644 1.290416
8.646 1.289836
8.648 1.289758
8.650 1.288385
8.652 1.287624
8.654 1.287257
8.656 1.286863
8.658 1.285743
8.660 1.284737
8.662 1.284651
8.664 1.283996
8.666 1.283670
8.668 1.283252
8.670 1.282636
8.672 1.281939
8.674 1.281281
8.676 1.280682
8.678 1.280100
8.680 1.279505
8.682 1.278894
8.684 1.278278
8.686 1.277668
8.688 1.277062
8.690 1.276456
8.692 1.275850
8.694 1.275242
8.696 1.274635
8.698 1.274027
8.700 1.273420
8.702 1.272814
8.704 1.272207
8.706 1.271601
8.708 1.270459
8.710 1.270068
8.712 1.269824
8.714 1.269342
8.716 1.268653
8.718 1.267942
8.720 1.267308
8.722 1.266731
8.724 1.266155
8.726 1.265554
8.728 1.265473
8.730 1.264643
8.732 1.263674
8.734 1.262947
8.736 1.262427
8.738 1.261392
8.740 1.260493
8.742 1.260437
8.744 1.259756
8.746 1.258868
8.748 1.258664
8.750 1.258423
8.752 1.257863
8.754 1.257125
8.756 1.256420
8.758 1.255813
8.760 1.255250
8.762 1.254671
8.764 1.254064
8.766 1.253447
8.768 1.252301
8.770 1.251913
8.772 1.251676
8.774 1.251199
8.776 1.250510
8.778 1.249800
8.780 1.249169
8.782 1.248595
8.784 1.248021
8.786 1.247423
8.788 1.246809
8.790 1.246197
8.792 1.245593
8.794 1.244993
8.796 1.244392
8.798 1.243789
8.800 1.243185
8.802 1.242582
8.804 1.241444
8.806 1.240522
8.808 1.240498
8.810 1.240383
8.812 1.239822
8.814 1.238496
8.816 1.237977
8.818 1.237740
8.820 1.237321
8.822 1.236669
8.824 1.235421
8.826 1.234454
8.828 1.234451
8.830 1.234369
8.832 1.233818
8.834 1.233019
8.836 1.232276
8.838 1.231673
8.840 1.231132
8.842 1.230567
8.844 1.229961
8.846 1.228805
8.848 1.227874
8.850 1.227853
8.852 1.227745
8.854 1.227186
8.856 1.226929
8.858 1.225978
8.860 1.225015
8.862 1.224348
8.864 1.223865
8.866 1.223364
8.868 1.222773
8.870 1.222137
8.872 1.221513
8.874 1.220917
8.876 1.220333
8.878 1.219216
8.880 1.218835
8.882 1.218597
8.884 1.217599
8.886 1.217138
8.888 1.216803
8.890 1.216309
8.892 1.215667
8.894 1.215005
8.896 1.214395
8.898 1.213828
8.900 1.212742
8.902 1.211851
8.904 1.211824
8.906 1.212229
8.908 1.210958
8.910 1.210051
8.912 1.209575
8.914 1.209199
8.916 1.208698
8.918 1.208077
8.920 1.207440
8.922 1.206846
8.924 1.206285
8.926 1.205727
8.928 1.205668
8.930 1.205906
8.932 1.206102
8.934 1.204098
8.936 1.202329
8.938 1.201664
8.940 1.201562
8.942 1.201318
8.944 1.200743
8.946 1.199528
8.948 1.199082
8.950 1.198873
8.952 1.198472
8.954 1.197852
8.956 1.197185
8.958 1.196585
8.960 1.196047
8.962 1.195517
8.964 1.194967
8.966 1.194401
8.968 1.193835
8.970 1.193277
8.972 1.192724
8.974 1.191676
8.976 1.191322
8.978 1.190610
8.980 1.190371
8.982 1.190569
8.984 1.190329
8.986 1.189144
8.988 1.188076
8.990 1.187003
8.992 1.186858
8.994 1.186294
8.996 1.186053
8.998 1.185698
9.000 1.184650
9.002 1.184207
9.004 1.183943
9.006 1.183526
9.008 1.182937
9.010 1.182313
9.012 1.181743
9.014 1.181703
9.016 1.180994
9.018 1.180136
9.020 1.179481
9.022 1.179013
9.024 1.178094
9.026 1.177778
9.028 1.177544
9.030 1.177096
9.032 1.176485
9.034 1.175869
9.036 1.175321
9.038 1.174819
9.040 1.174314
9.042 1.173788
9.044 1.173252
9.046 1.172720
9.048 1.172194
9.050 1.171672
9.052 1.170683
9.054 1.169882
9.056 1.169864
9.058 1.169767
9.060 1.169283
9.062 1.168599
9.064 1.167964
9.066 1.167448
9.068 1.166981
9.070 1.166495
9.072 1.165974
9.074 1.165444
9.076 1.164922
9.078 1.163953
9.080 1.163629
9.082 1.163429
9.084 1.163024
9.086 1.162441
9.088 1.162296
9.090 1.161581
9.092 1.160790
9.094 1.160202
9.096 1.159770
9.098 1.158895
9.100 1.158588
9.102 1.158364
9.104 1.157496
9.106 1.157102
9.108 1.156825
9.110 1.156412
9.112 1.155867
9.114 1.155302
9.116 1.154784
9.118 1.154302
9.120 1.153824
9.122 1.153333
9.124 1.152832
9.126 1.152333
9.128 1.151838
9.130 1.151348
9.132 1.150857
9.134 1.150366
9.136 1.149875
9.138 1.149385
9.140 1.148897
9.142 1.148410
9.144 1.147923
9.146 1.147003
9.148 1.146692
9.150 1.146501
9.152 1.146118
9.154 1.145568
9.156 1.145001
9.158 1.144497
9.160 1.144040
9.162 1.143584
9.164 1.143109
9.166 1.142623
9.168 1.142139
9.170 1.141662
9.172 1.141189
9.174 1.140292
9.176 1.139988
9.178 1.139379
9.180 1.139175
9.182 1.138924
9.184 1.138468
9.186 1.137911
9.188 1.137382
9.190 1.136915
9.192 1.136474
9.194 1.136022
9.196 1.135554
9.198 1.135080
9.200 1.134611
9.202 1.134149
9.204 1.132452
9.206 1.131665
9.208 1.131963
9.210 1.132514
9.212 1.132332
9.214 1.131598
9.216 1.130851
9.218 1.129932
9.220 1.129731
9.222 1.129631
9.224 1.129277
9.226 1.128729
9.228 1.128173
9.230 1.127700
9.232 1.127279
9.234 1.126855
9.236 1.126408
9.238 1.125948
9.240 1.125491
9.242 1.125043
9.244 1.124599
9.246 1.123757
9.248 1.123074
9.250 1.122662
9.252 1.122344
9.254 1.121965
9.256 1.121903
9.258 1.121662
9.260 1.121175
9.262 1.120619
9.264 1.120129
9.266 1.119710
9.268 1.119306
9.270 1.118491
9.272 1.118205
9.274 1.118023
9.276 1.117677
9.278 1.117185
9.280 1.116679
9.282 1.116227
9.284 1.115816
9.286 1.115023
9.288 1.114368
9.290 1.114347
9.292 1.114263
9.294 1.113865
9.296 1.113305
9.298 1.112408
9.300 1.111759
9.302 1.111408
9.304 1.111507
9.306 1.111366
9.308 1.110511
9.310 1.109708
9.312 1.109623
9.314 1.109572
9.316 1.109228
9.318 1.108695
9.320 1.108175
9.322 1.107747
9.324 1.106999
9.326 1.106761
9.328 1.106230
9.330 1.106040
9.332 1.105813
9.334 1.105416
9.336 1.104933
9.338 1.104108
9.340 1.103483
9.342 1.103128
9.344 1.103212
9.346 1.103078
9.348 1.102622
9.350 1.101707
9.352 1.101379
9.354 1.101244
9.356 1.100970
9.358 1.100528
9.360 1.100047
9.362 1.099615
9.364 1.098877
9.366 1.098645
9.368 1.098850
9.370 1.098033
9.372 1.097476
9.374 1.097167
9.376 1.096543
9.378 1.096327
9.380 1.095791
9.382 1.095587
9.384 1.095372
9.386 1.095005
9.388 1.094553
9.390 1.094115
9.392 1.093725
9.394 1.093357
9.396 1.092984
9.398 1.092598
9.400 1.091864
9.402 1.091614
9.404 1.091464
9.406 1.091164
9.408 1.090730
9.410 1.090282
9.412 1.089545
9.414 1.089321
9.416 1.089191
9.418 1.088560
9.420 1.088259
9.422 1.088040
9.424 1.087391
9.426 1.086786
9.428 1.086396
9.430 1.086115
9.432 1.086140
9.434 1.085967
9.436 1.085543
9.438 1.085053
9.440 1.084636
9.442 1.084290
9.444 1.083957
9.446 1.083601
9.448 1.083553
9.450 1.083699
9.452 1.083173
9.454 1.082163
9.456 1.081159
9.458 1.081018
9.460 1.080750
9.462 1.080352
9.464 1.080253
9.466 1.080067
9.468 1.079701
9.470 1.079263
9.472 1.078862
9.474 1.078515
9.476 1.078185
9.478 1.077843
9.480 1.077487
9.482 1.077128
9.484 1.076461
9.486 1.076238
9.488 1.076103
9.490 1.075828
9.492 1.075431
9.494 1.075022
9.496 1.074660
9.498 1.074332
9.500 1.074005
9.502 1.073664
9.504 1.073315
9.506 1.072968
9.508 1.072626
9.510 1.072288
9.512 1.071949
9.514 1.071610
9.516 1.071272
9.518 1.070934
9.520 1.070598
9.522 1.070262
9.524 1.069927
9.526 1.069593
9.528 1.068962
9.530 1.068749
9.532 1.068619
9.534 1.068357
9.536 1.067981
9.538 1.067594
9.540 1.067250
9.542 1.066938
9.544 1.066627
9.546 1.066304
9.548 1.065973
9.550 1.065644
9.552 1.065320
9.554 1.064999
9.556 1.064678
9.558 1.064356
9.560 1.064035
9.562 1.063715
9.564 1.063397
9.566 1.063079
9.568 1.062761
9.570 1.062445
9.572 1.061848
9.574 1.061646
9.576 1.061522
9.578 1.061275
9.580 1.061198
9.582 1.060997
9.584 1.060370
9.586 1.059821
9.588 1.059505
9.590 1.059297
9.592 1.058779
9.594 1.058577
9.596 1.058426
9.598 1.058169
9.600 1.057826
9.602 1.057477
9.604 1.057165
9.606 1.056876
9.608 1.056587
9.610 1.056020
9.612 1.055557
9.614 1.055544
9.616 1.055756
9.618 1.055639
9.620 1.055492
9.622 1.054674
9.624 1.053999
9.626 1.053704
9.628 1.053576
9.630 1.053384
9.632 1.052821
9.634 1.052585
9.636 1.052446
9.638 1.052224
9.640 1.051910
9.642 1.051578
9.644 1.051275
9.646 1.050999
9.648 1.050727
9.650 1.050446
9.652 1.050159
9.654 1.049873
9.656 1.049590
9.658 1.049310
9.660 1.049030
9.662 1.048751
9.664 1.048472
9.666 1.048193
9.668 1.047916
9.670 1.047640
9.672 1.047364
9.674 1.047089
9.676 1.046815
9.678 1.046542
9.680 1.046269
9.682 1.045997
9.684 1.045726
9.686 1.045456
9.688 1.045187
9.690 1.044919
9.692 1.044651
9.694 1.044384
9.696 1.044118
9.698 1.043853
9.700 1.043588
9.702 1.043324
9.704 1.043061
9.706 1.042799
9.708 1.042538
9.710 1.042045
9.712 1.041647
9.714 1.041639
9.716 1.041593
9.718 1.041353
9.720 1.041015
9.722 1.040702
9.724 1.040448
9.726 1.040219
9.728 1.039980
9.730 1.039726
9.732 1.039466
9.734 1.039211
9.736 1.039186
9.738 1.038848
9.740 1.038449
9.742 1.038370
9.744 1.038068
9.746 1.037715
9.748 1.037429
9.750 1.037207
9.752 1.036994
9.754 1.036761
9.756 1.036511
9.758 1.036046
9.760 1.035890
9.762 1.035800
9.764 1.035613
9.766 1.035342
9.768 1.035062
9.770 1.034814
9.772 1.034590
9.774 1.034367
9.776 1.034136
9.778 1.033898
9.780 1.033455
9.782 1.033100
9.784 1.033094
9.786 1.033054
9.788 1.032841
9.790 1.032539
9.792 1.032259
9.794 1.032033
9.796 1.031829
9.798 1.031618
9.800 1.031391
9.802 1.031161
9.804 1.030935
9.806 1.030515
9.808 1.030376
9.810 1.030290
9.812 1.030116
9.814 1.029282
9.816 1.028872
9.818 1.029004
9.820 1.029276
9.822 1.029009
9.824 1.028744
9.826 1.028521
9.828 1.028133
9.830 1.028010
9.832 1.027928
9.834 1.027755
9.836 1.027512
9.838 1.027265
9.840 1.027048
9.842 1.026851
9.844 1.026469
9.846 1.026155
9.848 1.025961
9.850 1.025995
9.852 1.025748
9.854 1.025417
9.856 1.025337
9.858 1.025086
9.860 1.024982
9.862 1.024861
9.864 1.024668
9.866 1.024438
9.868 1.024219
9.870 1.024022
9.872 1.023836
9.874 1.023473
9.876 1.023347
9.878 1.023268
9.880 1.023115
9.882 1.022726
9.884 1.022570
9.886 1.022487
9.888 1.022347
9.890 1.022141
9.892 1.021921
9.894 1.021722
9.896 1.021542
9.898 1.021366
9.900 1.021020
9.902 1.020899
9.904 1.020825
9.906 1.020681
9.908 1.020475
9.910 1.020263
9.912 1.019915
9.914 1.019809
9.916 1.019748
9.918 1.019609
9.920 1.019247
9.922 1.019101
9.924 1.019024
9.926 1.018897
9.928 1.018554
9.930 1.018414
9.932 1.018489
9.934 1.018298
9.936 1.018008
9.938 1.017775
9.940 1.017621
9.942 1.017489
9.944 1.017338
9.946 1.017166
9.948 1.016990
9.950 1.016821
9.952 1.016659
9.954 1.016500
9.956 1.016339
9.958 1.016177
9.960 1.016016
9.962 1.015713
9.964 1.015612
9.966 1.015550
9.968 1.015286
9.970 1.015024
9.972 1.014992
9.974 1.014957
9.976 1.014821
9.978 1.014627
9.980 1.014441
9.982 1.014287
9.984 1.014149
9.986 1.014008
9.988 1.013858
9.990 1.013705
9.992 1.013424
9.994 1.013330
9.996 1.013274
9.998 1.013160
10.000 1.012995
10.002 1.012825
10.004 1.012676
10.006 1.012540
10.008 1.012406
10.010 1.012267
10.012 1.012125
10.014 1.011984
10.016 1.011846
10.018 1.011709
10.020 1.011573
10.022 1.011438
10.024 1.011303
10.026 1.011168
10.028 1.011035
10.030 1.010902
10.032 1.010771
10.034 1.010640
10.036 1.010510
10.038 1.010380
10.040 1.010252
10.042 1.010124
10.044 1.009884
10.046 1.009803
10.048 1.009867
10.050 1.009947
10.052 1.009639
10.054 1.009316
10.056 1.009154
10.058 1.009096
10.060 1.009031
10.062 1.008811
10.064 1.008608
10.066 1.008590
10.068 1.008570
10.070 1.008468
10.072 1.008319
10.074 1.008177
10.076 1.008061
10.078 1.007858
10.080 1.007793
10.082 1.007749
10.084 1.007560
10.086 1.007472
10.088 1.007410
10.090 1.007321
10.092 1.007204
10.094 1.007083
10.096 1.006972
10.098 1.006870
10.100 1.006770
10.102 1.006667
10.104 1.006563
10.106 1.006460
10.108 1.006358
10.110 1.006169
10.112 1.006105
10.114 1.006067
10.116 1.005989
10.118 1.005878
10.120 1.005679
10.122 1.005613
10.124 1.005581
10.126 1.005512
10.128 1.005406
10.130 1.005295
10.132 1.005197
10.134 1.005110
10.136 1.005026
10.138 1.004938
10.140 1.004848
10.142 1.004759
10.144 1.004672
10.146 1.004586
10.148 1.004501
10.150 1.004417
10.152 1.004333
10.154 1.004250
10.156 1.004168
10.158 1.004086
10.160 1.004006
10.162 1.003926
10.164 1.003777
10.166 1.003727
10.168 1.003767
10.170 1.003679
10.172 1.003545
10.174 1.003373
10.176 1.003333
10.178 1.003322
10.180 1.003273
10.182 1.003252
10.184 1.003265
10.186 1.003094
10.188 1.002990
10.190 1.003006
10.192 1.003064
10.194 1.002972
10.196 1.002714
10.198 1.002544
10.200 1.002500
10.202 1.002495
10.204 1.002459
10.206 1.002388
10.208 1.002310
10.210 1.002243
10.212 1.002187
10.214 1.002133
10.216 1.002025
10.218 1.001936
10.220 1.001884
10.222 1.001895
10.224 1.001878
10.226 1.001819
10.228 1.001745
10.230 1.001683
10.232 1.001634
10.234 1.001589
10.236 1.001541
10.238 1.001491
10.240 1.001441
10.242 1.001393
10.244 1.001304
10.246 1.001275
10.248 1.001259
10.250 1.001224
10.252 1.001174
10.254 1.001123
10.256 1.001079
10.258 1.001039
10.260 1.001001
10.262 1.000962
10.264 1.000923
10.266 1.000884
10.268 1.000847
10.270 1.000810
10.272 1.000774
10.274 1.000740
10.276 1.000706
10.278 1.000672
10.280 1.000640
10.282 1.000608
10.284 1.000577
10.286 1.000547
10.288 1.000492
10.290 1.000448
10.292 1.000448
10.294 1.000445
10.296 1.000397
10.298 1.000350
10.300 1.000344
10.302 1.000341
10.304 1.000322
10.306 1.000294
10.308 1.000248
10.310 1.000234
10.312 1.000229
10.314 1.000216
10.316 1.000196
10.318 1.000174
10.320 1.000141
10.322 1.000132
10.324 1.000129
10.326 1.000118
10.328 1.000102
10.330 1.000076
10.332 1.000068
10.334 1.000065
10.336 1.000058
10.338 1.000047
10.340 1.000037
10.342 1.000028
10.344 1.000015
10.346 1.000012
10.348 1.000011
10.350 1.000008
10.352 1.000003
10.354 0.999999
10.356 0.999997
10.358 0.999994
10.360 0.999994
10.362 0.999996
10.364 0.999997
10.366 0.999998
10.368 0.999998
10.370 0.999998
10.372 0.999999
10.374 0.999999
10.376 0.999999
10.378 1.000000
10.380 1.000000
10.382 1.000000
10.384 1.000000
10.386 1.000001
10.388 1.000001
10.390 1.000001
10.392 1.000000
10.394 1.000000
10.396 1.000000
10.398 1.000000
10.400 1.000000
10.402 1.000000
10.404 1.000000
10.406 1.000000
10.408 1.000000
10.410 1.000000
10.412 1.000000
10.414 1.000000
10.416 1.000000
10.418 1.000000
10.420 0.999999
10.422 0.999999
10.424 0.999999
10.426 0.999999
10.428 0.999999
10.430 0.999999
10.432 0.999999
10.434 0.999999
10.436 0.999999
10.438 0.999999
10.440 0.999999
10.442 0.999999
10.444 0.999999
10.446 0.999999
10.448 1.000000
10.450 1.000000
10.452 1.000000
10.454 1.000000
10.456 1.000001
10.458 1.000001
10.460 1.000001
10.462 1.000001
10.464 1.000001
10.466 1.000001
10.468 1.000001
10.470 1.000000
10.472 1.000000
10.474 1.000000
10.476 1.000000
10.478 1.000000
10.480 1.000000
10.482 1.000000
10.484 1.000000
10.486 1.000000
10.488 1.000000
10.490 1.000000
10.492 1.000000
10.494 1.000000
10.496 1.000000
10.498 0.999999
10.500 0.999999
10.502 0.999999
10.504 0.999999
10.506 0.999999
10.508 0.999999
10.510 0.999999
10.512 0.999999
10.514 0.999999
10.516 0.999999
10.518 0.999999
10.520 1.000000
10.522 1.000000
10.524 1.000000
10.526 1.000001
10.528 1.000001
10.530 1.000001
10.532 1.000001
10.534 1.000001
10.536 1.000001
10.538 1.000001
10.540 1.000001
10.542 1.000001
10.544 1.000000
10.546 1.000000
10.548 1.000000
10.550 1.000000
10.552 1.000000
10.554 1.000000
10.556 1.000000
10.558 1.000000
10.560 1.000000
10.562 1.000000
10.564 1.000000
10.566 1.000000
10.568 1.000000
10.570 1.000000
10.572 0.999999
10.574 0.999999
10.576 0.999999
10.578 0.999999
10.580 0.999999
10.582 0.999999
10.584 0.999999
10.586 0.999999
10.588 0.999999
10.590 0.999999
10.592 0.999999
10.594 1.000000
10.596 1.000000
10.598 1.000000
10.600 1.000001
10.602 1.000001
10.604 1.000001
10.606 1.000001
10.608 1.000001
10.610 1.000001
10.612 1.000001
10.614 1.000001
10.616 1.000001
10.618 1.000000
10.620 1.000000
10.622 1.000000
10.624 1.000000
10.626 1.000000
10.628 1.000000
