0.000 -2.738119
0.002 -2.738119
0.004 -2.738119
0.006 -2.738119
0.008 -2.738118
0.010 -2.738118
0.012 -2.738118
0.014 -2.738117
0.016 -2.738115
0.018 -2.738114
0.020 -2.738112
0.022 -2.738109
0.024 -2.738106
0.026 -2.738103
0.028 -2.738099
0.030 -2.738094
0.032 -2.738088
0.034 -2.738082
0.036 -2.738075
0.038 -2.738067
0.040 -2.738058
0.042 -2.738049
0.044 -2.738038
0.046 -2.738026
0.048 -2.738014
0.050 -2.738000
0.052 -2.737986
0.054 -2.737971
0.056 -2.737955
0.058 -2.737938
0.060 -2.737920
0.062 -2.737901
0.064 -2.737881
0.066 -2.737858
0.068 -2.737836
0.070 -2.737813
0.072 -2.737789
0.074 -2.737764
0.076 -2.737737
0.078 -2.737709
0.080 -2.737681
0.082 -2.737653
0.084 -2.737623
0.086 -2.737592
0.088 -2.737560
0.090 -2.737528
0.092 -2.737494
0.094 -2.737459
0.096 -2.737424
0.098 -2.737387
0.100 -2.737350
0.102 -2.737312
0.104 -2.737272
0.106 -2.737230
0.108 -2.737186
0.110 -2.737141
0.112 -2.737097
0.114 -2.737053
0.116 -2.737009
0.118 -2.736961
0.120 -2.736915
0.122 -2.736868
0.124 -2.736820
0.126 -2.736772
0.128 -2.736723
0.130 -2.736670
0.132 -2.736619
0.134 -2.736564
0.136 -2.736511
0.138 -2.736457
0.140 -2.736400
0.142 -2.736344
0.144 -2.736286
0.146 -2.736228
0.148 -2.736171
0.150 -2.736113
0.152 -2.736055
0.154 -2.735996
0.156 -2.735932
0.158 -2.735870
0.160 -2.735808
0.162 -2.735746
0.164 -2.735683
0.166 -2.735619
0.168 -2.735554
0.170 -2.735488
0.172 -2.735422
0.174 -2.735355
0.176 -2.735287
0.178 -2.735218
0.180 -2.735148
0.182 -2.735077
0.184 -2.735006
0.186 -2.734934
0.188 -2.734860
0.190 -2.734786
0.192 -2.734712
0.194 -2.734636
0.196 -2.734555
0.198 -2.734477
0.200 -2.734398
0.202 -2.734319
0.204 -2.734239
0.206 -2.734154
0.208 -2.734072
0.210 -2.733989
0.212 -2.733906
0.214 -2.733822
0.216 -2.733738
0.218 -2.733648
0.220 -2.733560
0.222 -2.733473
0.224 -2.733385
0.226 -2.733297
0.228 -2.733207
0.230 -2.733117
0.232 -2.733022
0.234 -2.732928
0.236 -2.732835
0.238 -2.732742
0.240 -2.732648
0.242 -2.732553
0.244 -2.732458
0.246 -2.732356
0.248 -2.732252
0.250 -2.732152
0.252 -2.732053
0.254 -2.731948
0.256 -2.731846
0.258 -2.731745
0.260 -2.731643
0.262 -2.731541
0.264 -2.731432
0.266 -2.731327
0.268 -2.731222
0.270 -2.731110
0.272 -2.731002
0.274 -2.730895
0.276 -2.730781
0.278 -2.730671
0.280 -2.730562
0.282 -2.730452
0.284 -2.730335
0.286 -2.730221
0.288 -2.730109
0.290 -2.729996
0.292 -2.729882
0.294 -2.729767
0.296 -2.729652
0.298 -2.729536
0.300 -2.729413
0.302 -2.729293
0.304 -2.729174
0.306 -2.729048
0.308 -2.728926
0.310 -2.728804
0.312 -2.728682
0.314 -2.728553
0.316 -2.728421
0.318 -2.728294
0.320 -2.728169
0.322 -2.728043
0.324 -2.727917
0.326 -2.727790
0.328 -2.727662
0.330 -2.727533
0.332 -2.727404
0.334 -2.727273
0.336 -2.727142
0.338 -2.727010
0.340 -2.726870
0.342 -2.726727
0.344 -2.726589
0.346 -2.726445
0.348 -2.726299
0.350 -2.726160
0.352 -2.726021
0.354 -2.725883
0.356 -2.725744
0.358 -2.725605
0.360 -2.725456
0.362 -2.725313
0.364 -2.725170
0.366 -2.725027
0.368 -2.724876
0.370 -2.724729
0.372 -2.724583
0.374 -2.724437
0.376 -2.724290
0.378 -2.724142
0.380 -2.723994
0.382 -2.723844
0.384 -2.723694
0.386 -2.723543
0.388 -2.723383
0.390 -2.723219
0.392 -2.723062
0.394 -2.722906
0.396 -2.722743
0.398 -2.722575
0.400 -2.722407
0.402 -2.722237
0.404 -2.722076
0.406 -2.721916
0.408 -2.721757
0.410 -2.721597
0.412 -2.721437
0.414 -2.721267
0.416 -2.721093
0.418 -2.720918
0.420 -2.720742
0.422 -2.720566
0.424 -2.720397
0.426 -2.720231
0.428 -2.720066
0.430 -2.719900
0.432 -2.719733
0.434 -2.719556
0.436 -2.719384
0.438 -2.719214
0.440 -2.719044
0.442 -2.718873
0.444 -2.718692
0.446 -2.718516
0.448 -2.718342
0.450 -2.718157
0.452 -2.717969
0.454 -2.717780
0.456 -2.717589
0.458 -2.717408
0.460 -2.717219
0.462 -2.717037
0.464 -2.716857
0.466 -2.716667
0.468 -2.716483
0.470 -2.716300
0.472 -2.716118
0.474 -2.715935
0.476 -2.715751
0.478 -2.715566
0.480 -2.715380
0.482 -2.715194
0.484 -2.715006
0.486 -2.714817
0.488 -2.714628
0.490 -2.714437
0.492 -2.714246
0.494 -2.714053
0.496 -2.713870
0.498 -2.713678
0.500 -2.713472
0.502 -2.713272
0.504 -2.713073
0.506 -2.712874
0.508 -2.712673
0.510 -2.712472
0.512 -2.712270
0.514 -2.712067
0.516 -2.711863
0.518 -2.711658
0.520 -2.711452
0.522 -2.711245
0.524 -2.711037
0.526 -2.710817
0.528 -2.710592
0.530 -2.710377
0.532 -2.710165
0.534 -2.709953
0.536 -2.709728
0.538 -2.709511
0.540 -2.709296
0.542 -2.709081
0.544 -2.708865
0.546 -2.708649
0.548 -2.708432
0.550 -2.708215
0.552 -2.707996
0.554 -2.707777
0.556 -2.707556
0.558 -2.707335
0.560 -2.707101
0.562 -2.706875
0.564 -2.706650
0.566 -2.706426
0.568 -2.706201
0.570 -2.705975
0.572 -2.705736
0.574 -2.705492
0.576 -2.705260
0.578 -2.705029
0.580 -2.704787
0.582 -2.704554
0.584 -2.704322
0.586 -2.704078
0.588 -2.703842
0.590 -2.703609
0.592 -2.703376
0.594 -2.703142
0.596 -2.702908
0.598 -2.702673
0.600 -2.702437
0.602 -2.702200
0.604 -2.701963
0.606 -2.701725
0.608 -2.701485
0.610 -2.701245
0.612 -2.701004
0.614 -2.700762
0.616 -2.700506
0.618 -2.700259
0.620 -2.700013
0.622 -2.699754
0.624 -2.699504
0.626 -2.699256
0.628 -2.699008
0.630 -2.698760
0.632 -2.698511
0.634 -2.698261
0.636 -2.698010
0.638 -2.697759
0.640 -2.697506
0.642 -2.697253
0.644 -2.696998
0.646 -2.696743
0.648 -2.696487
0.650 -2.696230
0.652 -2.695972
0.654 -2.695698
0.656 -2.695434
0.658 -2.695172
0.660 -2.694910
0.662 -2.694648
0.664 -2.694385
0.666 -2.694121
0.668 -2.693842
0.670 -2.693571
0.672 -2.693304
0.674 -2.693036
0.676 -2.692768
0.678 -2.692500
0.680 -2.692230
0.682 -2.691960
0.684 -2.691674
0.686 -2.691397
0.688 -2.691123
0.690 -2.690850
0.692 -2.690575
0.694 -2.690300
0.696 -2.690024
0.698 -2.689733
0.700 -2.689436
0.702 -2.689152
0.704 -2.688871
0.706 -2.688592
0.708 -2.688312
0.710 -2.688031
0.712 -2.687750
0.714 -2.687468
0.716 -2.687185
0.718 -2.686902
0.720 -2.686617
0.722 -2.686332
0.724 -2.686046
0.726 -2.685759
0.728 -2.685471
0.730 -2.685182
0.732 -2.684893
0.734 -2.684602
0.736 -2.684310
0.738 -2.684018
0.740 -2.683725
0.742 -2.683415
0.744 -2.683114
0.746 -2.682817
0.748 -2.682520
0.750 -2.682222
0.752 -2.681924
0.754 -2.681609
0.756 -2.681304
0.758 -2.681002
0.760 -2.680700
0.762 -2.680398
0.764 -2.680095
0.766 -2.679792
0.768 -2.679487
0.770 -2.679182
0.772 -2.678876
0.774 -2.678569
0.776 -2.678261
0.778 -2.677953
0.780 -2.677643
0.782 -2.677332
0.784 -2.677021
0.786 -2.676709
0.788 -2.676395
0.790 -2.676064
0.792 -2.675744
0.794 -2.675410
0.796 -2.675088
0.798 -2.674752
0.800 -2.674429
0.802 -2.674110
0.804 -2.673791
0.806 -2.673472
0.808 -2.673152
0.810 -2.672832
0.812 -2.672511
0.814 -2.672189
0.816 -2.671866
0.818 -2.671543
0.820 -2.671219
0.822 -2.670893
0.824 -2.670567
0.826 -2.670241
0.828 -2.669913
0.830 -2.669566
0.832 -2.669213
0.834 -2.668858
0.836 -2.668520
0.838 -2.668187
0.840 -2.667855
0.842 -2.667523
0.844 -2.667190
0.846 -2.666856
0.848 -2.666522
0.850 -2.666187
0.852 -2.665851
0.854 -2.665496
0.856 -2.665153
0.858 -2.664813
0.860 -2.664473
0.862 -2.664133
0.864 -2.663774
0.866 -2.663427
0.868 -2.663064
0.870 -2.662716
0.872 -2.662370
0.874 -2.662026
0.876 -2.661681
0.878 -2.661336
0.880 -2.660990
0.882 -2.660643
0.884 -2.660276
0.886 -2.659921
0.888 -2.659551
0.890 -2.659195
0.892 -2.658842
0.894 -2.658490
0.896 -2.658138
0.898 -2.657785
0.900 -2.657431
0.902 -2.657057
0.904 -2.656695
0.906 -2.656337
0.908 -2.655980
0.910 -2.655622
0.912 -2.655263
0.914 -2.654903
0.916 -2.654542
0.918 -2.654181
0.920 -2.653818
0.922 -2.653455
0.924 -2.653090
0.926 -2.652724
0.928 -2.652358
0.930 -2.651990
0.932 -2.651621
0.934 -2.651252
0.936 -2.650881
0.938 -2.650529
0.940 -2.650163
0.942 -2.649810
0.944 -2.649441
0.946 -2.649066
0.948 -2.648688
0.950 -2.648309
0.952 -2.647928
0.954 -2.647546
0.956 -2.647163
0.958 -2.646779
0.960 -2.646394
0.962 -2.645987
0.964 -2.645594
0.966 -2.645204
0.968 -2.644815
0.970 -2.644426
0.972 -2.644036
0.974 -2.643646
0.976 -2.643255
0.978 -2.642863
0.980 -2.642449
0.982 -2.642049
0.984 -2.641654
0.986 -2.641259
0.988 -2.640864
0.990 -2.640468
0.992 -2.640072
0.994 -2.639675
0.996 -2.639277
0.998 -2.638879
1.000 -2.638480
1.002 -2.638080
1.004 -2.637680
1.006 -2.637279
1.008 -2.636877
1.010 -2.636474
1.012 -2.636070
1.014 -2.635666
1.016 -2.635261
1.018 -2.634789
1.020 -2.634319
1.022 -2.633849
1.024 -2.633381
1.026 -2.632935
1.028 -2.632519
1.030 -2.632113
1.032 -2.631710
1.034 -2.631308
1.036 -2.630906
1.038 -2.630482
1.040 -2.630072
1.042 -2.629667
1.044 -2.629263
1.046 -2.628859
1.048 -2.628455
1.050 -2.628049
1.052 -2.627620
1.054 -2.627184
1.056 -2.626744
1.058 -2.626304
1.060 -2.625863
1.062 -2.625421
1.064 -2.624980
1.066 -2.624538
1.068 -2.624096
1.070 -2.623655
1.072 -2.623236
1.074 -2.622824
1.076 -2.622413
1.078 -2.622003
1.080 -2.621592
1.082 -2.621180
1.084 -2.620767
1.086 -2.620352
1.088 -2.619936
1.090 -2.619496
1.092 -2.619070
1.094 -2.618624
1.096 -2.618195
1.098 -2.617771
1.100 -2.617347
1.102 -2.616923
1.104 -2.616497
1.106 -2.616070
1.108 -2.615641
1.110 -2.615187
1.112 -2.614748
1.114 -2.614313
1.116 -2.613878
1.118 -2.613418
1.120 -2.612974
1.122 -2.612534
1.124 -2.612070
1.126 -2.611622
1.128 -2.611179
1.130 -2.610736
1.132 -2.610292
1.134 -2.609848
1.136 -2.609402
1.138 -2.608931
1.140 -2.608451
1.142 -2.607992
1.144 -2.607540
1.146 -2.607089
1.148 -2.606613
1.150 -2.606153
1.152 -2.605698
1.154 -2.605244
1.156 -2.604789
1.158 -2.604334
1.160 -2.603878
1.162 -2.603420
1.164 -2.602962
1.166 -2.602502
1.168 -2.602042
1.170 -2.601580
1.172 -2.601117
1.174 -2.600653
1.176 -2.600188
1.178 -2.599721
1.180 -2.599254
1.182 -2.598785
1.184 -2.598316
1.186 -2.597845
1.188 -2.597373
1.190 -2.596874
1.192 -2.596392
1.194 -2.595915
1.196 -2.595414
1.198 -2.594904
1.200 -2.594417
1.202 -2.593937
1.204 -2.593459
1.206 -2.592981
1.208 -2.592476
1.210 -2.591963
1.212 -2.591473
1.214 -2.590991
1.216 -2.590484
1.218 -2.589995
1.220 -2.589512
1.222 -2.589030
1.224 -2.588548
1.226 -2.588066
1.228 -2.587583
1.230 -2.587073
1.232 -2.586580
1.234 -2.586093
1.236 -2.585606
1.238 -2.585120
1.240 -2.584632
1.242 -2.584144
1.244 -2.583655
1.246 -2.583191
1.248 -2.582708
1.250 -2.582218
1.252 -2.581725
1.254 -2.581230
1.256 -2.580733
1.258 -2.580235
1.260 -2.579709
1.262 -2.579201
1.264 -2.578698
1.266 -2.578195
1.268 -2.577665
1.270 -2.577153
1.272 -2.576647
1.274 -2.576141
1.276 -2.575635
1.278 -2.575129
1.280 -2.574622
1.282 -2.574113
1.284 -2.573604
1.286 -2.573094
1.288 -2.572583
1.290 -2.572071
1.292 -2.571530
1.294 -2.571007
1.296 -2.570490
1.298 -2.569974
1.300 -2.569458
1.302 -2.568942
1.304 -2.568396
1.306 -2.567841
1.308 -2.567283
1.310 -2.566752
1.312 -2.566229
1.314 -2.565681
1.316 -2.565125
1.318 -2.564594
1.320 -2.564071
1.322 -2.563550
1.324 -2.563030
1.326 -2.562509
1.328 -2.561959
1.330 -2.561371
1.332 -2.560800
1.334 -2.560235
1.336 -2.559672
1.338 -2.559110
1.340 -2.558577
1.342 -2.558054
1.344 -2.557505
1.346 -2.556947
1.348 -2.556415
1.350 -2.555892
1.352 -2.555371
1.354 -2.554851
1.356 -2.554329
1.358 -2.553807
1.360 -2.553284
1.362 -2.552760
1.364 -2.552234
1.366 -2.551678
1.368 -2.551112
1.370 -2.550571
1.372 -2.550038
1.374 -2.549477
1.376 -2.548906
1.378 -2.548332
1.380 -2.547757
1.382 -2.547211
1.384 -2.546674
1.386 -2.546109
1.388 -2.545565
1.390 -2.545027
1.392 -2.544490
1.394 -2.543952
1.396 -2.543414
1.398 -2.542844
1.400 -2.542264
1.402 -2.541710
1.404 -2.541164
1.406 -2.540589
1.408 -2.540035
1.410 -2.539456
1.412 -2.538900
1.414 -2.538349
1.416 -2.537770
1.418 -2.537181
1.420 -2.536588
1.422 -2.536025
1.424 -2.535470
1.426 -2.534887
1.428 -2.534325
1.430 -2.533739
1.432 -2.533144
1.434 -2.532578
1.436 -2.531989
1.438 -2.531392
1.440 -2.530824
1.442 -2.530265
1.444 -2.529708
1.446 -2.529151
1.448 -2.528593
1.450 -2.528033
1.452 -2.527473
1.454 -2.526880
1.456 -2.526276
1.458 -2.525668
1.460 -2.525090
1.462 -2.524520
1.464 -2.523922
1.466 -2.523313
1.468 -2.522702
1.470 -2.522120
1.472 -2.521548
1.474 -2.520946
1.476 -2.520366
1.478 -2.519793
1.480 -2.519220
1.482 -2.518648
1.484 -2.518074
1.486 -2.517499
1.488 -2.516891
1.490 -2.516303
1.492 -2.515721
1.494 -2.515141
1.496 -2.514527
1.498 -2.513935
1.500 -2.513348
1.502 -2.512763
1.504 -2.512177
1.506 -2.511590
1.508 -2.511001
1.510 -2.510379
1.512 -2.509778
1.514 -2.509152
1.516 -2.508516
1.518 -2.507879
1.520 -2.507272
1.522 -2.506676
1.524 -2.506083
1.526 -2.505490
1.528 -2.504897
1.530 -2.504304
1.532 -2.503710
1.534 -2.503148
1.536 -2.502628
1.538 -2.502151
1.540 -2.501590
1.542 -2.501001
1.544 -2.500401
1.546 -2.499765
1.548 -2.499150
1.550 -2.498508
1.552 -2.497890
1.554 -2.497279
1.556 -2.496671
1.558 -2.496063
1.560 -2.495423
1.562 -2.494805
1.564 -2.494194
1.566 -2.493554
1.568 -2.492904
1.570 -2.492285
1.572 -2.491676
1.574 -2.491071
1.576 -2.490466
1.578 -2.489863
1.580 -2.489260
1.582 -2.488657
1.584 -2.488055
1.586 -2.487453
1.588 -2.486884
1.590 -2.486292
1.592 -2.485693
1.594 -2.485092
1.596 -2.484458
1.598 -2.483814
1.600 -2.483200
1.602 -2.482596
1.604 -2.481995
1.606 -2.481395
1.608 -2.480796
1.610 -2.480165
1.612 -2.479557
1.614 -2.478956
1.616 -2.478358
1.618 -2.477729
1.620 -2.477091
1.622 -2.476450
1.624 -2.475809
1.626 -2.475170
1.628 -2.474564
1.630 -2.473970
1.632 -2.473380
1.634 -2.472791
1.636 -2.472203
1.638 -2.471615
1.640 -2.471028
1.642 -2.470441
1.644 -2.469853
1.646 -2.469234
1.648 -2.468604
1.650 -2.467972
1.652 -2.467339
1.654 -2.466740
1.656 -2.466151
1.658 -2.465566
1.660 -2.464982
1.662 -2.464398
1.664 -2.463782
1.666 -2.463188
1.668 -2.462602
1.670 -2.462017
1.672 -2.461433
1.674 -2.460849
1.676 -2.460232
1.678 -2.459605
1.680 -2.458975
1.682 -2.458377
1.684 -2.457756
1.686 -2.457162
1.688 -2.456575
1.690 -2.455991
1.692 -2.455375
1.694 -2.454750
1.696 -2.454154
1.698 -2.453567
1.700 -2.452952
1.702 -2.452327
1.704 -2.451699
1.706 -2.451072
1.708 -2.450477
1.710 -2.449893
1.712 -2.449312
1.714 -2.448732
1.716 -2.448120
1.718 -2.447530
1.720 -2.446914
1.722 -2.446324
1.724 -2.445740
1.726 -2.445159
1.728 -2.444579
1.730 -2.443998
1.732 -2.443417
1.734 -2.442835
1.736 -2.442252
1.738 -2.441669
1.740 -2.441085
1.742 -2.440468
1.744 -2.439873
1.746 -2.439284
1.748 -2.438696
1.750 -2.438109
1.752 -2.437521
1.754 -2.436933
1.756 -2.436312
1.758 -2.435712
1.760 -2.435120
1.762 -2.434496
1.764 -2.433896
1.766 -2.433302
1.768 -2.432711
1.770 -2.432087
1.772 -2.431454
1.774 -2.430785
1.776 -2.430139
1.778 -2.429501
1.780 -2.428866
1.782 -2.428265
1.784 -2.427643
1.786 -2.427048
1.788 -2.426461
1.790 -2.425845
1.792 -2.425253
1.794 -2.424668
1.796 -2.424053
1.798 -2.423462
1.800 -2.422846
1.802 -2.422254
1.804 -2.421671
1.806 -2.421090
1.808 -2.420510
1.810 -2.419930
1.812 -2.419349
1.814 -2.418736
1.816 -2.418112
1.818 -2.417486
1.820 -2.416858
1.822 -2.416232
1.824 -2.415606
1.826 -2.415013
1.828 -2.414430
1.830 -2.413851
1.832 -2.413273
1.834 -2.412663
1.836 -2.412075
1.838 -2.411461
1.840 -2.410840
1.842 -2.410249
1.844 -2.409635
1.846 -2.409046
1.848 -2.408465
1.850 -2.407887
1.852 -2.407227
1.854 -2.406524
1.856 -2.405806
1.858 -2.405116
1.860 -2.404467
1.862 -2.403863
1.864 -2.403304
1.866 -2.402759
1.868 -2.402216
1.870 -2.401672
1.872 -2.401126
1.874 -2.400578
1.876 -2.400026
1.878 -2.399472
1.880 -2.398915
1.882 -2.398355
1.884 -2.397793
1.886 -2.397227
1.888 -2.396659
1.890 -2.396088
1.892 -2.395483
1.894 -2.394865
1.896 -2.394275
1.898 -2.393692
1.900 -2.393078
1.902 -2.392485
1.904 -2.391899
1.906 -2.391313
1.908 -2.390727
1.910 -2.390139
1.912 -2.389551
1.914 -2.388961
1.916 -2.388369
1.918 -2.387777
1.920 -2.387183
1.922 -2.386589
1.924 -2.385993
1.926 -2.385396
1.928 -2.384799
1.930 -2.384201
1.932 -2.383602
1.934 -2.382970
1.936 -2.382359
1.938 -2.381724
1.940 -2.381113
1.942 -2.380509
1.944 -2.379876
1.946 -2.379266
1.948 -2.378696
1.950 -2.378170
1.952 -2.377593
1.954 -2.376999
1.956 -2.376399
1.958 -2.375797
1.960 -2.375194
1.962 -2.374590
1.964 -2.373954
1.966 -2.373341
1.968 -2.372734
1.970 -2.372130
1.972 -2.371527
1.974 -2.370924
1.976 -2.370321
1.978 -2.369719
1.980 -2.369117
1.982 -2.368482
1.984 -2.367870
1.986 -2.367266
1.988 -2.366664
1.990 -2.366063
1.992 -2.365463
1.994 -2.364863
1.996 -2.364263
1.998 -2.363631
2.000 -2.363022
2.002 -2.362420
2.004 -2.361821
2.006 -2.361223
2.008 -2.360626
2.010 -2.360028
2.012 -2.359432
2.014 -2.358835
2.016 -2.358238
2.018 -2.357609
2.020 -2.356971
2.022 -2.356330
2.024 -2.355721
2.026 -2.355091
2.028 -2.354455
2.030 -2.353818
2.032 -2.353214
2.034 -2.352620
2.036 -2.352031
2.038 -2.351444
2.040 -2.350857
2.042 -2.350238
2.044 -2.349642
2.046 -2.349053
2.048 -2.348434
2.050 -2.347807
2.052 -2.347145
2.054 -2.346441
2.056 -2.345726
2.058 -2.345042
2.060 -2.344402
2.062 -2.343778
2.064 -2.343161
2.066 -2.342547
2.068 -2.341936
2.070 -2.341326
2.072 -2.340719
2.074 -2.340113
2.076 -2.339541
2.078 -2.338980
2.080 -2.338422
2.082 -2.337866
2.084 -2.337310
2.086 -2.336754
2.088 -2.336197
2.090 -2.335606
2.092 -2.335037
2.094 -2.334475
2.096 -2.333913
2.098 -2.333351
2.100 -2.332789
2.102 -2.332224
2.104 -2.331658
2.106 -2.331091
2.108 -2.330522
2.110 -2.329919
2.112 -2.329305
2.114 -2.328718
2.116 -2.328108
2.118 -2.327522
2.120 -2.326943
2.122 -2.326365
2.124 -2.325787
2.126 -2.325208
2.128 -2.324628
2.130 -2.324014
2.132 -2.323389
2.134 -2.322761
2.136 -2.322132
2.138 -2.321503
2.140 -2.320873
2.142 -2.320244
2.144 -2.319616
2.146 -2.319021
2.148 -2.318436
2.150 -2.317854
2.152 -2.317273
2.154 -2.316693
2.156 -2.316112
2.158 -2.315530
2.160 -2.314948
2.162 -2.314365
2.164 -2.313750
2.166 -2.313156
2.168 -2.312568
2.170 -2.311983
2.172 -2.311398
2.174 -2.310780
2.176 -2.310183
2.178 -2.309562
2.180 -2.308932
2.182 -2.308333
2.184 -2.307742
2.186 -2.307123
2.188 -2.306527
2.190 -2.305906
2.192 -2.305309
2.194 -2.304720
2.196 -2.304134
2.198 -2.303548
2.200 -2.302963
2.202 -2.302377
2.204 -2.301758
2.206 -2.301129
2.208 -2.300529
2.210 -2.299907
2.212 -2.299309
2.214 -2.298688
2.216 -2.298091
2.218 -2.297503
2.220 -2.296949
2.222 -2.296438
2.224 -2.295875
2.226 -2.295261
2.228 -2.294664
2.230 -2.294072
2.232 -2.293481
2.234 -2.292890
2.236 -2.292299
2.238 -2.291707
2.240 -2.291114
2.242 -2.290521
2.244 -2.289927
2.246 -2.289333
2.248 -2.288738
2.250 -2.288142
2.252 -2.287514
2.254 -2.286908
2.256 -2.286309
2.258 -2.285679
2.260 -2.285072
2.262 -2.284473
2.264 -2.283876
2.266 -2.283280
2.268 -2.282651
2.270 -2.282013
2.272 -2.281404
2.274 -2.280806
2.276 -2.280210
2.278 -2.279615
2.280 -2.279021
2.282 -2.278427
2.284 -2.277833
2.286 -2.277207
2.288 -2.276603
2.290 -2.276007
2.292 -2.275412
2.294 -2.274787
2.296 -2.274184
2.298 -2.273588
2.300 -2.272995
2.302 -2.272402
2.304 -2.271810
2.306 -2.271186
2.308 -2.270583
2.310 -2.269988
2.312 -2.269396
2.314 -2.268772
2.316 -2.268138
2.318 -2.267502
2.320 -2.266898
2.322 -2.266304
2.324 -2.265714
2.326 -2.265126
2.328 -2.264505
2.330 -2.263907
2.332 -2.263285
2.334 -2.262654
2.336 -2.262022
2.338 -2.261423
2.340 -2.260834
2.342 -2.260249
2.344 -2.259633
2.346 -2.259007
2.348 -2.258411
2.350 -2.257825
2.352 -2.257242
2.354 -2.256660
2.356 -2.256078
2.358 -2.255464
2.360 -2.254871
2.362 -2.254286
2.364 -2.253703
2.366 -2.253121
2.368 -2.252538
2.370 -2.251955
2.372 -2.251371
2.374 -2.250754
2.376 -2.250160
2.378 -2.249572
2.380 -2.248985
2.382 -2.248399
2.384 -2.247813
2.386 -2.247226
2.388 -2.246639
2.390 -2.246051
2.392 -2.245462
2.394 -2.244873
2.396 -2.244250
2.398 -2.243618
2.400 -2.242982
2.402 -2.242378
2.404 -2.241784
2.406 -2.241193
2.408 -2.240604
2.410 -2.239982
2.412 -2.239382
2.414 -2.238789
2.416 -2.238166
2.418 -2.237566
2.420 -2.236974
2.422 -2.236415
2.424 -2.235900
2.426 -2.235429
2.428 -2.234873
2.430 -2.234289
2.432 -2.233695
2.434 -2.233097
2.436 -2.232498
2.438 -2.231897
2.440 -2.231295
2.442 -2.230692
2.444 -2.230088
2.446 -2.229452
2.448 -2.228837
2.450 -2.228197
2.452 -2.227550
2.454 -2.226901
2.456 -2.226284
2.458 -2.225677
2.460 -2.225075
2.462 -2.224474
2.464 -2.223874
2.466 -2.223274
2.468 -2.222674
2.470 -2.222075
2.472 -2.221475
2.474 -2.220876
2.476 -2.220278
2.478 -2.219679
2.480 -2.219080
2.482 -2.218482
2.484 -2.217884
2.486 -2.217253
2.488 -2.216645
2.490 -2.216044
2.492 -2.215446
2.494 -2.214881
2.496 -2.214359
2.498 -2.213880
2.500 -2.213318
2.502 -2.212747
2.504 -2.212172
2.506 -2.211527
2.508 -2.210859
2.510 -2.210215
2.512 -2.209610
2.514 -2.208984
2.516 -2.208383
2.518 -2.207789
2.520 -2.207196
2.522 -2.206603
2.524 -2.206008
2.526 -2.205413
2.528 -2.204816
2.530 -2.204218
2.532 -2.203619
2.534 -2.203019
2.536 -2.202386
2.538 -2.201774
2.540 -2.201137
2.542 -2.200525
2.544 -2.199920
2.546 -2.199285
2.548 -2.198641
2.550 -2.198028
2.552 -2.197424
2.554 -2.196823
2.556 -2.196192
2.558 -2.195583
2.560 -2.194982
2.562 -2.194384
2.564 -2.193787
2.566 -2.193190
2.568 -2.192594
2.570 -2.191998
2.572 -2.191402
2.574 -2.190806
2.576 -2.190242
2.578 -2.189656
2.580 -2.189030
2.582 -2.188424
2.584 -2.187825
2.586 -2.187227
2.588 -2.186631
2.590 -2.186034
2.592 -2.185438
2.594 -2.184842
2.596 -2.184245
2.598 -2.183648
2.600 -2.183052
2.602 -2.182455
2.604 -2.181858
2.606 -2.181261
2.608 -2.180664
2.610 -2.180067
2.612 -2.179470
2.614 -2.178872
2.616 -2.178242
2.618 -2.177635
2.620 -2.177034
2.622 -2.176436
2.624 -2.175839
2.626 -2.175242
2.628 -2.174645
2.630 -2.174016
2.632 -2.173377
2.634 -2.172736
2.636 -2.172095
2.638 -2.171454
2.640 -2.170815
2.642 -2.170210
2.644 -2.169616
2.646 -2.169026
2.648 -2.168437
2.650 -2.167849
2.652 -2.167262
2.654 -2.166707
2.656 -2.166194
2.658 -2.165629
2.660 -2.165046
2.662 -2.164458
2.664 -2.163867
2.666 -2.163275
2.668 -2.162682
2.670 -2.162089
2.672 -2.161495
2.674 -2.160901
2.676 -2.160306
2.678 -2.159710
2.680 -2.159114
2.682 -2.158518
2.684 -2.157921
2.686 -2.157292
2.688 -2.156684
2.690 -2.156052
2.692 -2.155444
2.694 -2.154843
2.696 -2.154278
2.698 -2.153691
2.700 -2.153097
2.702 -2.152500
2.704 -2.151902
2.706 -2.151304
2.708 -2.150706
2.710 -2.150075
2.712 -2.149467
2.714 -2.148833
2.716 -2.148225
2.718 -2.147624
2.720 -2.147026
2.722 -2.146430
2.724 -2.145833
2.726 -2.145237
2.728 -2.144641
2.730 -2.144013
2.732 -2.143407
2.734 -2.142808
2.736 -2.142212
2.738 -2.141585
2.740 -2.140948
2.742 -2.140308
2.744 -2.139669
2.746 -2.139031
2.748 -2.138426
2.750 -2.137801
2.752 -2.137202
2.754 -2.136611
2.756 -2.136024
2.758 -2.135438
2.760 -2.134853
2.762 -2.134267
2.764 -2.133682
2.766 -2.133065
2.768 -2.132469
2.770 -2.131881
2.772 -2.131296
2.774 -2.130679
2.776 -2.130084
2.778 -2.129496
2.780 -2.128910
2.782 -2.128325
2.784 -2.127740
2.786 -2.127122
2.788 -2.126526
2.790 -2.125905
2.792 -2.125309
2.794 -2.124720
2.796 -2.124133
2.798 -2.123515
2.800 -2.122919
2.802 -2.122330
2.804 -2.121743
2.806 -2.121157
2.808 -2.120571
2.810 -2.119984
2.812 -2.119397
2.814 -2.118809
2.816 -2.118221
2.818 -2.117632
2.820 -2.117043
2.822 -2.116453
2.824 -2.115863
2.826 -2.115272
2.828 -2.114680
2.830 -2.114088
2.832 -2.113495
2.834 -2.112870
2.836 -2.112266
2.838 -2.111670
2.840 -2.111075
2.842 -2.110481
2.844 -2.109886
2.846 -2.109259
2.848 -2.108654
2.850 -2.108056
2.852 -2.107461
2.854 -2.106834
2.856 -2.106229
2.858 -2.105631
2.860 -2.105036
2.862 -2.104409
2.864 -2.103773
2.866 -2.103166
2.868 -2.102569
2.870 -2.101976
2.872 -2.101383
2.874 -2.100791
2.876 -2.100199
2.878 -2.099607
2.880 -2.099015
2.882 -2.098422
2.884 -2.097798
2.886 -2.097163
2.888 -2.096558
2.890 -2.095963
2.892 -2.095371
2.894 -2.094779
2.896 -2.094188
2.898 -2.093597
2.900 -2.093006
2.902 -2.092415
2.904 -2.091824
2.906 -2.091232
2.908 -2.090640
2.910 -2.090048
2.912 -2.089456
2.914 -2.088831
2.916 -2.088228
2.918 -2.087632
2.920 -2.087038
2.922 -2.086445
2.924 -2.085852
2.926 -2.085258
2.928 -2.084665
2.930 -2.084071
2.932 -2.083444
2.934 -2.082808
2.936 -2.082169
2.938 -2.081529
2.940 -2.080891
2.942 -2.080253
2.944 -2.079617
2.946 -2.078982
2.948 -2.078381
2.950 -2.077791
2.952 -2.077205
2.954 -2.076621
2.956 -2.076037
2.958 -2.075453
2.960 -2.074870
2.962 -2.074286
2.964 -2.073670
2.966 -2.073076
2.968 -2.072490
2.970 -2.071905
2.972 -2.071289
2.974 -2.070695
2.976 -2.070076
2.978 -2.069481
2.980 -2.068895
2.982 -2.068310
2.984 -2.067726
2.986 -2.067110
2.988 -2.066516
2.990 -2.065929
2.992 -2.065344
2.994 -2.064759
2.996 -2.064174
2.998 -2.063556
3.000 -2.062928
3.002 -2.062329
3.004 -2.061740
3.006 -2.061153
3.008 -2.060567
3.010 -2.059981
3.012 -2.059395
3.014 -2.058808
3.016 -2.058221
3.018 -2.057600
3.020 -2.056970
3.022 -2.056368
3.024 -2.055777
3.026 -2.055187
3.028 -2.054599
3.030 -2.054010
3.032 -2.053422
3.034 -2.052832
3.036 -2.052243
3.038 -2.051653
3.040 -2.051062
3.042 -2.050471
3.044 -2.049847
3.046 -2.049245
3.048 -2.048650
3.050 -2.048057
3.052 -2.047432
3.054 -2.046797
3.056 -2.046160
3.058 -2.045554
3.060 -2.044927
3.062 -2.044293
3.064 -2.043690
3.066 -2.043097
3.068 -2.042508
3.070 -2.041920
3.072 -2.041300
3.074 -2.040702
3.076 -2.040112
3.078 -2.039524
3.080 -2.038937
3.082 -2.038350
3.084 -2.037763
3.086 -2.037208
3.088 -2.036597
3.090 -2.035970
3.092 -2.035369
3.094 -2.034777
3.096 -2.034187
3.098 -2.033598
3.100 -2.032977
3.102 -2.032378
3.104 -2.031786
3.106 -2.031196
3.108 -2.030607
3.110 -2.030017
3.112 -2.029428
3.114 -2.028838
3.116 -2.028215
3.118 -2.027614
3.120 -2.027020
3.122 -2.026429
3.124 -2.025805
3.126 -2.025172
3.128 -2.024568
3.130 -2.023974
3.132 -2.023382
3.134 -2.022792
3.136 -2.022202
3.138 -2.021612
3.140 -2.021021
3.142 -2.020431
3.144 -2.019840
3.146 -2.019248
3.148 -2.018657
3.150 -2.018065
3.152 -2.017472
3.154 -2.016879
3.156 -2.016286
3.158 -2.015693
3.160 -2.015099
3.162 -2.014504
3.164 -2.013910
3.166 -2.013314
3.168 -2.012719
3.170 -2.012123
3.172 -2.011526
3.174 -2.010930
3.176 -2.010333
3.178 -2.009735
3.180 -2.009137
3.182 -2.008507
3.184 -2.007899
3.186 -2.007266
3.188 -2.006658
3.190 -2.006057
3.192 -2.005459
3.194 -2.004863
3.196 -2.004234
3.198 -2.003627
3.200 -2.003029
3.202 -2.002432
3.204 -2.001837
3.206 -2.001241
3.208 -2.000646
3.210 -2.000051
3.212 -1.999456
3.214 -1.998861
3.216 -1.998266
3.218 -1.997670
3.220 -1.997107
3.222 -1.996585
3.224 -1.995981
3.226 -1.995349
3.228 -1.994709
3.230 -1.994066
3.232 -1.993455
3.234 -1.992822
3.236 -1.992215
3.238 -1.991617
3.240 -1.991021
3.242 -1.990426
3.244 -1.989831
3.246 -1.989205
3.248 -1.988601
3.250 -1.988004
3.252 -1.987377
3.254 -1.986741
3.256 -1.986104
3.258 -1.985466
3.260 -1.984829
3.262 -1.984194
3.264 -1.983560
3.266 -1.982928
3.268 -1.982329
3.270 -1.981742
3.272 -1.981159
3.274 -1.980577
3.276 -1.979996
3.278 -1.979415
3.280 -1.978834
3.282 -1.978254
3.284 -1.977640
3.286 -1.977049
3.288 -1.976465
3.290 -1.975851
3.292 -1.975260
3.294 -1.974708
3.296 -1.974200
3.298 -1.973736
3.300 -1.973188
3.302 -1.972612
3.304 -1.971993
3.306 -1.971392
3.308 -1.970764
3.310 -1.970160
3.312 -1.969595
3.314 -1.969041
3.316 -1.968457
3.318 -1.967863
3.320 -1.967265
3.322 -1.966666
3.324 -1.966065
3.326 -1.965431
3.328 -1.964819
3.330 -1.964213
3.332 -1.963578
3.334 -1.962965
3.336 -1.962360
3.338 -1.961757
3.340 -1.961155
3.342 -1.960553
3.344 -1.959951
3.346 -1.959349
3.348 -1.958747
3.350 -1.958145
3.352 -1.957544
3.354 -1.956942
3.356 -1.956341
3.358 -1.955739
3.360 -1.955105
3.362 -1.954494
3.364 -1.953890
3.366 -1.953289
3.368 -1.952689
3.370 -1.952089
3.372 -1.951489
3.374 -1.950889
3.376 -1.950322
3.378 -1.949733
3.380 -1.949103
3.382 -1.948494
3.384 -1.947892
3.386 -1.947291
3.388 -1.946692
3.390 -1.946092
3.392 -1.945461
3.394 -1.944820
3.396 -1.944209
3.398 -1.943608
3.400 -1.943010
3.402 -1.942414
3.404 -1.941818
3.406 -1.941222
3.408 -1.940627
3.410 -1.940032
3.412 -1.939437
3.414 -1.938842
3.416 -1.938247
3.418 -1.937651
3.420 -1.937056
3.422 -1.936461
3.424 -1.935866
3.426 -1.935271
3.428 -1.934643
3.430 -1.934037
3.432 -1.933439
3.434 -1.932843
3.436 -1.932248
3.438 -1.931653
3.440 -1.931058
3.442 -1.930463
3.444 -1.929868
3.446 -1.929273
3.448 -1.928677
3.450 -1.928082
3.452 -1.927454
3.454 -1.926848
3.456 -1.926217
3.458 -1.925579
3.460 -1.924939
3.462 -1.924300
3.464 -1.923693
3.466 -1.923098
3.468 -1.922506
3.470 -1.921916
3.472 -1.921327
3.474 -1.920738
3.476 -1.920149
3.478 -1.919560
3.480 -1.918970
3.482 -1.918381
3.484 -1.917792
3.486 -1.917202
3.488 -1.916612
3.490 -1.916022
3.492 -1.915399
3.494 -1.914767
3.496 -1.914163
3.498 -1.913602
3.500 -1.912988
3.502 -1.912359
3.504 -1.911756
3.506 -1.911163
3.508 -1.910573
3.510 -1.909951
3.512 -1.909351
3.514 -1.908759
3.516 -1.908169
3.518 -1.907580
3.520 -1.906991
3.522 -1.906401
3.524 -1.905780
3.526 -1.905180
3.528 -1.904587
3.530 -1.903997
3.532 -1.903407
3.534 -1.902817
3.536 -1.902194
3.538 -1.901594
3.540 -1.901001
3.542 -1.900410
3.544 -1.899819
3.546 -1.899196
3.548 -1.898596
3.550 -1.898002
3.552 -1.897410
3.554 -1.896820
3.556 -1.896229
3.558 -1.895637
3.560 -1.895046
3.562 -1.894454
3.564 -1.893862
3.566 -1.893270
3.568 -1.892677
3.570 -1.892084
3.572 -1.891490
3.574 -1.890896
3.576 -1.890302
3.578 -1.889707
3.580 -1.889112
3.582 -1.888517
3.584 -1.887921
3.586 -1.887325
3.588 -1.886728
3.590 -1.886131
3.592 -1.885534
3.594 -1.884936
3.596 -1.884306
3.598 -1.883698
3.600 -1.883097
3.602 -1.882499
3.604 -1.881901
3.606 -1.881303
3.608 -1.880705
3.610 -1.880107
3.612 -1.879510
3.614 -1.878879
3.616 -1.878271
3.618 -1.877671
3.620 -1.877040
3.622 -1.876433
3.624 -1.875833
3.626 -1.875236
3.628 -1.874640
3.630 -1.874044
3.632 -1.873448
3.634 -1.872853
3.636 -1.872257
3.638 -1.871662
3.640 -1.871066
3.642 -1.870438
3.644 -1.869833
3.646 -1.869235
3.648 -1.868639
3.650 -1.868044
3.652 -1.867449
3.654 -1.866886
3.656 -1.866301
3.658 -1.865708
3.660 -1.865113
3.662 -1.864452
3.664 -1.863804
3.666 -1.863192
3.668 -1.862592
3.670 -1.861997
3.672 -1.861403
3.674 -1.860809
3.676 -1.860216
3.678 -1.859623
3.680 -1.859029
3.682 -1.858436
3.684 -1.857843
3.686 -1.857249
3.688 -1.856655
3.690 -1.856061
3.692 -1.855403
3.694 -1.854757
3.696 -1.854115
3.698 -1.853508
3.700 -1.852913
3.702 -1.852322
3.704 -1.851732
3.706 -1.851142
3.708 -1.850553
3.710 -1.849931
3.712 -1.849332
3.714 -1.848741
3.716 -1.848151
3.718 -1.847562
3.720 -1.846974
3.722 -1.846385
3.724 -1.845796
3.726 -1.845206
3.728 -1.844617
3.730 -1.844027
3.732 -1.843404
3.734 -1.842804
3.736 -1.842210
3.738 -1.841619
3.740 -1.841028
3.742 -1.840404
3.744 -1.839771
3.746 -1.839135
3.748 -1.838499
3.750 -1.837895
3.752 -1.837303
3.754 -1.836714
3.756 -1.836126
3.758 -1.835538
3.760 -1.834951
3.762 -1.834363
3.764 -1.833776
3.766 -1.833187
3.768 -1.832599
3.770 -1.832011
3.772 -1.831421
3.774 -1.830832
3.776 -1.830210
3.778 -1.829610
3.780 -1.829017
3.782 -1.828426
3.784 -1.827835
3.786 -1.827244
3.788 -1.826653
3.790 -1.826062
3.792 -1.825470
3.794 -1.824845
3.796 -1.824210
3.798 -1.823605
3.800 -1.823009
3.802 -1.822416
3.804 -1.821824
3.806 -1.821232
3.808 -1.820640
3.810 -1.820048
3.812 -1.819455
3.814 -1.818863
3.816 -1.818270
3.818 -1.817676
3.820 -1.817083
3.822 -1.816488
3.824 -1.815894
3.826 -1.815299
3.828 -1.814704
3.830 -1.814109
3.832 -1.813513
3.834 -1.812917
3.836 -1.812321
3.838 -1.811724
3.840 -1.811127
3.842 -1.810530
3.844 -1.809933
3.846 -1.809335
3.848 -1.808737
3.850 -1.808139
3.852 -1.807541
3.854 -1.806974
3.856 -1.806450
3.858 -1.805937
3.860 -1.805426
3.862 -1.804832
3.864 -1.804237
3.866 -1.803640
3.868 -1.803042
3.870 -1.802441
3.872 -1.801838
3.874 -1.801234
3.876 -1.800628
3.878 -1.800021
3.880 -1.799412
3.882 -1.798803
3.884 -1.798193
3.886 -1.797581
3.888 -1.796970
3.890 -1.796325
3.892 -1.795703
3.894 -1.795087
3.896 -1.794474
3.898 -1.793862
3.900 -1.793250
3.902 -1.792639
3.904 -1.792027
3.906 -1.791416
3.908 -1.790805
3.910 -1.790195
3.912 -1.789585
3.914 -1.788943
3.916 -1.788324
3.918 -1.787713
3.920 -1.787105
3.922 -1.786498
3.924 -1.785892
3.926 -1.785286
3.928 -1.784682
3.930 -1.784077
3.932 -1.783473
3.934 -1.782870
3.936 -1.782267
3.938 -1.781665
3.940 -1.781063
3.942 -1.780462
3.944 -1.779860
3.946 -1.779260
3.948 -1.778659
3.950 -1.778059
3.952 -1.777459
3.954 -1.776859
3.956 -1.776260
3.958 -1.775660
3.960 -1.775061
3.962 -1.774462
3.964 -1.773863
3.966 -1.773232
3.968 -1.772624
3.970 -1.771991
3.972 -1.771382
3.974 -1.770782
3.976 -1.770185
3.978 -1.769590
3.980 -1.768994
3.982 -1.768399
3.984 -1.767804
3.986 -1.767209
3.988 -1.766614
3.990 -1.766020
3.992 -1.765425
3.994 -1.764798
3.996 -1.764193
3.998 -1.763596
4.000 -1.763001
4.002 -1.762408
4.004 -1.761814
4.006 -1.761220
4.008 -1.760626
4.010 -1.760033
4.012 -1.759439
4.014 -1.758844
4.016 -1.758250
4.018 -1.757656
4.020 -1.757061
4.022 -1.756466
4.024 -1.755871
4.026 -1.755276
4.028 -1.754680
4.030 -1.754085
4.032 -1.753489
4.034 -1.752892
4.036 -1.752296
4.038 -1.751699
4.040 -1.751102
4.042 -1.750505
4.044 -1.749908
4.046 -1.749310
4.048 -1.748712
4.050 -1.748114
4.052 -1.747483
4.054 -1.746875
4.056 -1.746274
4.058 -1.745675
4.060 -1.745077
4.062 -1.744480
4.064 -1.743882
4.066 -1.743284
4.068 -1.742687
4.070 -1.742057
4.072 -1.741449
4.074 -1.740848
4.076 -1.740250
4.078 -1.739653
4.080 -1.739056
4.082 -1.738427
4.084 -1.737788
4.086 -1.737179
4.088 -1.736580
4.090 -1.735985
4.092 -1.735390
4.094 -1.734796
4.096 -1.734202
4.098 -1.733608
4.100 -1.733015
4.102 -1.732421
4.104 -1.731827
4.106 -1.731234
4.108 -1.730640
4.110 -1.730046
4.112 -1.729452
4.114 -1.728825
4.116 -1.728189
4.118 -1.727582
4.120 -1.726952
4.122 -1.726348
4.124 -1.725753
4.126 -1.725160
4.128 -1.724568
4.130 -1.723977
4.132 -1.723386
4.134 -1.722795
4.136 -1.722203
4.138 -1.721579
4.140 -1.720946
4.142 -1.720341
4.144 -1.719747
4.146 -1.719156
4.148 -1.718533
4.150 -1.717933
4.152 -1.717341
4.154 -1.716751
4.156 -1.716162
4.158 -1.715540
4.160 -1.714909
4.162 -1.714307
4.164 -1.713715
4.166 -1.713126
4.168 -1.712539
4.170 -1.711951
4.172 -1.711363
4.174 -1.710775
4.176 -1.710187
4.178 -1.709599
4.180 -1.709010
4.182 -1.708421
4.184 -1.707799
4.186 -1.707199
4.188 -1.706606
4.190 -1.705983
4.192 -1.705350
4.194 -1.704747
4.196 -1.704154
4.198 -1.703563
4.200 -1.702942
4.202 -1.702343
4.204 -1.701751
4.206 -1.701161
4.208 -1.700572
4.210 -1.699984
4.212 -1.699395
4.214 -1.698773
4.216 -1.698174
4.218 -1.697582
4.220 -1.696991
4.222 -1.696402
4.224 -1.695812
4.226 -1.695222
4.228 -1.694632
4.230 -1.694041
4.232 -1.693450
4.234 -1.692858
4.236 -1.692267
4.238 -1.691674
4.240 -1.691082
4.242 -1.690488
4.244 -1.689895
4.246 -1.689301
4.248 -1.688706
4.250 -1.688111
4.252 -1.687516
4.254 -1.686888
4.256 -1.686250
4.258 -1.685609
4.260 -1.685000
4.262 -1.684401
4.264 -1.683806
4.266 -1.683212
4.268 -1.682619
4.270 -1.682057
4.272 -1.681474
4.274 -1.680882
4.276 -1.680288
4.278 -1.679694
4.280 -1.679098
4.282 -1.678503
4.284 -1.677874
4.286 -1.677268
4.288 -1.676669
4.290 -1.676072
4.292 -1.675476
4.294 -1.674912
4.296 -1.674390
4.298 -1.673848
4.300 -1.673266
4.302 -1.672670
4.304 -1.672070
4.306 -1.671467
4.308 -1.670864
4.310 -1.670228
4.312 -1.669614
4.314 -1.669007
4.316 -1.668369
4.318 -1.667755
4.320 -1.667148
4.322 -1.666512
4.324 -1.665898
4.326 -1.665293
4.328 -1.664690
4.330 -1.664089
4.332 -1.663488
4.334 -1.662887
4.336 -1.662287
4.338 -1.661686
4.340 -1.661086
4.342 -1.660487
4.344 -1.659887
4.346 -1.659288
4.348 -1.658656
4.350 -1.658047
4.352 -1.657446
4.354 -1.656847
4.356 -1.656249
4.358 -1.655651
4.360 -1.655054
4.362 -1.654457
4.364 -1.653860
4.366 -1.653263
4.368 -1.652666
4.370 -1.652069
4.372 -1.651472
4.374 -1.650907
4.376 -1.650384
4.378 -1.649874
4.380 -1.649301
4.382 -1.648707
4.384 -1.648106
4.386 -1.647503
4.388 -1.646898
4.390 -1.646292
4.392 -1.645686
4.394 -1.645079
4.396 -1.644473
4.398 -1.643865
4.400 -1.643226
4.402 -1.642608
4.404 -1.641966
4.406 -1.641349
4.408 -1.640740
4.410 -1.640134
4.412 -1.639529
4.414 -1.638925
4.416 -1.638321
4.418 -1.637717
4.420 -1.637114
4.422 -1.636511
4.424 -1.635909
4.426 -1.635306
4.428 -1.634704
4.430 -1.634103
4.432 -1.633501
4.434 -1.632900
4.436 -1.632299
4.438 -1.631698
4.440 -1.631097
4.442 -1.630497
4.444 -1.629897
4.446 -1.629297
4.448 -1.628697
4.450 -1.628097
4.452 -1.627497
4.454 -1.626865
4.456 -1.626256
4.458 -1.625621
4.460 -1.625012
4.462 -1.624411
4.464 -1.623813
4.466 -1.623217
4.468 -1.622620
4.470 -1.622024
4.472 -1.621429
4.474 -1.620833
4.476 -1.620237
4.478 -1.619642
4.480 -1.619047
4.482 -1.618451
4.484 -1.617823
4.486 -1.617218
4.488 -1.616620
4.490 -1.615992
4.492 -1.615388
4.494 -1.614791
4.496 -1.614197
4.498 -1.613603
4.500 -1.613010
4.502 -1.612417
4.504 -1.611824
4.506 -1.611231
4.508 -1.610638
4.510 -1.610045
4.512 -1.609451
4.514 -1.608825
4.516 -1.608189
4.518 -1.607551
4.520 -1.606944
4.522 -1.606348
4.524 -1.605756
4.526 -1.605165
4.528 -1.604542
4.530 -1.603909
4.532 -1.603306
4.534 -1.602745
4.536 -1.602165
4.538 -1.601578
4.540 -1.600990
4.542 -1.600400
4.544 -1.599811
4.546 -1.599220
4.548 -1.598630
4.550 -1.598039
4.552 -1.597448
4.554 -1.596856
4.556 -1.596264
4.558 -1.595672
4.560 -1.595079
4.562 -1.594486
4.564 -1.593892
4.566 -1.593298
4.568 -1.592704
4.570 -1.592109
4.572 -1.591514
4.574 -1.590918
4.576 -1.590322
4.578 -1.589726
4.580 -1.589129
4.582 -1.588532
4.584 -1.587935
4.586 -1.587337
4.588 -1.586739
4.590 -1.586141
4.592 -1.585542
4.594 -1.584944
4.596 -1.584312
4.598 -1.583671
4.600 -1.583060
4.602 -1.582458
4.604 -1.581859
4.606 -1.581262
4.608 -1.580665
4.610 -1.580068
4.612 -1.579471
4.614 -1.578874
4.616 -1.578245
4.618 -1.577606
4.620 -1.576996
4.622 -1.576397
4.624 -1.575769
4.626 -1.575164
4.628 -1.574568
4.630 -1.573974
4.632 -1.573381
4.634 -1.572756
4.636 -1.572153
4.638 -1.571559
4.640 -1.570966
4.642 -1.570375
4.644 -1.569783
4.646 -1.569192
4.648 -1.568601
4.650 -1.568010
4.652 -1.567418
4.654 -1.566827
4.656 -1.566235
4.658 -1.565675
4.660 -1.565093
4.662 -1.564502
4.664 -1.563909
4.666 -1.563315
4.668 -1.562720
4.670 -1.562125
4.672 -1.561529
4.674 -1.560932
4.676 -1.560336
4.678 -1.559739
4.680 -1.559141
4.682 -1.558544
4.684 -1.557945
4.686 -1.557347
4.688 -1.556748
4.690 -1.556149
4.692 -1.555550
4.694 -1.554951
4.696 -1.554351
4.698 -1.553751
4.700 -1.553151
4.702 -1.552551
4.704 -1.551951
4.706 -1.551350
4.708 -1.550750
4.710 -1.550149
4.712 -1.549548
4.714 -1.548947
4.716 -1.548346
4.718 -1.547745
4.720 -1.547144
4.722 -1.546543
4.724 -1.545942
4.726 -1.545341
4.728 -1.544740
4.730 -1.544139
4.732 -1.543538
4.734 -1.542937
4.736 -1.542303
4.738 -1.541660
4.740 -1.541047
4.742 -1.540411
4.744 -1.539801
4.746 -1.539200
4.748 -1.538602
4.750 -1.538005
4.752 -1.537409
4.754 -1.536813
4.756 -1.536218
4.758 -1.535623
4.760 -1.534995
4.762 -1.534390
4.764 -1.533793
4.766 -1.533198
4.768 -1.532604
4.770 -1.531978
4.772 -1.531374
4.774 -1.530778
4.776 -1.530185
4.778 -1.529592
4.780 -1.529000
4.782 -1.528440
4.784 -1.527858
4.786 -1.527268
4.788 -1.526675
4.790 -1.526082
4.792 -1.525488
4.794 -1.524861
4.796 -1.524224
4.798 -1.523584
4.800 -1.522977
4.802 -1.522380
4.804 -1.521786
4.806 -1.521194
4.808 -1.520601
4.810 -1.520009
4.812 -1.519417
4.814 -1.518825
4.816 -1.518200
4.818 -1.517566
4.820 -1.516929
4.822 -1.516324
4.824 -1.515697
4.826 -1.515064
4.828 -1.514462
4.830 -1.513838
4.832 -1.513240
4.834 -1.512650
4.836 -1.512064
4.838 -1.511478
4.840 -1.510893
4.842 -1.510308
4.844 -1.509723
4.846 -1.509137
4.848 -1.508552
4.850 -1.507966
4.852 -1.507347
4.854 -1.506750
4.856 -1.506161
4.858 -1.505573
4.860 -1.505018
4.862 -1.504408
4.864 -1.503813
4.866 -1.503222
4.868 -1.502633
4.870 -1.502011
4.872 -1.501411
4.874 -1.500818
4.876 -1.500228
4.878 -1.499637
4.880 -1.499047
4.882 -1.498456
4.884 -1.497864
4.886 -1.497240
4.888 -1.496638
4.890 -1.496043
4.892 -1.495450
4.894 -1.494858
4.896 -1.494265
4.898 -1.493672
4.900 -1.493079
4.902 -1.492485
4.904 -1.491859
4.906 -1.491255
4.908 -1.490657
4.910 -1.489998
4.912 -1.489352
4.914 -1.488743
4.916 -1.488146
4.918 -1.487553
4.920 -1.486962
4.922 -1.486371
4.924 -1.485781
4.926 -1.485190
4.928 -1.484599
4.930 -1.484008
4.932 -1.483385
4.934 -1.482752
4.936 -1.482148
4.938 -1.481554
4.940 -1.480964
4.942 -1.480374
4.944 -1.479784
4.946 -1.479194
4.948 -1.478572
4.950 -1.477972
4.952 -1.477379
4.954 -1.476756
4.956 -1.476156
4.958 -1.475564
4.960 -1.474974
4.962 -1.474385
4.964 -1.473795
4.966 -1.473206
4.968 -1.472616
4.970 -1.472026
4.972 -1.471436
4.974 -1.470845
4.976 -1.470221
4.978 -1.469620
4.980 -1.469026
4.982 -1.468433
4.984 -1.467842
4.986 -1.467169
4.988 -1.466497
4.990 -1.465859
4.992 -1.465231
4.994 -1.464607
4.996 -1.463984
4.998 -1.463394
5.000 -1.462814
5.002 -1.462237
5.004 -1.461660
5.006 -1.461083
5.008 -1.460505
5.010 -1.459927
5.012 -1.459347
5.014 -1.458767
5.016 -1.458185
5.018 -1.457570
5.020 -1.456977
5.022 -1.456390
5.024 -1.455773
5.026 -1.455177
5.028 -1.454589
5.030 -1.454002
5.032 -1.453415
5.034 -1.452828
5.036 -1.452240
5.038 -1.451651
5.040 -1.451062
5.042 -1.450472
5.044 -1.449881
5.046 -1.449258
5.048 -1.448656
5.050 -1.448061
5.052 -1.447467
5.054 -1.446874
5.056 -1.446281
5.058 -1.445655
5.060 -1.445051
5.062 -1.444454
5.064 -1.443859
5.066 -1.443264
5.068 -1.442670
5.070 -1.442043
5.072 -1.441438
5.074 -1.440808
5.076 -1.440202
5.078 -1.439605
5.080 -1.438978
5.082 -1.438374
5.084 -1.437778
5.086 -1.437184
5.088 -1.436591
5.090 -1.435998
5.092 -1.435406
5.094 -1.434813
5.096 -1.434220
5.098 -1.433595
5.100 -1.432992
5.102 -1.432396
5.104 -1.431802
5.106 -1.431177
5.108 -1.430575
5.110 -1.429980
5.112 -1.429387
5.114 -1.428795
5.116 -1.428203
5.118 -1.427611
5.120 -1.427019
5.122 -1.426426
5.124 -1.425834
5.126 -1.425241
5.128 -1.424616
5.130 -1.423981
5.132 -1.423343
5.134 -1.422705
5.136 -1.422100
5.138 -1.421506
5.140 -1.420915
5.142 -1.420326
5.144 -1.419737
5.146 -1.419148
5.148 -1.418559
5.150 -1.417938
5.152 -1.417338
5.154 -1.416747
5.156 -1.416157
5.158 -1.415568
5.160 -1.414946
5.162 -1.414347
5.164 -1.413755
5.166 -1.413166
5.168 -1.412577
5.170 -1.411988
5.172 -1.411399
5.174 -1.410809
5.176 -1.410219
5.178 -1.409629
5.180 -1.409038
5.182 -1.408447
5.184 -1.407856
5.186 -1.407264
5.188 -1.406672
5.190 -1.406111
5.192 -1.405592
5.194 -1.405117
5.196 -1.404589
5.198 -1.404010
5.200 -1.403381
5.202 -1.402768
5.204 -1.402160
5.206 -1.401553
5.208 -1.400945
5.210 -1.400337
5.212 -1.399729
5.214 -1.399120
5.216 -1.398510
5.218 -1.397901
5.220 -1.397291
5.222 -1.396649
5.224 -1.395997
5.226 -1.395342
5.228 -1.394720
5.230 -1.394077
5.232 -1.393460
5.234 -1.392852
5.236 -1.392248
5.238 -1.391645
5.240 -1.391042
5.242 -1.390441
5.244 -1.389840
5.246 -1.389175
5.248 -1.388523
5.250 -1.387877
5.252 -1.387234
5.254 -1.386592
5.256 -1.385953
5.258 -1.385349
5.260 -1.384756
5.262 -1.384167
5.264 -1.383580
5.266 -1.382995
5.268 -1.382410
5.270 -1.381826
5.272 -1.381241
5.274 -1.380658
5.276 -1.380074
5.278 -1.379457
5.280 -1.378863
5.282 -1.378277
5.284 -1.377692
5.286 -1.377108
5.288 -1.376524
5.290 -1.375908
5.292 -1.375313
5.294 -1.374694
5.296 -1.374099
5.298 -1.373511
5.300 -1.372926
5.302 -1.372341
5.304 -1.371756
5.306 -1.371171
5.308 -1.370585
5.310 -1.369999
5.312 -1.369413
5.314 -1.368793
5.316 -1.368195
5.318 -1.367604
5.320 -1.366983
5.322 -1.366384
5.324 -1.365793
5.326 -1.365171
5.328 -1.364572
5.330 -1.363949
5.332 -1.363349
5.334 -1.362758
5.336 -1.362169
5.338 -1.361580
5.340 -1.360992
5.342 -1.360403
5.344 -1.359782
5.346 -1.359183
5.348 -1.358590
5.350 -1.358000
5.352 -1.357410
5.354 -1.356821
5.356 -1.356231
5.358 -1.355640
5.360 -1.355050
5.362 -1.354459
5.364 -1.353867
5.366 -1.353275
5.368 -1.352650
5.370 -1.352016
5.372 -1.351410
5.374 -1.350814
5.376 -1.350189
5.378 -1.349587
5.380 -1.348992
5.382 -1.348400
5.384 -1.347776
5.386 -1.347142
5.388 -1.346539
5.390 -1.345912
5.392 -1.345311
5.394 -1.344719
5.396 -1.344129
5.398 -1.343541
5.400 -1.342952
5.402 -1.342364
5.404 -1.341776
5.406 -1.341187
5.408 -1.340598
5.410 -1.340009
5.412 -1.339419
5.414 -1.338862
5.416 -1.338345
5.418 -1.337777
5.420 -1.337190
5.422 -1.336597
5.424 -1.336002
5.426 -1.335405
5.428 -1.334807
5.430 -1.334209
5.432 -1.333610
5.434 -1.332978
5.436 -1.332336
5.438 -1.331723
5.440 -1.331119
5.442 -1.330519
5.444 -1.329919
5.446 -1.329320
5.448 -1.328721
5.450 -1.328121
5.452 -1.327522
5.454 -1.326923
5.456 -1.326323
5.458 -1.325724
5.460 -1.325124
5.462 -1.324524
5.464 -1.323925
5.466 -1.323293
5.468 -1.322683
5.470 -1.322081
5.472 -1.321481
5.474 -1.320850
5.476 -1.320210
5.478 -1.319599
5.480 -1.318999
5.482 -1.318401
5.484 -1.317773
5.486 -1.317168
5.488 -1.316538
5.490 -1.315934
5.492 -1.315337
5.494 -1.314744
5.496 -1.314152
5.498 -1.313560
5.500 -1.312969
5.502 -1.312378
5.504 -1.311755
5.506 -1.311121
5.508 -1.310486
5.510 -1.309883
5.512 -1.309290
5.514 -1.308701
5.516 -1.308113
5.518 -1.307493
5.520 -1.306864
5.522 -1.306232
5.524 -1.305633
5.526 -1.305011
5.528 -1.304416
5.530 -1.303829
5.532 -1.303245
5.534 -1.302662
5.536 -1.302079
5.538 -1.301496
5.540 -1.300913
5.542 -1.300330
5.544 -1.299746
5.546 -1.299162
5.548 -1.298577
5.550 -1.297959
5.552 -1.297364
5.554 -1.296775
5.556 -1.296188
5.558 -1.295601
5.560 -1.295014
5.562 -1.294426
5.564 -1.293838
5.566 -1.293250
5.568 -1.292661
5.570 -1.292039
5.572 -1.291438
5.574 -1.290813
5.576 -1.290211
5.578 -1.289617
5.580 -1.289026
5.582 -1.288435
5.584 -1.287844
5.586 -1.287253
5.588 -1.286661
5.590 -1.286069
5.592 -1.285477
5.594 -1.284852
5.596 -1.284217
5.598 -1.283611
5.600 -1.283014
5.602 -1.282421
5.604 -1.281829
5.606 -1.281204
5.608 -1.280570
5.610 -1.279965
5.612 -1.279370
5.614 -1.278778
5.616 -1.278186
5.618 -1.277596
5.620 -1.276973
5.622 -1.276372
5.624 -1.275778
5.626 -1.275187
5.628 -1.274596
5.630 -1.274006
5.632 -1.273415
5.634 -1.272792
5.636 -1.272191
5.638 -1.271597
5.640 -1.271005
5.642 -1.270414
5.644 -1.269823
5.646 -1.269232
5.648 -1.268640
5.650 -1.268049
5.652 -1.267457
5.654 -1.266864
5.656 -1.266272
5.658 -1.265679
5.660 -1.265085
5.662 -1.264491
5.664 -1.263897
5.666 -1.263303
5.668 -1.262708
5.670 -1.262113
5.672 -1.261517
5.674 -1.260921
5.676 -1.260325
5.678 -1.259728
5.680 -1.259131
5.682 -1.258534
5.684 -1.257937
5.686 -1.257339
5.688 -1.256741
5.690 -1.256143
5.692 -1.255544
5.694 -1.254945
5.696 -1.254346
5.698 -1.253747
5.700 -1.253148
5.702 -1.252548
5.704 -1.251949
5.706 -1.251349
5.708 -1.250748
5.710 -1.250148
5.712 -1.249548
5.714 -1.248947
5.716 -1.248314
5.718 -1.247672
5.720 -1.247059
5.722 -1.246456
5.724 -1.245856
5.726 -1.245257
5.728 -1.244659
5.730 -1.244062
5.732 -1.243464
5.734 -1.242867
5.736 -1.242269
5.738 -1.241672
5.740 -1.241075
5.742 -1.240478
5.744 -1.239880
5.746 -1.239283
5.748 -1.238686
5.750 -1.238089
5.752 -1.237491
5.754 -1.236894
5.756 -1.236296
5.758 -1.235699
5.760 -1.235101
5.762 -1.234503
5.764 -1.233905
5.766 -1.233308
5.768 -1.232677
5.770 -1.232069
5.772 -1.231469
5.774 -1.230838
5.776 -1.230231
5.778 -1.229631
5.780 -1.229034
5.782 -1.228438
5.784 -1.227842
5.786 -1.227247
5.788 -1.226619
5.790 -1.225981
5.792 -1.225374
5.794 -1.224744
5.796 -1.224107
5.798 -1.223502
5.800 -1.222874
5.802 -1.222273
5.804 -1.221680
5.806 -1.221090
5.808 -1.220501
5.810 -1.219913
5.812 -1.219325
5.814 -1.218705
5.816 -1.218075
5.818 -1.217443
5.820 -1.216842
5.822 -1.216253
5.824 -1.215666
5.826 -1.215049
5.828 -1.214422
5.830 -1.213793
5.832 -1.213197
5.834 -1.212610
5.836 -1.212027
5.838 -1.211446
5.840 -1.210864
5.842 -1.210282
5.844 -1.209701
5.846 -1.209119
5.848 -1.208536
5.850 -1.207953
5.852 -1.207289
5.854 -1.206625
5.856 -1.205995
5.858 -1.205407
5.860 -1.204831
5.862 -1.204260
5.864 -1.203656
5.866 -1.203073
5.868 -1.202497
5.870 -1.201922
5.872 -1.201346
5.874 -1.200769
5.876 -1.200191
5.878 -1.199612
5.880 -1.199031
5.882 -1.198449
5.884 -1.197866
5.886 -1.197249
5.888 -1.196621
5.890 -1.196021
5.892 -1.195431
5.894 -1.194810
5.896 -1.194180
5.898 -1.193547
5.900 -1.192945
5.902 -1.192354
5.904 -1.191798
5.906 -1.191284
5.908 -1.190718
5.910 -1.190134
5.912 -1.189544
5.914 -1.188951
5.916 -1.188325
5.918 -1.187720
5.920 -1.187122
5.922 -1.186525
5.924 -1.185929
5.926 -1.185332
5.928 -1.184735
5.930 -1.184138
5.932 -1.183540
5.934 -1.182941
5.936 -1.182343
5.938 -1.181712
5.940 -1.181102
5.942 -1.180468
5.944 -1.179826
5.946 -1.179183
5.948 -1.178572
5.950 -1.177972
5.952 -1.177375
5.954 -1.176780
5.956 -1.176185
5.958 -1.175591
5.960 -1.174997
5.962 -1.174371
5.964 -1.173767
5.966 -1.173170
5.968 -1.172576
5.970 -1.171983
5.972 -1.171391
5.974 -1.170798
5.976 -1.170205
5.978 -1.169581
5.980 -1.168946
5.982 -1.168341
5.984 -1.167745
5.986 -1.167153
5.988 -1.166562
5.990 -1.165971
5.992 -1.165348
5.994 -1.164715
5.996 -1.164112
5.998 -1.163518
6.000 -1.162928
6.002 -1.162307
6.004 -1.161708
6.006 -1.161116
6.008 -1.160528
6.010 -1.159939
6.012 -1.159319
6.014 -1.158689
6.016 -1.158056
6.018 -1.157423
6.020 -1.156823
6.022 -1.156234
6.024 -1.155648
6.026 -1.155064
6.028 -1.154480
6.030 -1.153864
6.032 -1.153270
6.034 -1.152651
6.036 -1.152056
6.038 -1.151470
6.040 -1.150885
6.042 -1.150302
6.044 -1.149686
6.046 -1.149092
6.048 -1.148506
6.050 -1.147921
6.052 -1.147337
6.054 -1.146784
6.056 -1.146274
6.058 -1.145807
6.060 -1.145255
6.062 -1.144643
6.064 -1.144011
6.066 -1.143404
6.068 -1.142805
6.070 -1.142207
6.072 -1.141610
6.074 -1.141012
6.076 -1.140414
6.078 -1.139814
6.080 -1.139215
6.082 -1.138614
6.084 -1.137981
6.086 -1.137370
6.088 -1.136733
6.090 -1.136121
6.092 -1.135517
6.094 -1.134948
6.096 -1.134422
6.098 -1.133875
6.100 -1.133289
6.102 -1.132690
6.104 -1.132086
6.106 -1.131481
6.108 -1.130874
6.110 -1.130267
6.112 -1.129660
6.114 -1.129053
6.116 -1.128477
6.118 -1.127879
6.120 -1.127274
6.122 -1.126666
6.124 -1.126057
6.126 -1.125416
6.128 -1.124797
6.130 -1.124186
6.132 -1.123577
6.134 -1.122970
6.136 -1.122362
6.138 -1.121756
6.140 -1.121150
6.142 -1.120544
6.144 -1.119938
6.146 -1.119333
6.148 -1.118728
6.150 -1.118091
6.152 -1.117477
6.154 -1.116871
6.156 -1.116268
6.158 -1.115666
6.160 -1.115032
6.162 -1.114421
6.164 -1.113818
6.166 -1.113218
6.168 -1.112619
6.170 -1.112021
6.172 -1.111423
6.174 -1.110826
6.176 -1.110197
6.178 -1.109558
6.180 -1.108917
6.182 -1.108308
6.184 -1.107678
6.186 -1.107075
6.188 -1.106480
6.190 -1.105888
6.192 -1.105298
6.194 -1.104709
6.196 -1.104087
6.198 -1.103456
6.200 -1.102855
6.202 -1.102264
6.204 -1.101676
6.206 -1.101089
6.208 -1.100503
6.210 -1.099917
6.212 -1.099330
6.214 -1.098744
6.216 -1.098157
6.218 -1.097570
6.220 -1.096951
6.222 -1.096321
6.224 -1.095721
6.226 -1.095098
6.228 -1.094500
6.230 -1.093910
6.232 -1.093323
6.234 -1.092737
6.236 -1.092151
6.238 -1.091532
6.240 -1.090936
6.242 -1.090346
6.244 -1.089759
6.246 -1.089172
6.248 -1.088585
6.250 -1.087997
6.252 -1.087328
6.254 -1.086604
6.256 -1.085892
6.258 -1.085182
6.260 -1.084471
6.262 -1.083760
6.264 -1.083048
6.266 -1.082369
6.268 -1.081699
6.270 -1.081034
6.272 -1.080370
6.274 -1.079708
6.276 -1.079046
6.278 -1.078386
6.280 -1.077728
6.282 -1.077072
6.284 -1.076418
6.286 -1.075765
6.288 -1.075115
6.290 -1.074468
6.292 -1.073790
6.294 -1.073138
6.296 -1.072495
6.298 -1.071857
6.300 -1.071223
6.302 -1.070592
6.304 -1.069963
6.306 -1.069337
6.308 -1.068713
6.310 -1.068092
6.312 -1.067473
6.314 -1.066888
6.316 -1.066283
6.318 -1.065672
6.320 -1.065061
6.322 -1.064451
6.324 -1.063843
6.326 -1.063235
6.328 -1.062630
6.330 -1.062025
6.332 -1.061454
6.334 -1.060862
6.336 -1.060263
6.338 -1.059631
6.340 -1.059021
6.342 -1.058387
6.344 -1.057746
6.346 -1.057136
6.348 -1.056537
6.350 -1.055943
6.352 -1.055350
6.354 -1.054758
6.356 -1.054167
6.358 -1.053577
6.360 -1.052987
6.362 -1.052397
6.364 -1.051808
6.366 -1.051218
6.368 -1.050629
6.370 -1.050040
6.372 -1.049451
6.374 -1.048862
6.376 -1.048272
6.378 -1.047683
6.380 -1.047029
6.382 -1.046295
6.384 -1.045569
6.386 -1.044879
6.388 -1.044203
6.390 -1.043566
6.392 -1.042942
6.394 -1.042356
6.396 -1.041751
6.398 -1.041173
6.400 -1.040603
6.402 -1.040037
6.404 -1.039472
6.406 -1.038908
6.408 -1.038343
6.410 -1.037745
6.412 -1.037169
6.414 -1.036601
6.416 -1.036001
6.418 -1.035424
6.420 -1.034821
6.422 -1.034243
6.424 -1.033671
6.426 -1.033102
6.428 -1.032532
6.430 -1.031961
6.432 -1.031358
6.434 -1.030775
6.436 -1.030199
6.438 -1.029624
6.440 -1.029049
6.442 -1.028473
6.444 -1.027896
6.446 -1.027317
6.448 -1.026770
6.450 -1.026199
6.452 -1.025619
6.454 -1.025035
6.456 -1.024450
6.458 -1.023863
6.460 -1.023275
6.462 -1.022685
6.464 -1.022094
6.466 -1.021503
6.468 -1.020910
6.470 -1.020316
6.472 -1.019721
6.474 -1.019126
6.476 -1.018529
6.478 -1.017932
6.480 -1.017302
6.482 -1.016662
6.484 -1.016051
6.486 -1.015449
6.488 -1.014882
6.490 -1.014357
6.492 -1.013781
6.494 -1.013155
6.496 -1.012546
6.498 -1.011909
6.500 -1.011296
6.502 -1.010691
6.504 -1.010089
6.506 -1.009487
6.508 -1.008853
6.510 -1.008241
6.512 -1.007638
6.514 -1.007036
6.516 -1.006436
6.518 -1.005836
6.520 -1.005236
6.522 -1.004636
6.524 -1.004037
6.526 -1.003406
6.528 -1.002796
6.530 -1.002195
6.532 -1.001596
6.534 -1.000998
6.536 -1.000400
6.538 -0.999771
6.540 -0.999164
6.542 -0.998564
6.544 -0.997935
6.546 -0.997329
6.548 -0.996732
6.550 -0.996136
6.552 -0.995542
6.554 -0.994949
6.556 -0.994355
6.558 -0.993762
6.560 -0.993169
6.562 -0.992575
6.564 -0.991950
6.566 -0.991347
6.568 -0.990751
6.570 -0.990158
6.572 -0.989565
6.574 -0.988973
6.576 -0.988380
6.578 -0.987788
6.580 -0.987195
6.582 -0.986602
6.584 -0.986009
6.586 -0.985416
6.588 -0.984823
6.590 -0.984229
6.592 -0.983603
6.594 -0.982999
6.596 -0.982402
6.598 -0.981808
6.600 -0.981214
6.602 -0.980588
6.604 -0.979984
6.606 -0.979387
6.608 -0.978793
6.610 -0.978200
6.612 -0.977606
6.614 -0.977013
6.616 -0.976387
6.618 -0.975751
6.620 -0.975113
6.622 -0.974475
6.624 -0.973869
6.626 -0.973275
6.628 -0.972652
6.630 -0.972052
6.632 -0.971461
6.634 -0.970872
6.636 -0.970285
6.638 -0.969697
6.640 -0.969110
6.642 -0.968522
6.644 -0.967935
6.646 -0.967347
6.648 -0.966759
6.650 -0.966171
6.652 -0.965550
6.654 -0.964951
6.656 -0.964360
6.658 -0.963770
6.660 -0.963181
6.662 -0.962591
6.664 -0.962002
6.666 -0.961412
6.668 -0.960822
6.670 -0.960231
6.672 -0.959640
6.674 -0.959016
6.676 -0.958414
6.678 -0.957819
6.680 -0.957226
6.682 -0.956634
6.684 -0.956041
6.686 -0.955448
6.688 -0.954887
6.690 -0.954367
6.692 -0.953765
6.694 -0.953167
6.696 -0.952570
6.698 -0.951973
6.700 -0.951376
6.702 -0.950777
6.704 -0.950179
6.706 -0.949579
6.708 -0.948979
6.710 -0.948379
6.712 -0.947778
6.714 -0.947145
6.716 -0.946533
6.718 -0.945929
6.720 -0.945327
6.722 -0.944726
6.724 -0.944125
6.726 -0.943524
6.728 -0.942890
6.730 -0.942279
6.732 -0.941676
6.734 -0.941075
6.736 -0.940474
6.738 -0.939875
6.740 -0.939275
6.742 -0.938644
6.744 -0.938034
6.746 -0.937433
6.748 -0.936834
6.750 -0.936203
6.752 -0.935564
6.754 -0.934954
6.756 -0.934354
6.758 -0.933758
6.760 -0.933163
6.762 -0.932569
6.764 -0.931975
6.766 -0.931382
6.768 -0.930788
6.770 -0.930195
6.772 -0.929602
6.774 -0.929008
6.776 -0.928415
6.778 -0.927821
6.780 -0.927228
6.782 -0.926634
6.784 -0.926040
6.786 -0.925446
6.788 -0.924852
6.790 -0.924258
6.792 -0.923663
6.794 -0.923068
6.796 -0.922473
6.798 -0.921878
6.800 -0.921283
6.802 -0.920687
6.804 -0.920091
6.806 -0.919494
6.808 -0.918898
6.810 -0.918301
6.812 -0.917704
6.814 -0.917106
6.816 -0.916509
6.818 -0.915911
6.820 -0.915313
6.822 -0.914714
6.824 -0.914116
6.826 -0.913517
6.828 -0.912919
6.830 -0.912287
6.832 -0.911679
6.834 -0.911077
6.836 -0.910478
6.838 -0.909879
6.840 -0.909281
6.842 -0.908683
6.844 -0.908085
6.846 -0.907454
6.848 -0.906846
6.850 -0.906246
6.852 -0.905647
6.854 -0.905050
6.856 -0.904453
6.858 -0.903856
6.860 -0.903259
6.862 -0.902662
6.864 -0.902065
6.866 -0.901436
6.868 -0.900797
6.870 -0.900188
6.872 -0.899589
6.874 -0.898993
6.876 -0.898398
6.878 -0.897803
6.880 -0.897177
6.882 -0.896541
6.884 -0.895935
6.886 -0.895306
6.888 -0.894703
6.890 -0.894109
6.892 -0.893518
6.894 -0.892928
6.896 -0.892338
6.898 -0.891748
6.900 -0.891159
6.902 -0.890569
6.904 -0.889947
6.906 -0.889347
6.908 -0.888754
6.910 -0.888164
6.912 -0.887542
6.914 -0.886943
6.916 -0.886351
6.918 -0.885761
6.920 -0.885172
6.922 -0.884551
6.924 -0.883919
6.926 -0.883285
6.928 -0.882684
6.930 -0.882060
6.932 -0.881430
6.934 -0.880799
6.936 -0.880168
6.938 -0.879538
6.940 -0.878942
6.942 -0.878356
6.944 -0.877774
6.946 -0.877194
6.948 -0.876614
6.950 -0.876034
6.952 -0.875454
6.954 -0.874842
6.956 -0.874251
6.958 -0.873668
6.960 -0.873086
6.962 -0.872473
6.964 -0.871881
6.966 -0.871297
6.968 -0.870715
6.970 -0.870100
6.972 -0.869508
6.974 -0.868923
6.976 -0.868339
6.978 -0.867756
6.980 -0.867140
6.982 -0.866546
6.984 -0.865958
6.986 -0.865373
6.988 -0.864788
6.990 -0.864170
6.992 -0.863574
6.994 -0.862984
6.996 -0.862397
6.998 -0.861810
7.000 -0.861222
7.002 -0.860634
7.004 -0.860013
7.006 -0.859414
7.008 -0.858822
7.010 -0.858264
7.012 -0.857683
7.014 -0.857127
7.016 -0.856611
7.018 -0.856137
7.020 -0.855706
7.022 -0.855191
7.024 -0.854632
7.026 -0.854057
7.028 -0.853472
7.030 -0.852882
7.032 -0.852286
7.034 -0.851687
7.036 -0.851084
7.038 -0.850478
7.040 -0.849869
7.042 -0.849257
7.044 -0.848611
7.046 -0.847985
7.048 -0.847397
7.050 -0.846852
7.052 -0.846254
7.054 -0.845638
7.056 -0.845016
7.058 -0.844391
7.060 -0.843765
7.062 -0.843138
7.064 -0.842511
7.066 -0.841883
7.068 -0.841256
7.070 -0.840629
7.072 -0.840002
7.074 -0.839376
7.076 -0.838751
7.078 -0.838126
7.080 -0.837501
7.082 -0.836878
7.084 -0.836256
7.086 -0.835634
7.088 -0.835046
7.090 -0.834501
7.092 -0.833904
7.094 -0.833226
7.096 -0.832557
7.098 -0.831923
7.100 -0.831270
7.102 -0.830644
7.104 -0.829996
7.106 -0.829374
7.108 -0.828762
7.110 -0.828121
7.112 -0.827505
7.114 -0.826898
7.116 -0.826295
7.118 -0.825694
7.120 -0.825094
7.122 -0.824495
7.124 -0.823898
7.126 -0.823301
7.128 -0.822705
7.130 -0.822077
7.132 -0.821440
7.134 -0.820801
7.136 -0.820195
7.138 -0.819600
7.140 -0.819010
7.142 -0.818420
7.144 -0.817832
7.146 -0.817244
7.148 -0.816657
7.150 -0.816070
7.152 -0.815483
7.154 -0.814896
7.156 -0.814308
7.158 -0.813721
7.160 -0.813134
7.162 -0.812514
7.164 -0.811916
7.166 -0.811293
7.168 -0.810695
7.170 -0.810104
7.172 -0.809517
7.174 -0.808929
7.176 -0.808342
7.178 -0.807754
7.180 -0.807167
7.182 -0.806579
7.184 -0.805990
7.186 -0.805401
7.188 -0.804780
7.190 -0.804180
7.192 -0.803587
7.194 -0.802996
7.196 -0.802406
7.198 -0.801815
7.200 -0.801225
7.202 -0.800633
7.204 -0.800042
7.206 -0.799450
7.208 -0.798889
7.210 -0.798370
7.212 -0.797799
7.214 -0.797209
7.216 -0.796614
7.218 -0.796016
7.220 -0.795416
7.222 -0.794816
7.224 -0.794215
7.226 -0.793613
7.228 -0.793011
7.230 -0.792409
7.232 -0.791806
7.234 -0.791202
7.236 -0.790599
7.238 -0.789963
7.240 -0.789349
7.242 -0.788743
7.244 -0.788138
7.246 -0.787535
7.248 -0.786900
7.250 -0.786223
7.252 -0.785533
7.254 -0.784874
7.256 -0.784226
7.258 -0.783615
7.260 -0.783017
7.262 -0.782423
7.264 -0.781831
7.266 -0.781241
7.268 -0.780651
7.270 -0.780062
7.272 -0.779473
7.274 -0.778884
7.276 -0.778296
7.278 -0.777708
7.280 -0.777120
7.282 -0.776532
7.284 -0.775944
7.286 -0.775355
7.288 -0.774735
7.290 -0.774104
7.292 -0.773470
7.294 -0.772837
7.296 -0.772236
7.298 -0.771646
7.300 -0.771060
7.302 -0.770474
7.304 -0.769889
7.306 -0.769304
7.308 -0.768719
7.310 -0.768101
7.312 -0.767506
7.314 -0.766918
7.316 -0.766299
7.318 -0.765703
7.320 -0.765083
7.322 -0.764487
7.324 -0.763898
7.326 -0.763313
7.328 -0.762727
7.330 -0.762142
7.332 -0.761557
7.334 -0.760971
7.336 -0.760385
7.338 -0.759798
7.340 -0.759211
7.342 -0.758623
7.344 -0.758034
7.346 -0.757445
7.348 -0.756856
7.350 -0.756266
7.352 -0.755675
7.354 -0.755083
7.356 -0.754491
7.358 -0.753899
7.360 -0.753305
7.362 -0.752712
7.364 -0.752117
7.366 -0.751522
7.368 -0.750895
7.370 -0.750257
7.372 -0.749648
7.374 -0.749049
7.376 -0.748453
7.378 -0.747858
7.380 -0.747262
7.382 -0.746635
7.384 -0.745998
7.386 -0.745390
7.388 -0.744792
7.390 -0.744165
7.392 -0.743561
7.394 -0.742965
7.396 -0.742372
7.398 -0.741780
7.400 -0.741188
7.402 -0.740596
7.404 -0.740004
7.406 -0.739412
7.408 -0.738820
7.410 -0.738227
7.412 -0.737602
7.414 -0.737000
7.416 -0.736404
7.418 -0.735811
7.420 -0.735218
7.422 -0.734626
7.424 -0.734033
7.426 -0.733440
7.428 -0.732847
7.430 -0.732222
7.432 -0.731618
7.434 -0.731022
7.436 -0.730428
7.438 -0.729835
7.440 -0.729241
7.442 -0.728616
7.444 -0.728012
7.446 -0.727416
7.448 -0.726790
7.450 -0.726187
7.452 -0.725591
7.454 -0.724998
7.456 -0.724406
7.458 -0.723813
7.460 -0.723221
7.462 -0.722629
7.464 -0.721972
7.466 -0.721327
7.468 -0.720720
7.470 -0.720124
7.472 -0.719533
7.474 -0.718943
7.476 -0.718354
7.478 -0.717764
7.480 -0.717175
7.482 -0.716585
7.484 -0.715963
7.486 -0.715363
7.488 -0.714771
7.490 -0.714180
7.492 -0.713590
7.494 -0.713001
7.496 -0.712411
7.498 -0.711788
7.500 -0.711188
7.502 -0.710595
7.504 -0.709971
7.506 -0.709371
7.508 -0.708778
7.510 -0.708155
7.512 -0.707555
7.514 -0.706963
7.516 -0.706372
7.518 -0.705783
7.520 -0.705161
7.522 -0.704562
7.524 -0.703969
7.526 -0.703379
7.528 -0.702822
7.530 -0.702306
7.532 -0.701835
7.534 -0.701279
7.536 -0.700728
7.538 -0.700208
7.540 -0.699728
7.542 -0.699164
7.544 -0.698571
7.546 -0.697967
7.548 -0.697358
7.550 -0.696746
7.552 -0.696133
7.554 -0.695519
7.556 -0.694903
7.558 -0.694287
7.560 -0.693638
7.562 -0.692978
7.564 -0.692348
7.566 -0.691727
7.568 -0.691110
7.570 -0.690494
7.572 -0.689879
7.574 -0.689264
7.576 -0.688650
7.578 -0.688036
7.580 -0.687422
7.582 -0.686842
7.584 -0.686239
7.586 -0.685630
7.588 -0.685019
7.590 -0.684375
7.592 -0.683754
7.594 -0.683141
7.596 -0.682531
7.598 -0.681922
7.600 -0.681314
7.602 -0.680707
7.604 -0.680101
7.606 -0.679495
7.608 -0.678890
7.610 -0.678286
7.612 -0.677682
7.614 -0.677079
7.616 -0.676476
7.618 -0.675873
7.620 -0.675271
7.622 -0.674669
7.624 -0.674036
7.626 -0.673425
7.628 -0.672790
7.630 -0.672180
7.632 -0.671579
7.634 -0.670980
7.636 -0.670383
7.638 -0.669787
7.640 -0.669191
7.642 -0.668596
7.644 -0.668001
7.646 -0.667341
7.648 -0.666695
7.650 -0.666086
7.652 -0.665489
7.654 -0.664897
7.656 -0.664306
7.658 -0.663716
7.660 -0.663094
7.662 -0.662495
7.664 -0.661903
7.666 -0.661314
7.668 -0.660693
7.670 -0.660095
7.672 -0.659504
7.674 -0.658884
7.676 -0.658287
7.678 -0.657697
7.680 -0.657110
7.682 -0.656523
7.684 -0.655937
7.686 -0.655351
7.688 -0.654764
7.690 -0.654177
7.692 -0.653590
7.694 -0.653002
7.696 -0.652382
7.698 -0.651783
7.700 -0.651159
7.702 -0.650560
7.704 -0.649968
7.706 -0.649379
7.708 -0.648791
7.710 -0.648202
7.712 -0.647613
7.714 -0.647024
7.716 -0.646434
7.718 -0.645844
7.720 -0.645253
7.722 -0.644662
7.724 -0.644071
7.726 -0.643447
7.728 -0.642844
7.730 -0.642249
7.732 -0.641623
7.734 -0.640988
7.736 -0.640383
7.738 -0.639788
7.740 -0.639163
7.742 -0.638530
7.744 -0.637894
7.746 -0.637258
7.748 -0.636656
7.750 -0.636064
7.752 -0.635476
7.754 -0.634857
7.756 -0.634261
7.758 -0.633640
7.760 -0.633044
7.762 -0.632456
7.764 -0.631871
7.766 -0.631287
7.768 -0.630703
7.770 -0.630118
7.772 -0.629534
7.774 -0.628949
7.776 -0.628364
7.778 -0.627778
7.780 -0.627192
7.782 -0.626606
7.784 -0.626019
7.786 -0.625431
7.788 -0.624843
7.790 -0.624254
7.792 -0.623664
7.794 -0.623074
7.796 -0.622484
7.798 -0.621892
7.800 -0.621300
7.802 -0.620708
7.804 -0.620115
7.806 -0.619489
7.808 -0.618884
7.810 -0.618287
7.812 -0.617692
7.814 -0.617097
7.816 -0.616470
7.818 -0.615864
7.820 -0.615266
7.822 -0.614670
7.824 -0.614075
7.826 -0.613480
7.828 -0.612885
7.830 -0.612289
7.832 -0.611693
7.834 -0.611097
7.836 -0.610501
7.838 -0.609905
7.840 -0.609308
7.842 -0.608712
7.844 -0.608114
7.846 -0.607453
7.848 -0.606771
7.850 -0.606085
7.852 -0.605430
7.854 -0.604820
7.856 -0.604224
7.858 -0.603633
7.860 -0.603045
7.862 -0.602425
7.864 -0.601828
7.866 -0.601239
7.868 -0.600652
7.870 -0.600066
7.872 -0.599481
7.874 -0.598864
7.876 -0.598269
7.878 -0.597681
7.880 -0.597096
7.882 -0.596511
7.884 -0.595894
7.886 -0.595300
7.888 -0.594712
7.890 -0.594127
7.892 -0.593542
7.894 -0.592957
7.896 -0.592371
7.898 -0.591785
7.900 -0.591199
7.902 -0.590612
7.904 -0.590025
7.906 -0.589437
7.908 -0.588849
7.910 -0.588260
7.912 -0.587638
7.914 -0.587038
7.916 -0.586412
7.918 -0.585811
7.920 -0.585217
7.922 -0.584626
7.924 -0.584035
7.926 -0.583444
7.928 -0.582853
7.930 -0.582229
7.932 -0.581627
7.934 -0.581032
7.936 -0.580440
7.938 -0.579848
7.940 -0.579255
7.942 -0.578663
7.944 -0.578070
7.946 -0.577477
7.948 -0.576884
7.950 -0.576290
7.952 -0.575696
7.954 -0.575101
7.956 -0.574506
7.958 -0.573911
7.960 -0.573283
7.962 -0.572646
7.964 -0.572037
7.966 -0.571438
7.968 -0.570842
7.970 -0.570248
7.972 -0.569653
7.974 -0.569058
7.976 -0.568464
7.978 -0.567901
7.980 -0.567316
7.982 -0.566723
7.984 -0.566127
7.986 -0.565531
7.988 -0.564934
7.990 -0.564304
7.992 -0.563696
7.994 -0.563095
7.996 -0.562497
7.998 -0.561899
8.000 -0.561302
8.002 -0.560704
8.004 -0.560106
8.006 -0.559508
8.008 -0.558910
8.010 -0.558312
8.012 -0.557714
8.014 -0.557115
8.016 -0.556517
8.018 -0.555886
8.020 -0.555277
8.022 -0.554676
8.024 -0.554045
8.026 -0.553437
8.028 -0.552837
8.030 -0.552239
8.032 -0.551642
8.034 -0.551046
8.036 -0.550450
8.038 -0.549854
8.040 -0.549226
8.042 -0.548620
8.044 -0.548022
8.046 -0.547426
8.048 -0.546831
8.050 -0.546171
8.052 -0.545525
8.054 -0.544916
8.056 -0.544351
8.058 -0.543768
8.060 -0.543179
8.062 -0.542588
8.064 -0.541997
8.066 -0.541405
8.068 -0.540814
8.070 -0.540222
8.072 -0.539630
8.074 -0.539038
8.076 -0.538446
8.078 -0.537853
8.080 -0.537260
8.082 -0.536667
8.084 -0.536074
8.086 -0.535480
8.088 -0.534886
8.090 -0.534292
8.092 -0.533697
8.094 -0.533102
8.096 -0.532507
8.098 -0.531911
8.100 -0.531315
8.102 -0.530719
8.104 -0.530123
8.106 -0.529526
8.108 -0.528929
8.110 -0.528331
8.112 -0.527702
8.114 -0.527094
8.116 -0.526493
8.118 -0.525895
8.120 -0.525297
8.122 -0.524699
8.124 -0.524102
8.126 -0.523504
8.128 -0.522906
8.130 -0.522244
8.132 -0.521594
8.134 -0.520982
8.136 -0.520381
8.138 -0.519785
8.140 -0.519158
8.142 -0.518554
8.144 -0.517958
8.146 -0.517364
8.148 -0.516772
8.150 -0.516179
8.152 -0.515587
8.154 -0.514995
8.156 -0.514404
8.158 -0.513812
8.160 -0.513219
8.162 -0.512627
8.164 -0.512035
8.166 -0.511442
8.168 -0.510850
8.170 -0.510257
8.172 -0.509663
8.174 -0.509070
8.176 -0.508476
8.178 -0.507882
8.180 -0.507288
8.182 -0.506725
8.184 -0.506204
8.186 -0.505727
8.188 -0.505295
8.190 -0.504840
8.192 -0.504343
8.194 -0.503830
8.196 -0.503340
8.198 -0.502855
8.200 -0.502368
8.202 -0.501876
8.204 -0.501379
8.206 -0.500843
8.208 -0.500325
8.210 -0.499808
8.212 -0.499288
8.214 -0.498763
8.216 -0.498233
8.218 -0.497698
8.220 -0.497125
8.222 -0.496537
8.224 -0.495942
8.226 -0.495374
8.228 -0.494812
8.230 -0.494250
8.232 -0.493685
8.234 -0.493116
8.236 -0.492544
8.238 -0.491968
8.240 -0.491389
8.242 -0.490807
8.244 -0.490222
8.246 -0.489602
8.248 -0.489002
8.250 -0.488407
8.252 -0.487780
8.254 -0.487142
8.256 -0.486532
8.258 -0.485898
8.260 -0.485256
8.262 -0.484644
8.264 -0.484041
8.266 -0.483441
8.268 -0.482841
8.270 -0.482209
8.272 -0.481599
8.274 -0.480996
8.276 -0.480395
8.278 -0.479794
8.280 -0.479194
8.282 -0.478593
8.284 -0.477960
8.286 -0.477318
8.288 -0.476704
8.290 -0.476069
8.292 -0.475459
8.294 -0.474857
8.296 -0.474259
8.298 -0.473662
8.300 -0.473033
8.302 -0.472426
8.304 -0.471827
8.306 -0.471231
8.308 -0.470636
8.310 -0.470042
8.312 -0.469447
8.314 -0.468853
8.316 -0.468259
8.318 -0.467665
8.320 -0.467038
8.322 -0.466434
8.324 -0.465837
8.326 -0.465243
8.328 -0.464649
8.330 -0.464056
8.332 -0.463495
8.334 -0.462975
8.336 -0.462373
8.338 -0.461775
8.340 -0.461179
8.342 -0.460551
8.344 -0.459944
8.346 -0.459344
8.348 -0.458747
8.350 -0.458150
8.352 -0.457552
8.354 -0.456955
8.356 -0.456357
8.358 -0.455759
8.360 -0.455161
8.362 -0.454563
8.364 -0.453964
8.366 -0.453333
8.368 -0.452724
8.370 -0.452122
8.372 -0.451523
8.374 -0.450924
8.376 -0.450325
8.378 -0.449727
8.380 -0.449128
8.382 -0.448530
8.384 -0.447931
8.386 -0.447333
8.388 -0.446734
8.390 -0.446135
8.392 -0.445504
8.394 -0.444895
8.396 -0.444293
8.398 -0.443694
8.400 -0.443096
8.402 -0.442498
8.404 -0.441901
8.406 -0.441303
8.408 -0.440705
8.410 -0.440107
8.412 -0.439510
8.414 -0.438912
8.416 -0.438314
8.418 -0.437716
8.420 -0.437118
8.422 -0.436520
8.424 -0.435922
8.426 -0.435324
8.428 -0.434725
8.430 -0.434127
8.432 -0.433529
8.434 -0.432930
8.436 -0.432331
8.438 -0.431732
8.440 -0.431133
8.442 -0.430534
8.444 -0.429935
8.446 -0.429335
8.448 -0.428736
8.450 -0.428136
8.452 -0.427537
8.454 -0.426905
8.456 -0.426296
8.458 -0.425693
8.460 -0.425094
8.462 -0.424495
8.464 -0.423897
8.466 -0.423298
8.468 -0.422700
8.470 -0.422102
8.472 -0.421504
8.474 -0.420906
8.476 -0.420307
8.478 -0.419709
8.480 -0.419111
8.482 -0.418513
8.484 -0.417914
8.486 -0.417316
8.488 -0.416718
8.490 -0.416119
8.492 -0.415521
8.494 -0.414922
8.496 -0.414243
8.498 -0.413565
8.500 -0.412888
8.502 -0.412244
8.504 -0.411644
8.506 -0.411025
8.508 -0.410401
8.510 -0.409775
8.512 -0.409150
8.514 -0.408557
8.516 -0.407974
8.518 -0.407396
8.520 -0.406818
8.522 -0.406240
8.524 -0.405661
8.526 -0.405050
8.528 -0.404461
8.530 -0.403878
8.532 -0.403298
8.534 -0.402717
8.536 -0.402136
8.538 -0.401522
8.540 -0.400898
8.542 -0.400270
8.544 -0.399642
8.546 -0.399046
8.548 -0.398429
8.550 -0.397836
8.552 -0.397220
8.554 -0.396628
8.556 -0.396045
8.558 -0.395463
8.560 -0.394882
8.562 -0.394269
8.564 -0.393678
8.566 -0.393061
8.568 -0.392437
8.570 -0.391842
8.572 -0.391257
8.574 -0.390675
8.576 -0.390094
8.578 -0.389512
8.580 -0.388930
8.582 -0.388348
8.584 -0.387733
8.586 -0.387139
8.588 -0.386552
8.590 -0.385935
8.592 -0.385308
8.594 -0.384710
8.596 -0.384122
8.598 -0.383505
8.600 -0.382910
8.602 -0.382322
8.604 -0.381737
8.606 -0.381120
8.608 -0.380493
8.610 -0.379863
8.612 -0.379264
8.614 -0.378676
8.616 -0.378092
8.618 -0.377508
8.620 -0.376924
8.622 -0.376340
8.624 -0.375723
8.626 -0.375129
8.628 -0.374509
8.630 -0.373881
8.632 -0.373283
8.634 -0.372695
8.636 -0.372110
8.638 -0.371526
8.640 -0.370941
8.642 -0.370357
8.644 -0.369771
8.646 -0.369186
8.648 -0.368632
8.650 -0.368023
8.652 -0.367428
8.654 -0.366838
8.656 -0.366248
8.658 -0.365626
8.660 -0.364994
8.662 -0.364392
8.664 -0.363766
8.666 -0.363165
8.668 -0.362573
8.670 -0.361983
8.672 -0.361393
8.674 -0.360804
8.676 -0.360214
8.678 -0.359625
8.680 -0.359034
8.682 -0.358444
8.684 -0.357853
8.686 -0.357261
8.688 -0.356669
8.690 -0.356077
8.692 -0.355484
8.694 -0.354891
8.696 -0.354297
8.698 -0.353703
8.700 -0.353108
8.702 -0.352513
8.704 -0.351918
8.706 -0.351322
8.708 -0.350693
8.710 -0.350087
8.712 -0.349487
8.714 -0.348890
8.716 -0.348293
8.718 -0.347696
8.720 -0.347099
8.722 -0.346502
8.724 -0.345905
8.726 -0.345308
8.728 -0.344743
8.730 -0.344155
8.732 -0.343559
8.734 -0.342961
8.736 -0.342362
8.738 -0.341730
8.740 -0.341088
8.742 -0.340475
8.744 -0.339840
8.746 -0.339198
8.748 -0.338587
8.750 -0.337987
8.752 -0.337390
8.754 -0.336794
8.756 -0.336199
8.758 -0.335605
8.760 -0.335010
8.762 -0.334416
8.764 -0.333822
8.766 -0.333228
8.768 -0.332601
8.770 -0.331997
8.772 -0.331401
8.774 -0.330806
8.776 -0.330213
8.778 -0.329620
8.780 -0.329026
8.782 -0.328433
8.784 -0.327840
8.786 -0.327246
8.788 -0.326653
8.790 -0.326059
8.792 -0.325465
8.794 -0.324870
8.796 -0.324276
8.798 -0.323681
8.800 -0.323086
8.802 -0.322491
8.804 -0.321863
8.806 -0.321226
8.808 -0.320617
8.810 -0.320019
8.812 -0.319423
8.814 -0.318797
8.816 -0.318193
8.818 -0.317597
8.820 -0.317003
8.822 -0.316409
8.824 -0.315784
8.826 -0.315149
8.828 -0.314544
8.830 -0.313948
8.832 -0.313356
8.834 -0.312765
8.836 -0.312174
8.838 -0.311584
8.840 -0.310993
8.842 -0.310402
8.844 -0.309811
8.846 -0.309188
8.848 -0.308554
8.850 -0.307950
8.852 -0.307356
8.854 -0.306765
8.856 -0.306207
8.858 -0.305627
8.860 -0.305039
8.862 -0.304449
8.864 -0.303857
8.866 -0.303265
8.868 -0.302673
8.870 -0.302080
8.872 -0.301486
8.874 -0.300893
8.876 -0.300299
8.878 -0.299672
8.880 -0.299067
8.882 -0.298469
8.884 -0.297841
8.886 -0.297237
8.888 -0.296639
8.890 -0.296044
8.892 -0.295449
8.894 -0.294855
8.896 -0.294261
8.898 -0.293666
8.900 -0.293039
8.902 -0.292402
8.904 -0.291795
8.906 -0.291230
8.908 -0.290613
8.910 -0.290012
8.912 -0.289416
8.914 -0.288822
8.916 -0.288229
8.918 -0.287636
8.920 -0.287043
8.922 -0.286449
8.924 -0.285855
8.926 -0.285262
8.928 -0.284700
8.930 -0.284180
8.932 -0.283704
8.934 -0.283143
8.936 -0.282555
8.938 -0.281956
8.940 -0.281353
8.942 -0.280749
8.944 -0.280143
8.946 -0.279505
8.948 -0.278888
8.950 -0.278278
8.952 -0.277670
8.954 -0.277062
8.956 -0.276455
8.958 -0.275847
8.960 -0.275240
8.962 -0.274632
8.964 -0.274024
8.966 -0.273417
8.968 -0.272809
8.970 -0.272202
8.972 -0.271595
8.974 -0.270956
8.976 -0.270339
8.978 -0.269698
8.980 -0.269082
8.982 -0.268507
8.984 -0.267944
8.986 -0.267354
8.988 -0.266754
8.990 -0.266119
8.992 -0.265505
8.994 -0.264867
8.996 -0.264253
8.998 -0.263648
9.000 -0.263014
9.002 -0.262404
9.004 -0.261802
9.006 -0.261202
9.008 -0.260604
9.010 -0.260007
9.012 -0.259410
9.014 -0.258846
9.016 -0.258259
9.018 -0.257666
9.020 -0.257070
9.022 -0.256473
9.024 -0.255844
9.026 -0.255237
9.028 -0.254637
9.030 -0.254040
9.032 -0.253444
9.034 -0.252848
9.036 -0.252252
9.038 -0.251656
9.040 -0.251061
9.042 -0.250465
9.044 -0.249869
9.046 -0.249273
9.048 -0.248677
9.050 -0.248081
9.052 -0.247452
9.054 -0.246814
9.056 -0.246205
9.058 -0.245606
9.060 -0.245010
9.062 -0.244416
9.064 -0.243821
9.066 -0.243227
9.068 -0.242633
9.070 -0.242039
9.072 -0.241445
9.074 -0.240851
9.076 -0.240257
9.078 -0.239630
9.080 -0.239026
9.082 -0.238428
9.084 -0.237833
9.086 -0.237239
9.088 -0.236677
9.090 -0.236093
9.092 -0.235501
9.094 -0.234907
9.096 -0.234311
9.098 -0.233683
9.100 -0.233076
9.102 -0.232477
9.104 -0.231848
9.106 -0.231241
9.108 -0.230642
9.110 -0.230046
9.112 -0.229450
9.114 -0.228855
9.116 -0.228260
9.118 -0.227665
9.120 -0.227069
9.122 -0.226474
9.124 -0.225878
9.126 -0.225282
9.128 -0.224686
9.130 -0.224090
9.132 -0.223494
9.134 -0.222898
9.136 -0.222302
9.138 -0.221705
9.140 -0.221109
9.142 -0.220513
9.144 -0.219917
9.146 -0.219290
9.148 -0.218685
9.150 -0.218087
9.152 -0.217493
9.154 -0.216900
9.156 -0.216307
9.158 -0.215716
9.160 -0.215125
9.162 -0.214534
9.164 -0.213945
9.166 -0.213356
9.168 -0.212768
9.170 -0.212181
9.172 -0.211594
9.174 -0.210977
9.176 -0.210383
9.178 -0.209765
9.180 -0.209172
9.182 -0.208588
9.184 -0.208008
9.186 -0.207429
9.188 -0.206852
9.190 -0.206276
9.192 -0.205701
9.194 -0.205127
9.196 -0.204554
9.198 -0.203982
9.200 -0.203411
9.202 -0.202841
9.204 -0.202189
9.206 -0.201540
9.208 -0.200924
9.210 -0.200350
9.212 -0.199790
9.214 -0.199236
9.216 -0.198684
9.218 -0.198103
9.220 -0.197543
9.222 -0.196991
9.224 -0.196442
9.226 -0.195894
9.228 -0.195347
9.230 -0.194800
9.232 -0.194254
9.234 -0.193708
9.236 -0.193162
9.238 -0.192617
9.240 -0.192072
9.242 -0.191527
9.244 -0.190983
9.246 -0.190409
9.248 -0.189826
9.250 -0.189242
9.252 -0.188657
9.254 -0.188074
9.256 -0.187522
9.258 -0.186981
9.260 -0.186444
9.262 -0.185908
9.264 -0.185374
9.266 -0.184840
9.268 -0.184307
9.270 -0.183745
9.272 -0.183204
9.274 -0.182670
9.276 -0.182139
9.278 -0.181609
9.280 -0.181079
9.282 -0.180551
9.284 -0.180022
9.286 -0.179466
9.288 -0.178901
9.290 -0.178363
9.292 -0.177834
9.294 -0.177308
9.296 -0.176784
9.298 -0.176233
9.300 -0.175673
9.302 -0.175111
9.304 -0.174579
9.306 -0.174057
9.308 -0.173510
9.310 -0.172956
9.312 -0.172430
9.314 -0.171913
9.316 -0.171399
9.318 -0.170887
9.320 -0.170376
9.322 -0.169866
9.324 -0.169328
9.326 -0.168811
9.328 -0.168272
9.330 -0.167755
9.332 -0.167246
9.334 -0.166740
9.336 -0.166235
9.338 -0.165704
9.340 -0.165164
9.342 -0.164623
9.344 -0.164110
9.346 -0.163606
9.348 -0.163107
9.350 -0.162581
9.352 -0.162075
9.354 -0.161576
9.356 -0.161080
9.358 -0.160584
9.360 -0.160090
9.362 -0.159596
9.364 -0.159075
9.366 -0.158574
9.368 -0.158106
9.370 -0.157595
9.372 -0.157097
9.374 -0.156604
9.376 -0.156086
9.378 -0.155587
9.380 -0.155069
9.382 -0.154571
9.384 -0.154080
9.386 -0.153593
9.388 -0.153106
9.390 -0.152621
9.392 -0.152135
9.394 -0.151651
9.396 -0.151166
9.398 -0.150682
9.400 -0.150172
9.402 -0.149681
9.404 -0.149196
9.406 -0.148714
9.408 -0.148233
9.410 -0.147752
9.412 -0.147246
9.414 -0.146758
9.416 -0.146277
9.418 -0.145773
9.420 -0.145287
9.422 -0.144808
9.424 -0.144306
9.426 -0.143798
9.428 -0.143288
9.430 -0.142780
9.432 -0.142298
9.434 -0.141826
9.436 -0.141358
9.438 -0.140891
9.440 -0.140426
9.442 -0.139961
9.444 -0.139497
9.446 -0.139034
9.448 -0.138597
9.450 -0.138193
9.452 -0.137774
9.454 -0.137324
9.456 -0.136840
9.458 -0.136369
9.460 -0.135878
9.462 -0.135382
9.464 -0.134909
9.466 -0.134445
9.468 -0.133983
9.470 -0.133523
9.472 -0.133064
9.474 -0.132605
9.476 -0.132147
9.478 -0.131690
9.480 -0.131233
9.482 -0.130777
9.484 -0.130296
9.486 -0.129834
9.488 -0.129377
9.490 -0.128924
9.492 -0.128471
9.494 -0.128020
9.496 -0.127569
9.498 -0.127119
9.500 -0.126670
9.502 -0.126221
9.504 -0.125773
9.506 -0.125326
9.508 -0.124880
9.510 -0.124434
9.512 -0.123989
9.514 -0.123544
9.516 -0.123100
9.518 -0.122657
9.520 -0.122215
9.522 -0.121773
9.524 -0.121332
9.526 -0.120892
9.528 -0.120429
9.530 -0.119983
9.532 -0.119543
9.534 -0.119105
9.536 -0.118669
9.538 -0.118234
9.540 -0.117800
9.542 -0.117366
9.544 -0.116934
9.546 -0.116502
9.548 -0.116071
9.550 -0.115641
9.552 -0.115211
9.554 -0.114782
9.556 -0.114355
9.558 -0.113927
9.560 -0.113501
9.562 -0.113075
9.564 -0.112651
9.566 -0.112227
9.568 -0.111803
9.570 -0.111381
9.572 -0.110936
9.574 -0.110508
9.576 -0.110086
9.578 -0.109667
9.580 -0.109271
9.582 -0.108883
9.584 -0.108475
9.586 -0.108061
9.588 -0.107646
9.590 -0.107230
9.592 -0.106793
9.594 -0.106372
9.596 -0.105956
9.598 -0.105543
9.600 -0.105131
9.602 -0.104720
9.604 -0.104310
9.606 -0.103901
9.608 -0.103493
9.610 -0.103064
9.612 -0.102629
9.614 -0.102214
9.616 -0.101829
9.618 -0.101454
9.620 -0.101104
9.622 -0.100717
9.624 -0.100320
9.626 -0.099919
9.628 -0.099518
9.630 -0.099117
9.632 -0.098695
9.634 -0.098288
9.636 -0.097887
9.638 -0.097488
9.640 -0.097091
9.642 -0.096695
9.644 -0.096299
9.646 -0.095905
9.648 -0.095511
9.650 -0.095118
9.652 -0.094726
9.654 -0.094334
9.656 -0.093944
9.658 -0.093555
9.660 -0.093166
9.662 -0.092778
9.664 -0.092391
9.666 -0.092005
9.668 -0.091620
9.670 -0.091236
9.672 -0.090853
9.674 -0.090470
9.676 -0.090089
9.678 -0.089708
9.680 -0.089328
9.682 -0.088949
9.684 -0.088571
9.686 -0.088193
9.688 -0.087817
9.690 -0.087441
9.692 -0.087066
9.694 -0.086692
9.696 -0.086319
9.698 -0.085947
9.700 -0.085576
9.702 -0.085205
9.704 -0.084835
9.706 -0.084466
9.708 -0.084098
9.710 -0.083711
9.712 -0.083319
9.714 -0.082946
9.716 -0.082580
9.718 -0.082216
9.720 -0.081854
9.722 -0.081493
9.724 -0.081134
9.726 -0.080775
9.728 -0.080417
9.730 -0.080060
9.732 -0.079704
9.734 -0.079349
9.736 -0.079013
9.738 -0.078665
9.740 -0.078314
9.742 -0.077981
9.744 -0.077634
9.746 -0.077284
9.748 -0.076933
9.750 -0.076582
9.752 -0.076232
9.754 -0.075882
9.756 -0.075533
9.758 -0.075165
9.760 -0.074812
9.762 -0.074463
9.764 -0.074117
9.766 -0.073772
9.768 -0.073427
9.770 -0.073084
9.772 -0.072742
9.774 -0.072400
9.776 -0.072059
9.778 -0.071719
9.780 -0.071361
9.782 -0.070999
9.784 -0.070654
9.786 -0.070316
9.788 -0.069981
9.790 -0.069647
9.792 -0.069314
9.794 -0.068982
9.796 -0.068651
9.798 -0.068321
9.800 -0.067992
9.802 -0.067663
9.804 -0.067336
9.806 -0.066991
9.808 -0.066660
9.810 -0.066333
9.812 -0.066009
9.814 -0.065633
9.816 -0.065261
9.818 -0.064907
9.820 -0.064579
9.822 -0.064242
9.824 -0.063921
9.826 -0.063606
9.828 -0.063276
9.830 -0.062960
9.832 -0.062649
9.834 -0.062341
9.836 -0.062034
9.838 -0.061728
9.840 -0.061422
9.842 -0.061118
9.844 -0.060797
9.846 -0.060472
9.848 -0.060147
9.850 -0.059839
9.852 -0.059520
9.854 -0.059199
9.856 -0.058894
9.858 -0.058579
9.860 -0.058277
9.862 -0.057981
9.864 -0.057687
9.866 -0.057394
9.868 -0.057101
9.870 -0.056810
9.872 -0.056518
9.874 -0.056212
9.876 -0.055916
9.878 -0.055625
9.880 -0.055336
9.882 -0.055031
9.884 -0.054738
9.886 -0.054450
9.888 -0.054162
9.890 -0.053876
9.892 -0.053591
9.894 -0.053305
9.896 -0.053020
9.898 -0.052736
9.900 -0.052436
9.902 -0.052148
9.904 -0.051863
9.906 -0.051581
9.908 -0.051298
9.910 -0.051017
9.912 -0.050721
9.914 -0.050435
9.916 -0.050154
9.918 -0.049874
9.920 -0.049581
9.922 -0.049298
9.924 -0.049019
9.926 -0.048742
9.928 -0.048451
9.930 -0.048171
9.932 -0.047910
9.934 -0.047640
9.936 -0.047368
9.938 -0.047096
9.940 -0.046824
9.942 -0.046552
9.944 -0.046281
9.946 -0.046010
9.948 -0.045740
9.950 -0.045471
9.952 -0.045202
9.954 -0.044934
9.956 -0.044666
9.958 -0.044399
9.960 -0.044133
9.962 -0.043853
9.964 -0.043584
9.966 -0.043319
9.968 -0.043041
9.970 -0.042760
9.972 -0.042493
9.974 -0.042231
9.976 -0.041971
9.978 -0.041713
9.980 -0.041456
9.982 -0.041199
9.984 -0.040943
9.986 -0.040689
9.988 -0.040435
9.990 -0.040181
9.992 -0.039915
9.994 -0.039659
9.996 -0.039407
9.998 -0.039157
10.000 -0.038908
10.002 -0.038659
10.004 -0.038412
10.006 -0.038166
10.008 -0.037920
10.010 -0.037675
10.012 -0.037430
10.014 -0.037187
10.016 -0.036944
10.018 -0.036702
10.020 -0.036461
10.022 -0.036220
10.024 -0.035980
10.026 -0.035741
10.028 -0.035503
10.030 -0.035265
10.032 -0.035028
10.034 -0.034792
10.036 -0.034556
10.038 -0.034321
10.040 -0.034087
10.042 -0.033854
10.044 -0.033609
10.046 -0.033373
10.048 -0.033153
10.050 -0.032951
10.052 -0.032730
10.054 -0.032503
10.056 -0.032274
10.058 -0.032046
10.060 -0.031818
10.062 -0.031578
10.064 -0.031335
10.066 -0.031105
10.068 -0.030878
10.070 -0.030654
10.072 -0.030431
10.074 -0.030209
10.076 -0.029988
10.078 -0.029756
10.080 -0.029532
10.082 -0.029313
10.084 -0.029083
10.086 -0.028863
10.088 -0.028646
10.090 -0.028431
10.092 -0.028218
10.094 -0.028005
10.096 -0.027793
10.098 -0.027582
10.100 -0.027372
10.102 -0.027163
10.104 -0.026955
10.106 -0.026748
10.108 -0.026541
10.110 -0.026324
10.112 -0.026116
10.114 -0.025911
10.116 -0.025707
10.118 -0.025505
10.120 -0.025292
10.122 -0.025089
10.124 -0.024888
10.126 -0.024689
10.128 -0.024491
10.130 -0.024294
10.132 -0.024098
10.134 -0.023903
10.136 -0.023708
10.138 -0.023514
10.140 -0.023321
10.142 -0.023129
10.144 -0.022937
10.146 -0.022746
10.148 -0.022556
10.150 -0.022367
10.152 -0.022178
10.154 -0.021990
10.156 -0.021803
10.158 -0.021617
10.160 -0.021431
10.162 -0.021246
10.164 -0.021052
10.166 -0.020865
10.168 -0.020691
10.170 -0.020512
10.172 -0.020331
10.174 -0.020141
10.176 -0.019958
10.178 -0.019778
10.180 -0.019599
10.182 -0.019431
10.184 -0.019276
10.186 -0.019107
10.188 -0.018942
10.190 -0.018789
10.192 -0.018649
10.194 -0.018503
10.196 -0.018336
10.198 -0.018164
10.200 -0.017989
10.202 -0.017814
10.204 -0.017639
10.206 -0.017465
10.208 -0.017292
10.210 -0.017119
10.212 -0.016947
10.214 -0.016776
10.216 -0.016596
10.218 -0.016415
10.220 -0.016234
10.222 -0.016063
10.224 -0.015895
10.226 -0.015730
10.228 -0.015565
10.230 -0.015402
10.232 -0.015240
10.234 -0.015079
10.236 -0.014920
10.238 -0.014761
10.240 -0.014603
10.242 -0.014446
10.244 -0.014282
10.246 -0.014125
10.248 -0.013971
10.250 -0.013818
10.252 -0.013666
10.254 -0.013516
10.256 -0.013367
10.258 -0.013218
10.260 -0.013071
10.262 -0.012924
10.264 -0.012779
10.266 -0.012634
10.268 -0.012491
10.270 -0.012348
10.272 -0.012206
10.274 -0.012065
10.276 -0.011925
10.278 -0.011786
10.280 -0.011647
10.282 -0.011510
10.284 -0.011373
10.286 -0.011237
10.288 -0.011095
10.290 -0.010951
10.292 -0.010815
10.294 -0.010682
10.296 -0.010543
10.298 -0.010403
10.300 -0.010271
10.302 -0.010142
10.304 -0.010014
10.306 -0.009887
10.308 -0.009755
10.310 -0.009628
10.312 -0.009503
10.314 -0.009380
10.316 -0.009257
10.318 -0.009136
10.320 -0.009009
10.322 -0.008887
10.324 -0.008767
10.326 -0.008649
10.328 -0.008531
10.330 -0.008408
10.332 -0.008290
10.334 -0.008174
10.336 -0.008060
10.338 -0.007946
10.340 -0.007834
10.342 -0.007722
10.344 -0.007604
10.346 -0.007492
10.348 -0.007382
10.350 -0.007273
10.352 -0.007164
10.354 -0.007057
10.356 -0.006950
10.358 -0.006838
10.360 -0.006731
10.362 -0.006626
10.364 -0.006522
10.366 -0.006419
10.368 -0.006322
10.370 -0.006222
10.372 -0.006117
10.374 -0.006015
10.376 -0.005915
10.378 -0.005816
10.380 -0.005718
10.382 -0.005621
10.384 -0.005524
10.386 -0.005429
10.388 -0.005334
10.390 -0.005239
10.392 -0.005146
10.394 -0.005053
10.396 -0.004961
10.398 -0.004869
10.400 -0.004779
10.402 -0.004689
10.404 -0.004595
10.406 -0.004505
10.408 -0.004417
10.410 -0.004325
10.412 -0.004238
10.414 -0.004152
10.416 -0.004067
10.418 -0.003984
10.420 -0.003901
10.422 -0.003819
10.424 -0.003738
10.426 -0.003658
10.428 -0.003578
10.430 -0.003500
10.432 -0.003422
10.434 -0.003345
10.436 -0.003268
10.438 -0.003193
10.440 -0.003118
10.442 -0.003044
10.444 -0.002970
10.446 -0.002898
10.448 -0.002826
10.450 -0.002759
10.452 -0.002690
10.454 -0.002621
10.456 -0.002552
10.458 -0.002484
10.460 -0.002413
10.462 -0.002345
10.464 -0.002279
10.466 -0.002214
10.468 -0.002150
10.470 -0.002087
10.472 -0.002024
10.474 -0.001963
10.476 -0.001902
10.478 -0.001842
10.480 -0.001782
10.482 -0.001724
10.484 -0.001666
10.486 -0.001603
10.488 -0.001539
10.490 -0.001479
10.492 -0.001420
10.494 -0.001365
10.496 -0.001313
10.498 -0.001261
10.500 -0.001208
10.502 -0.001157
10.504 -0.001108
10.506 -0.001060
10.508 -0.001013
10.510 -0.000967
10.512 -0.000921
10.514 -0.000877
10.516 -0.000833
10.518 -0.000790
10.520 -0.000748
10.522 -0.000707
10.524 -0.000667
10.526 -0.000625
10.528 -0.000583
10.530 -0.000544
10.532 -0.000507
10.534 -0.000468
10.536 -0.000432
10.538 -0.000396
10.540 -0.000362
10.542 -0.000328
10.544 -0.000296
10.546 -0.000264
10.548 -0.000233
10.550 -0.000203
10.552 -0.000173
10.554 -0.000145
10.556 -0.000117
10.558 -0.000090
10.560 -0.000063
10.562 -0.000038
10.564 -0.000013
10.566 0.000013
10.568 0.000037
10.570 0.000060
10.572 0.000082
10.574 0.000103
10.576 0.000124
10.578 0.000144
10.580 0.000163
10.582 0.000181
10.584 0.000199
10.586 0.000216
10.588 0.000233
10.590 0.000248
10.592 0.000263
10.594 0.000277
10.596 0.000289
10.598 0.000302
10.600 0.000313
10.602 0.000324
10.604 0.000334
10.606 0.000343
10.608 0.000351
10.610 0.000358
10.612 0.000365
10.614 0.000371
10.616 0.000376
10.618 0.000381
10.620 0.000385
10.622 0.000388
10.624 0.000390
10.626 0.000391
10.628 0.000391
