0.000 -1.541943
0.002 -1.541942
0.004 -1.541941
0.006 -1.541939
0.008 -1.541936
0.010 -1.541933
0.012 -1.541923
0.014 -1.541923
0.016 -1.541917
0.018 -1.541910
0.020 -1.541903
0.022 -1.541894
0.024 -1.541885
0.026 -1.541875
0.028 -1.541864
0.030 -1.541853
0.032 -1.541840
0.034 -1.541827
0.036 -1.541813
0.038 -1.541798
0.040 -1.541783
0.042 -1.541766
0.044 -1.541731
0.046 -1.541731
0.048 -1.541712
0.050 -1.541693
0.052 -1.541672
0.054 -1.541651
0.056 -1.541629
0.058 -1.541606
0.060 -1.541583
0.062 -1.541558
0.064 -1.541507
0.066 -1.541507
0.068 -1.541480
0.070 -1.541453
0.072 -1.541424
0.074 -1.541365
0.076 -1.541365
0.078 -1.541334
0.080 -1.541303
0.082 -1.541270
0.084 -1.541237
0.086 -1.541203
0.088 -1.541168
0.090 -1.541133
0.092 -1.541096
0.094 -1.541059
0.096 -1.541021
0.098 -1.540982
0.100 -1.540943
0.102 -1.540902
0.104 -1.540819
0.106 -1.540776
0.108 -1.540733
0.110 -1.540733
0.112 -1.540688
0.114 -1.540643
0.116 -1.540550
0.118 -1.540550
0.120 -1.540503
0.122 -1.540454
0.124 -1.540405
0.126 -1.540355
0.128 -1.540253
0.130 -1.540253
0.132 -1.540147
0.134 -1.540147
0.136 -1.540093
0.138 -1.539983
0.140 -1.539983
0.142 -1.539869
0.144 -1.539869
0.146 -1.539811
0.148 -1.539752
0.150 -1.539693
0.152 -1.539632
0.154 -1.539509
0.156 -1.539509
0.158 -1.539446
0.160 -1.539383
0.162 -1.539318
0.164 -1.539253
0.166 -1.539187
0.168 -1.539120
0.170 -1.539053
0.172 -1.538984
0.174 -1.538915
0.176 -1.538845
0.178 -1.538774
0.180 -1.538703
0.182 -1.538630
0.184 -1.538557
0.186 -1.538483
0.188 -1.538408
0.190 -1.538333
0.192 -1.538256
0.194 -1.538101
0.196 -1.538101
0.198 -1.538022
0.200 -1.537943
0.202 -1.537862
0.204 -1.537699
0.206 -1.537699
0.208 -1.537616
0.210 -1.537533
0.212 -1.537448
0.214 -1.537363
0.216 -1.537190
0.218 -1.537190
0.220 -1.537103
0.222 -1.537014
0.224 -1.536925
0.226 -1.536835
0.228 -1.536744
0.230 -1.536560
0.232 -1.536560
0.234 -1.536467
0.236 -1.536373
0.238 -1.536278
0.240 -1.536183
0.242 -1.536086
0.244 -1.535891
0.246 -1.535792
0.248 -1.535792
0.250 -1.535693
0.252 -1.535491
0.254 -1.535491
0.256 -1.535389
0.258 -1.535286
0.260 -1.535183
0.262 -1.534973
0.264 -1.534973
0.266 -1.534867
0.268 -1.534653
0.270 -1.534653
0.272 -1.534544
0.274 -1.534325
0.276 -1.534325
0.278 -1.534214
0.280 -1.534103
0.282 -1.533877
0.284 -1.533877
0.286 -1.533763
0.288 -1.533648
0.290 -1.533533
0.292 -1.533416
0.294 -1.533299
0.296 -1.533181
0.298 -1.532943
0.300 -1.532943
0.302 -1.532822
0.304 -1.532579
0.306 -1.532579
0.308 -1.532456
0.310 -1.532333
0.312 -1.532083
0.314 -1.531957
0.316 -1.531957
0.318 -1.531830
0.320 -1.531703
0.322 -1.531574
0.324 -1.531445
0.326 -1.531315
0.328 -1.531184
0.330 -1.531053
0.332 -1.530920
0.334 -1.530787
0.336 -1.530653
0.338 -1.530383
0.340 -1.530246
0.342 -1.530246
0.344 -1.529971
0.346 -1.529832
0.348 -1.529832
0.350 -1.529693
0.352 -1.529552
0.354 -1.529411
0.356 -1.529269
0.358 -1.528983
0.360 -1.528983
0.362 -1.528838
0.364 -1.528693
0.366 -1.528400
0.368 -1.528400
0.370 -1.528253
0.372 -1.528104
0.374 -1.527955
0.376 -1.527805
0.378 -1.527654
0.380 -1.527503
0.382 -1.527350
0.384 -1.527197
0.386 -1.526888
0.388 -1.526733
0.390 -1.526733
0.392 -1.526576
0.394 -1.526261
0.396 -1.526102
0.398 -1.525943
0.400 -1.525782
0.402 -1.525782
0.404 -1.525621
0.406 -1.525459
0.408 -1.525296
0.410 -1.525133
0.412 -1.524803
0.414 -1.524637
0.416 -1.524470
0.418 -1.524303
0.420 -1.524134
0.422 -1.524134
0.424 -1.523965
0.426 -1.523795
0.428 -1.523624
0.430 -1.523453
0.432 -1.523107
0.434 -1.523107
0.436 -1.522933
0.438 -1.522758
0.440 -1.522583
0.442 -1.522229
0.444 -1.522229
0.446 -1.522051
0.448 -1.521693
0.450 -1.521512
0.452 -1.521331
0.454 -1.521149
0.456 -1.521149
0.458 -1.520783
0.460 -1.520783
0.462 -1.520598
0.464 -1.520227
0.466 -1.520227
0.468 -1.520040
0.470 -1.519853
0.472 -1.519664
0.474 -1.519475
0.476 -1.519285
0.478 -1.519094
0.480 -1.518903
0.482 -1.518710
0.484 -1.518517
0.486 -1.518323
0.488 -1.518128
0.490 -1.517933
0.492 -1.517736
0.494 -1.517736
0.496 -1.517341
0.498 -1.516943
0.500 -1.516943
0.502 -1.516742
0.504 -1.516541
0.506 -1.516339
0.508 -1.516136
0.510 -1.515933
0.512 -1.515728
0.514 -1.515523
0.516 -1.515317
0.518 -1.515110
0.520 -1.514903
0.522 -1.514694
0.524 -1.514275
0.526 -1.514064
0.528 -1.514064
0.530 -1.513853
0.532 -1.513640
0.534 -1.513213
0.536 -1.513213
0.538 -1.512998
0.540 -1.512783
0.542 -1.512566
0.544 -1.512349
0.546 -1.512131
0.548 -1.511912
0.550 -1.511693
0.552 -1.511472
0.554 -1.511251
0.556 -1.511029
0.558 -1.510583
0.560 -1.510583
0.562 -1.510358
0.564 -1.510133
0.566 -1.509907
0.568 -1.509680
0.570 -1.509224
0.572 -1.508995
0.574 -1.508995
0.576 -1.508765
0.578 -1.508303
0.580 -1.508303
0.582 -1.508070
0.584 -1.507603
0.586 -1.507603
0.588 -1.507368
0.590 -1.507133
0.592 -1.506896
0.594 -1.506659
0.596 -1.506421
0.598 -1.506182
0.600 -1.505943
0.602 -1.505702
0.604 -1.505461
0.606 -1.505219
0.608 -1.504976
0.610 -1.504733
0.612 -1.504488
0.614 -1.503997
0.616 -1.503997
0.618 -1.503750
0.620 -1.503254
0.622 -1.503254
0.624 -1.503005
0.626 -1.502755
0.628 -1.502504
0.630 -1.502253
0.632 -1.502000
0.634 -1.501747
0.636 -1.501493
0.638 -1.501238
0.640 -1.500983
0.642 -1.500726
0.644 -1.500469
0.646 -1.500211
0.648 -1.499952
0.650 -1.499693
0.652 -1.499171
0.654 -1.499171
0.656 -1.498909
0.658 -1.498646
0.660 -1.498383
0.662 -1.498118
0.664 -1.497853
0.666 -1.497320
0.668 -1.497320
0.670 -1.497053
0.672 -1.496784
0.674 -1.496515
0.676 -1.496245
0.678 -1.495974
0.680 -1.495703
0.682 -1.495157
0.684 -1.495157
0.686 -1.494883
0.688 -1.494608
0.690 -1.494333
0.692 -1.494056
0.694 -1.493779
0.696 -1.493222
0.698 -1.492943
0.700 -1.492943
0.702 -1.492662
0.704 -1.492381
0.706 -1.492099
0.708 -1.491816
0.710 -1.491533
0.712 -1.491248
0.714 -1.490963
0.716 -1.490677
0.718 -1.490390
0.720 -1.490103
0.722 -1.489814
0.724 -1.489525
0.726 -1.489235
0.728 -1.488944
0.730 -1.488653
0.732 -1.488360
0.734 -1.488067
0.736 -1.487773
0.738 -1.487478
0.740 -1.486886
0.742 -1.486886
0.744 -1.486589
0.746 -1.486291
0.748 -1.485992
0.750 -1.485693
0.752 -1.485091
0.754 -1.485091
0.756 -1.484789
0.758 -1.484486
0.760 -1.484183
0.762 -1.483878
0.764 -1.483573
0.766 -1.483267
0.768 -1.482960
0.770 -1.482653
0.772 -1.482344
0.774 -1.482035
0.776 -1.481725
0.778 -1.481414
0.780 -1.481103
0.782 -1.480790
0.784 -1.480477
0.786 -1.480163
0.788 -1.479533
0.790 -1.479533
0.792 -1.478899
0.794 -1.478899
0.796 -1.478262
0.798 -1.478262
0.800 -1.477943
0.802 -1.477622
0.804 -1.477301
0.806 -1.476979
0.808 -1.476656
0.810 -1.476333
0.812 -1.476008
0.814 -1.475683
0.816 -1.475357
0.818 -1.475030
0.820 -1.474703
0.822 -1.474374
0.824 -1.474045
0.826 -1.473715
0.828 -1.473053
0.830 -1.472720
0.832 -1.472387
0.834 -1.472387
0.836 -1.472053
0.838 -1.471718
0.840 -1.471383
0.842 -1.471046
0.844 -1.470709
0.846 -1.470371
0.848 -1.470032
0.850 -1.469693
0.852 -1.469011
0.854 -1.469011
0.856 -1.468669
0.858 -1.468326
0.860 -1.467983
0.862 -1.467293
0.864 -1.467293
0.866 -1.466600
0.868 -1.466600
0.870 -1.466253
0.872 -1.465904
0.874 -1.465555
0.876 -1.465205
0.878 -1.464854
0.880 -1.464503
0.882 -1.463797
0.884 -1.463797
0.886 -1.463088
0.888 -1.463088
0.890 -1.462733
0.892 -1.462376
0.894 -1.462019
0.896 -1.461661
0.898 -1.461302
0.900 -1.460582
0.902 -1.460582
0.904 -1.460221
0.906 -1.459859
0.908 -1.459496
0.910 -1.459133
0.912 -1.458768
0.914 -1.458403
0.916 -1.458037
0.918 -1.457670
0.920 -1.457303
0.922 -1.456934
0.924 -1.456565
0.926 -1.456195
0.928 -1.455824
0.930 -1.455453
0.932 -1.455080
0.934 -1.454707
0.936 -1.454707
0.938 -1.453958
0.940 -1.453958
0.942 -1.453206
0.944 -1.452829
0.946 -1.452451
0.948 -1.452072
0.950 -1.451693
0.952 -1.451312
0.954 -1.450931
0.956 -1.450549
0.958 -1.450166
0.960 -1.449398
0.962 -1.449398
0.964 -1.449013
0.966 -1.448627
0.968 -1.448240
0.970 -1.447853
0.972 -1.447464
0.974 -1.447075
0.976 -1.446685
0.978 -1.445903
0.980 -1.445903
0.982 -1.445510
0.984 -1.445117
0.986 -1.444723
0.988 -1.444328
0.990 -1.443933
0.992 -1.443536
0.994 -1.443139
0.996 -1.442741
0.998 -1.442342
1.000 -1.441943
1.002 -1.441542
1.004 -1.441141
1.006 -1.440739
1.008 -1.440336
1.010 -1.439933
1.012 -1.439528
1.014 -1.439123
1.016 -1.437494
1.018 -1.437494
1.020 -1.437085
1.022 -1.436675
1.024 -1.436675
1.026 -1.436675
1.028 -1.436264
1.030 -1.435853
1.032 -1.435440
1.034 -1.435027
1.036 -1.434198
1.038 -1.434198
1.040 -1.433783
1.042 -1.433366
1.044 -1.432949
1.046 -1.432531
1.048 -1.432112
1.050 -1.431272
1.052 -1.430851
1.054 -1.430429
1.056 -1.430006
1.058 -1.429583
1.060 -1.429158
1.062 -1.428733
1.064 -1.428307
1.066 -1.427880
1.068 -1.427453
1.070 -1.427453
1.072 -1.427024
1.074 -1.426595
1.076 -1.426165
1.078 -1.425734
1.080 -1.425303
1.082 -1.424870
1.084 -1.424437
1.086 -1.424003
1.088 -1.423133
1.090 -1.423133
1.092 -1.422259
1.094 -1.422259
1.096 -1.421821
1.098 -1.421382
1.100 -1.420943
1.102 -1.420503
1.104 -1.420065
1.106 -1.419627
1.108 -1.418753
1.110 -1.418753
1.112 -1.418318
1.114 -1.417883
1.116 -1.417016
1.118 -1.417016
1.120 -1.416584
1.122 -1.415722
1.124 -1.415722
1.126 -1.415292
1.128 -1.414863
1.130 -1.414434
1.132 -1.414007
1.134 -1.413580
1.136 -1.412729
1.138 -1.412305
1.140 -1.412305
1.142 -1.411881
1.144 -1.411459
1.146 -1.410616
1.148 -1.410616
1.150 -1.410195
1.152 -1.409776
1.154 -1.409357
1.156 -1.408939
1.158 -1.408522
1.160 -1.408106
1.162 -1.407690
1.164 -1.407276
1.166 -1.406862
1.168 -1.406449
1.170 -1.406037
1.172 -1.405625
1.174 -1.405214
1.176 -1.404804
1.178 -1.404395
1.180 -1.403987
1.182 -1.403580
1.184 -1.403173
1.186 -1.402767
1.188 -1.401958
1.190 -1.401958
1.192 -1.401554
1.194 -1.400749
1.196 -1.400348
1.198 -1.400348
1.200 -1.399948
1.202 -1.399549
1.204 -1.399150
1.206 -1.398355
1.208 -1.397959
1.210 -1.397959
1.212 -1.397563
1.214 -1.396774
1.216 -1.396774
1.218 -1.396381
1.220 -1.395989
1.222 -1.395598
1.224 -1.395207
1.226 -1.394817
1.228 -1.394040
1.230 -1.394040
1.232 -1.393652
1.234 -1.393265
1.236 -1.392880
1.238 -1.392494
1.240 -1.392110
1.242 -1.391727
1.244 -1.391727
1.246 -1.390962
1.248 -1.390581
1.250 -1.390201
1.252 -1.389821
1.254 -1.389442
1.256 -1.389065
1.258 -1.388311
1.260 -1.388311
1.262 -1.387936
1.264 -1.387561
1.266 -1.386814
1.268 -1.386814
1.270 -1.386442
1.272 -1.386070
1.274 -1.385700
1.276 -1.385330
1.278 -1.384961
1.280 -1.384592
1.282 -1.384225
1.284 -1.383858
1.286 -1.383492
1.288 -1.383127
1.290 -1.382399
1.292 -1.382399
1.294 -1.382037
1.296 -1.381675
1.298 -1.381314
1.300 -1.380953
1.302 -1.380235
1.304 -1.379877
1.306 -1.379520
1.308 -1.379520
1.310 -1.379164
1.312 -1.378454
1.314 -1.378100
1.316 -1.378100
1.318 -1.377747
1.320 -1.377394
1.322 -1.377043
1.324 -1.376692
1.326 -1.375993
1.328 -1.375297
1.330 -1.375297
1.332 -1.374951
1.334 -1.374605
1.336 -1.374260
1.338 -1.374260
1.340 -1.373915
1.342 -1.373229
1.344 -1.372887
1.346 -1.372887
1.348 -1.372546
1.350 -1.372206
1.352 -1.371866
1.354 -1.371528
1.356 -1.371190
1.358 -1.370853
1.360 -1.370516
1.362 -1.370181
1.364 -1.369512
1.366 -1.369179
1.368 -1.369179
1.370 -1.368847
1.372 -1.368185
1.374 -1.367855
1.376 -1.367526
1.378 -1.367197
1.380 -1.367197
1.382 -1.366870
1.384 -1.366217
1.386 -1.366217
1.388 -1.365892
1.390 -1.365568
1.392 -1.365244
1.394 -1.364922
1.396 -1.364279
1.398 -1.363958
1.400 -1.363958
1.402 -1.363639
1.404 -1.363002
1.406 -1.363002
1.408 -1.362369
1.410 -1.362369
1.412 -1.362053
1.414 -1.361425
1.416 -1.361112
1.418 -1.360799
1.420 -1.360799
1.422 -1.360488
1.424 -1.359867
1.426 -1.359867
1.428 -1.359250
1.430 -1.358943
1.432 -1.358943
1.434 -1.358330
1.436 -1.358025
1.438 -1.358025
1.440 -1.357721
1.442 -1.357417
1.444 -1.357114
1.446 -1.356812
1.448 -1.356511
1.450 -1.356211
1.452 -1.355613
1.454 -1.355315
1.456 -1.355018
1.458 -1.355018
1.460 -1.354722
1.462 -1.354131
1.464 -1.353837
1.466 -1.353544
1.468 -1.353544
1.470 -1.353252
1.472 -1.352670
1.474 -1.352670
1.476 -1.352380
1.478 -1.352091
1.480 -1.351803
1.482 -1.351515
1.484 -1.351228
1.486 -1.350657
1.488 -1.350657
1.490 -1.350373
1.492 -1.350090
1.494 -1.349525
1.496 -1.349525
1.498 -1.349244
1.500 -1.348964
1.502 -1.348684
1.504 -1.348405
1.506 -1.348128
1.508 -1.347574
1.510 -1.347574
1.512 -1.347024
1.514 -1.346750
1.516 -1.346477
1.518 -1.346477
1.520 -1.346205
1.522 -1.345933
1.524 -1.345662
1.526 -1.345393
1.528 -1.345124
1.530 -1.344855
1.532 -1.344855
1.534 -1.344855
1.536 -1.344855
1.538 -1.343790
1.540 -1.343526
1.542 -1.343262
1.544 -1.342738
1.546 -1.342738
1.548 -1.342216
1.550 -1.342216
1.552 -1.341957
1.554 -1.341698
1.556 -1.341440
1.558 -1.340927
1.560 -1.340927
1.562 -1.340671
1.564 -1.340163
1.566 -1.339910
1.568 -1.339910
1.570 -1.339657
1.572 -1.339406
1.574 -1.339155
1.576 -1.338905
1.578 -1.338656
1.580 -1.338408
1.582 -1.338160
1.584 -1.337914
1.586 -1.337914
1.588 -1.337423
1.590 -1.337178
1.592 -1.336935
1.594 -1.336450
1.596 -1.336209
1.598 -1.336209
1.600 -1.335969
1.602 -1.335729
1.604 -1.335491
1.606 -1.335253
1.608 -1.334779
1.610 -1.334779
1.612 -1.334544
1.614 -1.334309
1.616 -1.333842
1.618 -1.333610
1.620 -1.333378
1.622 -1.333148
1.624 -1.332918
1.626 -1.332918
1.628 -1.332689
1.630 -1.332460
1.632 -1.332233
1.634 -1.332006
1.636 -1.331780
1.638 -1.331555
1.640 -1.331331
1.642 -1.331107
1.644 -1.330663
1.646 -1.330442
1.648 -1.330221
1.650 -1.330002
1.652 -1.330002
1.654 -1.329783
1.656 -1.329565
1.658 -1.329348
1.660 -1.329132
1.662 -1.328702
1.664 -1.328702
1.666 -1.328488
1.668 -1.328275
1.670 -1.328062
1.672 -1.327851
1.674 -1.327430
1.676 -1.327221
1.678 -1.327013
1.680 -1.327013
1.682 -1.326599
1.684 -1.326599
1.686 -1.326393
1.688 -1.326188
1.690 -1.325780
1.692 -1.325577
1.694 -1.325577
1.696 -1.325375
1.698 -1.324974
1.700 -1.324775
1.702 -1.324576
1.704 -1.324378
1.706 -1.324378
1.708 -1.324181
1.710 -1.323985
1.712 -1.323789
1.714 -1.323400
1.716 -1.323400
1.718 -1.323015
1.720 -1.323015
1.722 -1.322824
1.724 -1.322633
1.726 -1.322443
1.728 -1.322254
1.730 -1.322066
1.732 -1.321878
1.734 -1.321691
1.736 -1.321506
1.738 -1.321320
1.740 -1.320953
1.742 -1.320953
1.744 -1.320770
1.746 -1.320588
1.748 -1.320407
1.750 -1.320227
1.752 -1.320047
1.754 -1.319691
1.756 -1.319691
1.758 -1.319513
1.760 -1.319162
1.762 -1.319162
1.764 -1.318987
1.766 -1.318813
1.768 -1.318468
1.770 -1.318296
1.772 -1.317956
1.774 -1.317956
1.776 -1.317786
1.778 -1.317618
1.780 -1.317618
1.782 -1.317284
1.784 -1.317284
1.786 -1.317118
1.788 -1.316789
1.790 -1.316789
1.792 -1.316625
1.794 -1.316301
1.796 -1.316301
1.798 -1.315979
1.800 -1.315979
1.802 -1.315820
1.804 -1.315661
1.806 -1.315503
1.808 -1.315346
1.810 -1.315190
1.812 -1.314880
1.814 -1.314726
1.816 -1.314573
1.818 -1.314420
1.820 -1.314269
1.822 -1.314118
1.824 -1.314118
1.826 -1.313968
1.828 -1.313819
1.830 -1.313671
1.832 -1.313377
1.834 -1.313377
1.836 -1.313086
1.838 -1.312941
1.840 -1.312941
1.842 -1.312655
1.844 -1.312655
1.846 -1.312513
1.848 -1.312372
1.850 -1.311679
1.852 -1.311542
1.854 -1.311407
1.856 -1.311407
1.858 -1.311407
1.860 -1.311407
1.862 -1.311407
1.864 -1.311272
1.866 -1.311138
1.868 -1.311005
1.870 -1.310873
1.872 -1.310741
1.874 -1.310611
1.876 -1.310481
1.878 -1.310352
1.880 -1.310223
1.882 -1.310096
1.884 -1.309969
1.886 -1.309843
1.888 -1.309718
1.890 -1.309470
1.892 -1.309348
1.894 -1.309348
1.896 -1.309226
1.898 -1.308984
1.900 -1.308984
1.902 -1.308865
1.904 -1.308746
1.906 -1.308628
1.908 -1.308511
1.910 -1.308395
1.912 -1.308279
1.914 -1.308165
1.916 -1.308051
1.918 -1.307938
1.920 -1.307825
1.922 -1.307714
1.924 -1.307603
1.926 -1.307493
1.928 -1.307384
1.930 -1.307276
1.932 -1.307062
1.934 -1.307062
1.936 -1.306851
1.938 -1.306851
1.940 -1.306747
1.942 -1.306540
1.944 -1.306540
1.946 -1.306540
1.948 -1.306540
1.950 -1.306237
1.952 -1.306138
1.954 -1.306039
1.956 -1.305941
1.958 -1.305844
1.960 -1.305748
1.962 -1.305557
1.964 -1.305557
1.966 -1.305463
1.968 -1.305370
1.970 -1.305278
1.972 -1.305187
1.974 -1.305096
1.976 -1.305006
1.978 -1.304917
1.980 -1.304741
1.982 -1.304741
1.984 -1.304654
1.986 -1.304568
1.988 -1.304483
1.990 -1.304399
1.992 -1.304316
1.994 -1.304233
1.996 -1.304070
1.998 -1.304070
2.000 -1.303990
2.002 -1.303910
2.004 -1.303831
2.006 -1.303754
2.008 -1.303676
2.010 -1.303600
2.012 -1.303525
2.014 -1.303450
2.016 -1.303303
2.018 -1.303231
2.020 -1.303159
2.022 -1.303159
2.024 -1.303019
2.026 -1.302949
2.028 -1.302881
2.030 -1.302881
2.032 -1.302814
2.034 -1.302747
2.036 -1.302681
2.038 -1.302616
2.040 -1.302488
2.042 -1.302488
2.044 -1.302426
2.046 -1.302303
2.048 -1.302242
2.050 -1.302124
2.052 -1.302009
2.054 -1.301953
2.056 -1.301953
2.058 -1.301953
2.060 -1.301897
2.062 -1.301843
2.064 -1.301789
2.066 -1.301736
2.068 -1.301683
2.070 -1.301632
2.072 -1.301581
2.074 -1.301581
2.076 -1.301531
2.078 -1.301482
2.080 -1.301434
2.082 -1.301386
2.084 -1.301340
2.086 -1.301294
2.088 -1.301204
2.090 -1.301204
2.092 -1.301161
2.094 -1.301118
2.096 -1.301076
2.098 -1.301035
2.100 -1.300995
2.102 -1.300955
2.104 -1.300917
2.106 -1.300879
2.108 -1.300805
2.110 -1.300770
2.112 -1.300770
2.114 -1.300701
2.116 -1.300701
2.118 -1.300668
2.120 -1.300636
2.122 -1.300604
2.124 -1.300574
2.126 -1.300544
2.128 -1.300486
2.130 -1.300459
2.132 -1.300432
2.134 -1.300406
2.136 -1.300381
2.138 -1.300357
2.140 -1.300333
2.142 -1.300311
2.144 -1.300311
2.146 -1.300289
2.148 -1.300268
2.150 -1.300247
2.152 -1.300228
2.154 -1.300209
2.156 -1.300191
2.158 -1.300174
2.160 -1.300158
2.162 -1.300128
2.164 -1.300128
2.166 -1.300114
2.168 -1.300101
2.170 -1.300088
2.172 -1.300066
2.174 -1.300066
2.176 -1.300047
2.178 -1.300039
2.180 -1.300039
2.182 -1.300031
2.184 -1.300019
2.186 -1.300019
2.188 -1.300009
2.190 -1.300009
2.192 -1.300006
2.194 -1.300003
2.196 -1.300001
2.198 -1.300000
2.200 -1.300000
2.202 -1.300000
2.204 -1.300000
2.206 -1.300000
2.208 -1.300000
2.210 -1.300000
2.212 -1.300000
2.214 -1.300000
2.216 -1.300000
2.218 -1.300000
2.220 -1.300000
2.222 -1.300000
2.224 -1.300000
2.226 -1.300000
2.228 -1.300000
2.230 -1.300000
2.232 -1.300000
2.234 -1.300000
2.236 -1.300000
2.238 -1.300000
2.240 -1.300000
2.242 -1.300000
2.244 -1.300000
2.246 -1.300000
2.248 -1.300000
2.250 -1.300000
2.252 -1.300000
2.254 -1.300000
2.256 -1.300000
2.258 -1.300000
2.260 -1.300000
2.262 -1.300000
2.264 -1.300000
2.266 -1.300000
2.268 -1.300000
2.270 -1.300000
2.272 -1.300000
2.274 -1.300000
2.276 -1.300000
2.278 -1.300000
2.280 -1.300000
2.282 -1.300000
2.284 -1.300000
2.286 -1.300000
2.288 -1.300000
2.290 -1.300000
2.292 -1.300000
2.294 -1.300000
2.296 -1.300000
2.298 -1.300000
2.300 -1.300000
2.302 -1.300000
2.304 -1.300000
2.306 -1.300000
2.308 -1.300000
2.310 -1.300000
2.312 -1.300000
2.314 -1.300000
2.316 -1.300000
2.318 -1.300000
2.320 -1.300000
2.322 -1.300000
2.324 -1.300000
2.326 -1.300000
2.328 -1.300000
2.330 -1.300000
2.332 -1.300000
2.334 -1.300000
2.336 -1.300000
2.338 -1.300000
2.340 -1.300000
2.342 -1.300000
2.344 -1.300000
2.346 -1.300000
2.348 -1.300000
2.350 -1.300000
2.352 -1.300000
2.354 -1.300000
2.356 -1.300000
2.358 -1.300000
2.360 -1.300000
2.362 -1.300000
2.364 -1.300000
2.366 -1.300000
2.368 -1.300000
2.370 -1.300000
2.372 -1.300000
2.374 -1.300000
2.376 -1.300000
2.378 -1.300000
2.380 -1.300000
2.382 -1.300000
2.384 -1.300000
2.386 -1.300000
2.388 -1.300000
2.390 -1.300000
2.392 -1.300000
2.394 -1.300000
2.396 -1.300000
2.398 -1.300000
2.400 -1.300000
2.402 -1.300000
2.404 -1.300000
2.406 -1.300000
2.408 -1.300000
2.410 -1.300000
2.412 -1.300000
2.414 -1.300000
2.416 -1.300000
2.418 -1.300000
2.420 -1.300000
2.422 -1.300000
2.424 -1.300000
2.426 -1.300000
2.428 -1.300000
2.430 -1.300000
2.432 -1.300000
2.434 -1.300000
2.436 -1.300000
2.438 -1.300000
2.440 -1.300000
2.442 -1.300000
2.444 -1.300000
2.446 -1.300000
2.448 -1.300000
2.450 -1.300000
2.452 -1.300000
2.454 -1.300000
2.456 -1.300000
2.458 -1.300000
2.460 -1.300000
2.462 -1.300000
2.464 -1.300000
2.466 -1.300000
2.468 -1.300000
2.470 -1.300000
2.472 -1.300000
2.474 -1.300000
2.476 -1.300000
2.478 -1.300000
2.480 -1.300000
2.482 -1.300000
2.484 -1.300000
2.486 -1.300000
2.488 -1.300000
2.490 -1.300000
2.492 -1.300000
2.494 -1.300000
2.496 -1.300000
2.498 -1.300000
2.500 -1.300000
2.502 -1.300000
2.504 -1.300000
2.506 -1.300000
2.508 -1.300000
2.510 -1.300000
2.512 -1.300000
2.514 -1.300000
2.516 -1.300000
2.518 -1.300000
2.520 -1.300000
2.522 -1.300000
2.524 -1.300000
2.526 -1.300000
2.528 -1.300000
2.530 -1.300000
2.532 -1.300000
2.534 -1.300000
2.536 -1.300000
2.538 -1.300000
2.540 -1.300000
2.542 -1.300000
2.544 -1.300000
2.546 -1.300000
2.548 -1.300000
2.550 -1.300000
2.552 -1.300000
2.554 -1.300000
2.556 -1.300000
2.558 -1.300000
2.560 -1.300000
2.562 -1.300000
2.564 -1.300000
2.566 -1.300000
2.568 -1.300000
2.570 -1.300000
2.572 -1.300000
2.574 -1.300000
2.576 -1.300000
2.578 -1.300000
2.580 -1.300000
2.582 -1.300000
2.584 -1.300000
2.586 -1.300000
2.588 -1.300000
2.590 -1.300000
2.592 -1.300000
2.594 -1.300000
2.596 -1.300000
2.598 -1.300000
2.600 -1.300000
2.602 -1.300000
2.604 -1.300000
2.606 -1.300000
2.608 -1.300000
2.610 -1.300000
2.612 -1.300000
2.614 -1.300000
2.616 -1.300000
2.618 -1.300000
2.620 -1.300000
2.622 -1.300000
2.624 -1.300000
2.626 -1.300000
2.628 -1.300000
2.630 -1.300000
2.632 -1.300000
2.634 -1.300000
2.636 -1.300000
2.638 -1.300000
2.640 -1.300000
2.642 -1.300000
2.644 -1.300000
2.646 -1.300000
2.648 -1.300000
2.650 -1.300000
2.652 -1.300000
2.654 -1.300000
2.656 -1.300000
2.658 -1.300000
2.660 -1.300000
2.662 -1.300000
2.664 -1.300000
2.666 -1.300000
2.668 -1.300000
2.670 -1.300000
2.672 -1.300000
2.674 -1.300000
2.676 -1.300000
2.678 -1.300000
2.680 -1.300000
2.682 -1.300000
2.684 -1.300000
2.686 -1.300000
2.688 -1.300000
2.690 -1.300000
2.692 -1.300000
2.694 -1.300000
2.696 -1.300000
2.698 -1.300000
2.700 -1.300000
2.702 -1.300000
2.704 -1.300000
2.706 -1.300000
2.708 -1.300000
2.710 -1.300000
2.712 -1.300000
2.714 -1.300000
2.716 -1.300000
2.718 -1.300000
2.720 -1.300000
2.722 -1.300000
2.724 -1.300000
2.726 -1.300000
2.728 -1.300000
2.730 -1.300000
2.732 -1.300000
2.734 -1.300000
2.736 -1.300000
2.738 -1.300000
2.740 -1.300000
2.742 -1.300000
2.744 -1.300000
2.746 -1.300000
2.748 -1.300000
2.750 -1.300000
2.752 -1.300000
2.754 -1.300000
2.756 -1.300000
2.758 -1.300000
2.760 -1.300000
2.762 -1.300000
2.764 -1.300000
2.766 -1.300000
2.768 -1.300000
2.770 -1.300000
2.772 -1.300000
2.774 -1.300000
2.776 -1.300000
2.778 -1.300000
2.780 -1.300000
2.782 -1.300000
2.784 -1.300000
2.786 -1.300000
2.788 -1.300000
2.790 -1.300000
2.792 -1.300000
2.794 -1.300000
2.796 -1.300000
2.798 -1.300000
2.800 -1.300000
2.802 -1.300000
2.804 -1.300000
2.806 -1.300000
2.808 -1.300000
2.810 -1.300000
2.812 -1.300000
2.814 -1.300000
2.816 -1.300000
2.818 -1.300000
2.820 -1.300000
2.822 -1.300000
2.824 -1.300000
2.826 -1.300000
2.828 -1.300000
2.830 -1.300000
2.832 -1.300000
2.834 -1.300000
2.836 -1.300000
2.838 -1.300000
2.840 -1.300000
2.842 -1.300000
2.844 -1.300000
2.846 -1.300000
2.848 -1.300000
2.850 -1.300000
2.852 -1.300000
2.854 -1.300000
2.856 -1.300000
2.858 -1.300000
2.860 -1.300000
2.862 -1.300000
2.864 -1.300000
2.866 -1.300000
2.868 -1.300000
2.870 -1.300000
2.872 -1.300000
2.874 -1.300000
2.876 -1.300000
2.878 -1.300000
2.880 -1.300000
2.882 -1.300000
2.884 -1.300000
2.886 -1.300000
2.888 -1.300000
2.890 -1.300000
2.892 -1.300000
2.894 -1.300000
2.896 -1.300000
2.898 -1.300000
2.900 -1.300000
2.902 -1.300000
2.904 -1.300000
2.906 -1.300000
2.908 -1.300000
2.910 -1.300000
2.912 -1.300000
2.914 -1.300000
2.916 -1.300000
2.918 -1.300000
2.920 -1.300000
2.922 -1.300000
2.924 -1.300000
2.926 -1.300000
2.928 -1.300000
2.930 -1.300000
2.932 -1.300000
2.934 -1.300000
2.936 -1.300000
2.938 -1.300000
2.940 -1.300000
2.942 -1.300000
2.944 -1.300000
2.946 -1.300000
2.948 -1.300000
2.950 -1.300000
2.952 -1.300000
2.954 -1.300000
2.956 -1.300000
2.958 -1.300000
2.960 -1.300000
2.962 -1.300000
2.964 -1.300000
2.966 -1.300000
2.968 -1.300000
2.970 -1.300000
2.972 -1.300000
2.974 -1.300000
2.976 -1.300000
2.978 -1.300000
2.980 -1.300000
2.982 -1.300000
2.984 -1.300000
2.986 -1.300000
2.988 -1.300000
2.990 -1.300000
2.992 -1.300000
2.994 -1.300000
2.996 -1.300000
2.998 -1.300000
3.000 -1.300000
3.002 -1.300000
3.004 -1.300000
3.006 -1.300000
3.008 -1.300000
3.010 -1.300000
3.012 -1.300000
3.014 -1.300000
3.016 -1.300000
3.018 -1.300000
3.020 -1.300000
3.022 -1.300000
3.024 -1.300000
3.026 -1.300000
3.028 -1.300000
3.030 -1.300000
3.032 -1.300000
3.034 -1.300000
3.036 -1.300000
3.038 -1.300000
3.040 -1.300000
3.042 -1.300000
3.044 -1.300000
3.046 -1.300000
3.048 -1.300000
3.050 -1.300000
3.052 -1.300000
3.054 -1.300000
3.056 -1.300000
3.058 -1.300000
3.060 -1.300000
3.062 -1.300000
3.064 -1.300000
3.066 -1.300000
3.068 -1.300000
3.070 -1.300000
3.072 -1.300000
3.074 -1.300000
3.076 -1.300000
3.078 -1.300000
3.080 -1.300000
3.082 -1.300000
3.084 -1.300000
3.086 -1.300000
3.088 -1.300000
3.090 -1.300000
3.092 -1.300000
3.094 -1.300000
3.096 -1.300000
3.098 -1.300000
3.100 -1.300000
3.102 -1.300000
3.104 -1.300000
3.106 -1.300000
3.108 -1.300000
3.110 -1.300000
3.112 -1.300000
3.114 -1.300000
3.116 -1.300000
3.118 -1.300000
3.120 -1.300000
3.122 -1.300000
3.124 -1.300000
3.126 -1.300000
3.128 -1.300000
3.130 -1.300000
3.132 -1.300000
3.134 -1.300000
3.136 -1.300000
3.138 -1.300000
3.140 -1.300000
3.142 -1.300000
3.144 -1.300000
3.146 -1.300000
3.148 -1.300000
3.150 -1.300000
3.152 -1.300000
3.154 -1.300000
3.156 -1.300000
3.158 -1.300000
3.160 -1.300000
3.162 -1.300000
3.164 -1.300000
3.166 -1.300000
3.168 -1.300000
3.170 -1.300000
3.172 -1.300000
3.174 -1.300000
3.176 -1.300000
3.178 -1.300000
3.180 -1.300000
3.182 -1.300000
3.184 -1.300000
3.186 -1.300000
3.188 -1.300000
3.190 -1.300000
3.192 -1.300000
3.194 -1.300000
3.196 -1.300000
3.198 -1.300000
3.200 -1.300000
3.202 -1.300000
3.204 -1.300000
3.206 -1.300000
3.208 -1.300000
3.210 -1.300000
3.212 -1.300000
3.214 -1.300000
3.216 -1.300000
3.218 -1.300000
3.220 -1.300000
3.222 -1.300000
3.224 -1.300000
3.226 -1.300000
3.228 -1.300000
3.230 -1.300000
3.232 -1.300000
3.234 -1.300000
3.236 -1.300000
3.238 -1.300000
3.240 -1.300000
3.242 -1.300000
3.244 -1.300000
3.246 -1.300000
3.248 -1.300000
3.250 -1.300000
3.252 -1.300000
3.254 -1.300000
3.256 -1.300000
3.258 -1.300000
3.260 -1.300000
3.262 -1.300000
3.264 -1.300000
3.266 -1.300000
3.268 -1.300000
3.270 -1.300000
3.272 -1.300000
3.274 -1.300000
3.276 -1.300000
3.278 -1.300000
3.280 -1.300000
3.282 -1.300000
3.284 -1.300000
3.286 -1.300000
3.288 -1.300000
3.290 -1.300000
3.292 -1.300000
3.294 -1.300000
3.296 -1.300000
3.298 -1.300000
3.300 -1.300000
3.302 -1.300000
3.304 -1.300000
3.306 -1.300000
3.308 -1.300000
3.310 -1.300000
3.312 -1.300000
3.314 -1.300000
3.316 -1.300000
3.318 -1.300000
3.320 -1.300000
3.322 -1.300000
3.324 -1.300000
3.326 -1.300000
3.328 -1.300000
3.330 -1.300000
3.332 -1.300000
3.334 -1.300000
3.336 -1.300000
3.338 -1.300000
3.340 -1.300000
3.342 -1.300000
3.344 -1.300000
3.346 -1.300000
3.348 -1.300000
3.350 -1.300000
3.352 -1.300000
3.354 -1.300000
3.356 -1.300000
3.358 -1.300000
3.360 -1.300000
3.362 -1.300000
3.364 -1.300000
3.366 -1.300000
3.368 -1.300000
3.370 -1.300000
3.372 -1.300000
3.374 -1.300000
3.376 -1.300000
3.378 -1.300000
3.380 -1.300000
3.382 -1.300000
3.384 -1.300000
3.386 -1.300000
3.388 -1.300000
3.390 -1.300000
3.392 -1.300000
3.394 -1.300000
3.396 -1.300000
3.398 -1.300000
3.400 -1.300000
3.402 -1.300000
3.404 -1.300000
3.406 -1.300000
3.408 -1.300000
3.410 -1.300000
3.412 -1.300000
3.414 -1.300000
3.416 -1.300000
3.418 -1.300000
3.420 -1.300000
3.422 -1.300000
3.424 -1.300000
3.426 -1.300000
3.428 -1.300000
3.430 -1.300000
3.432 -1.300000
3.434 -1.300000
3.436 -1.300000
3.438 -1.300000
3.440 -1.300000
3.442 -1.300000
3.444 -1.300000
3.446 -1.300000
3.448 -1.300000
3.450 -1.300000
3.452 -1.300000
3.454 -1.300000
3.456 -1.300000
3.458 -1.300000
3.460 -1.300000
3.462 -1.300000
3.464 -1.300000
3.466 -1.300000
3.468 -1.300000
3.470 -1.300000
3.472 -1.300000
3.474 -1.300000
3.476 -1.300000
3.478 -1.300000
3.480 -1.300000
3.482 -1.300000
3.484 -1.300000
3.486 -1.300000
3.488 -1.300000
3.490 -1.300000
3.492 -1.300000
3.494 -1.300000
3.496 -1.300000
3.498 -1.300000
3.500 -1.300000
3.502 -1.300000
3.504 -1.300000
3.506 -1.300000
3.508 -1.300000
3.510 -1.300000
3.512 -1.300000
3.514 -1.300000
3.516 -1.300000
3.518 -1.300000
3.520 -1.300000
3.522 -1.300000
3.524 -1.300000
3.526 -1.300000
3.528 -1.300000
3.530 -1.300000
3.532 -1.300000
3.534 -1.300000
3.536 -1.300000
3.538 -1.300000
3.540 -1.300000
3.542 -1.300000
3.544 -1.300000
3.546 -1.300000
3.548 -1.300000
3.550 -1.300000
3.552 -1.300000
3.554 -1.300000
3.556 -1.300000
3.558 -1.300000
3.560 -1.300000
3.562 -1.300000
3.564 -1.300000
3.566 -1.300000
3.568 -1.300000
3.570 -1.300000
3.572 -1.300000
3.574 -1.300000
3.576 -1.300000
3.578 -1.300000
3.580 -1.300000
3.582 -1.300000
3.584 -1.300000
3.586 -1.300000
3.588 -1.300000
3.590 -1.300000
3.592 -1.300000
3.594 -1.300000
3.596 -1.300000
3.598 -1.300000
3.600 -1.300000
3.602 -1.300000
3.604 -1.300000
3.606 -1.300000
3.608 -1.300000
3.610 -1.300000
3.612 -1.300000
3.614 -1.300000
3.616 -1.300000
3.618 -1.300000
3.620 -1.300000
3.622 -1.300000
3.624 -1.300000
3.626 -1.300000
3.628 -1.300000
3.630 -1.300000
3.632 -1.300000
3.634 -1.300000
3.636 -1.300000
3.638 -1.300000
3.640 -1.300000
3.642 -1.300000
3.644 -1.300000
3.646 -1.300000
3.648 -1.300000
3.650 -1.300000
3.652 -1.300000
3.654 -1.300000
3.656 -1.300000
3.658 -1.300000
3.660 -1.300000
3.662 -1.300000
3.664 -1.300000
3.666 -1.300000
3.668 -1.300000
3.670 -1.300000
3.672 -1.300000
3.674 -1.300000
3.676 -1.300000
3.678 -1.300000
3.680 -1.300000
3.682 -1.300000
3.684 -1.300000
3.686 -1.300000
3.688 -1.300000
3.690 -1.300000
3.692 -1.300000
3.694 -1.300000
3.696 -1.300000
3.698 -1.300000
3.700 -1.300000
3.702 -1.300000
3.704 -1.300000
3.706 -1.300000
3.708 -1.300000
3.710 -1.300000
3.712 -1.300000
3.714 -1.300000
3.716 -1.300000
3.718 -1.300000
3.720 -1.300000
3.722 -1.300000
3.724 -1.300000
3.726 -1.300000
3.728 -1.300000
3.730 -1.300000
3.732 -1.300000
3.734 -1.300000
3.736 -1.300000
3.738 -1.300000
3.740 -1.300000
3.742 -1.300000
3.744 -1.300000
3.746 -1.300000
3.748 -1.300000
3.750 -1.300000
3.752 -1.300000
3.754 -1.300000
3.756 -1.300000
3.758 -1.300000
3.760 -1.300000
3.762 -1.300000
3.764 -1.300000
3.766 -1.300000
3.768 -1.300000
3.770 -1.300000
3.772 -1.300000
3.774 -1.300000
3.776 -1.300000
3.778 -1.300000
3.780 -1.300000
3.782 -1.300000
3.784 -1.300000
3.786 -1.300000
3.788 -1.300000
3.790 -1.300000
3.792 -1.300000
3.794 -1.300000
3.796 -1.300000
3.798 -1.300000
3.800 -1.300000
3.802 -1.300000
3.804 -1.300000
3.806 -1.300000
3.808 -1.300000
3.810 -1.300000
3.812 -1.300000
3.814 -1.300000
3.816 -1.300000
3.818 -1.300000
3.820 -1.300000
3.822 -1.300000
3.824 -1.300000
3.826 -1.300000
3.828 -1.300000
3.830 -1.300000
3.832 -1.300000
3.834 -1.300000
3.836 -1.300000
3.838 -1.300000
3.840 -1.300000
3.842 -1.300000
3.844 -1.300000
3.846 -1.300000
3.848 -1.300000
3.850 -1.300000
3.852 -1.300000
3.854 -1.300000
3.856 -1.300000
3.858 -1.300000
3.860 -1.300000
3.862 -1.300000
3.864 -1.300000
3.866 -1.300000
3.868 -1.300000
3.870 -1.300000
3.872 -1.300000
3.874 -1.300000
3.876 -1.300000
3.878 -1.300000
3.880 -1.300000
3.882 -1.300000
3.884 -1.300000
3.886 -1.300000
3.888 -1.300000
3.890 -1.300000
3.892 -1.300000
3.894 -1.300000
3.896 -1.300000
3.898 -1.300000
3.900 -1.300000
3.902 -1.300000
3.904 -1.300000
3.906 -1.300000
3.908 -1.300000
3.910 -1.300000
3.912 -1.300000
3.914 -1.300000
3.916 -1.300000
3.918 -1.300000
3.920 -1.300000
3.922 -1.300000
3.924 -1.300000
3.926 -1.300000
3.928 -1.300000
3.930 -1.300000
3.932 -1.300000
3.934 -1.300000
3.936 -1.300000
3.938 -1.300000
3.940 -1.300000
3.942 -1.300000
3.944 -1.300000
3.946 -1.300000
3.948 -1.300000
3.950 -1.300000
3.952 -1.300000
3.954 -1.300000
3.956 -1.300000
3.958 -1.300000
3.960 -1.300000
3.962 -1.300000
3.964 -1.300000
3.966 -1.300000
3.968 -1.300000
3.970 -1.300000
3.972 -1.300000
3.974 -1.300000
3.976 -1.300000
3.978 -1.300000
3.980 -1.300000
3.982 -1.300000
3.984 -1.300000
3.986 -1.300000
3.988 -1.300000
3.990 -1.300000
3.992 -1.300000
3.994 -1.300000
3.996 -1.300000
3.998 -1.300000
4.000 -1.300000
4.002 -1.300000
4.004 -1.300000
4.006 -1.300000
4.008 -1.300000
4.010 -1.300000
4.012 -1.300000
4.014 -1.300000
4.016 -1.300000
4.018 -1.300000
4.020 -1.300000
4.022 -1.300000
4.024 -1.300000
4.026 -1.300000
4.028 -1.300000
4.030 -1.300000
4.032 -1.300000
4.034 -1.300000
4.036 -1.300000
4.038 -1.300000
4.040 -1.300000
4.042 -1.300000
4.044 -1.300000
4.046 -1.300000
4.048 -1.300000
4.050 -1.300000
4.052 -1.300000
4.054 -1.300000
4.056 -1.300000
4.058 -1.300000
4.060 -1.300000
4.062 -1.300000
4.064 -1.300000
4.066 -1.300000
4.068 -1.300000
4.070 -1.300000
4.072 -1.300000
4.074 -1.300000
4.076 -1.300000
4.078 -1.300000
4.080 -1.300000
4.082 -1.300000
4.084 -1.300000
4.086 -1.300000
4.088 -1.300000
4.090 -1.300000
4.092 -1.300000
4.094 -1.300000
4.096 -1.300000
4.098 -1.300000
4.100 -1.300000
4.102 -1.300000
4.104 -1.300000
4.106 -1.300000
4.108 -1.300000
4.110 -1.300000
4.112 -1.300000
4.114 -1.300000
4.116 -1.300000
4.118 -1.300000
4.120 -1.300000
4.122 -1.300000
4.124 -1.300000
4.126 -1.300000
4.128 -1.300000
4.130 -1.300000
4.132 -1.300000
4.134 -1.300000
4.136 -1.300000
4.138 -1.300000
4.140 -1.300000
4.142 -1.300000
4.144 -1.300000
4.146 -1.300000
4.148 -1.300000
4.150 -1.300000
4.152 -1.300000
4.154 -1.300000
4.156 -1.300000
4.158 -1.300000
4.160 -1.300000
4.162 -1.300000
4.164 -1.300000
4.166 -1.300000
4.168 -1.300000
4.170 -1.300000
4.172 -1.300000
4.174 -1.300000
4.176 -1.300000
4.178 -1.300000
4.180 -1.300000
4.182 -1.300000
4.184 -1.300000
4.186 -1.300000
4.188 -1.300000
4.190 -1.300000
4.192 -1.300000
4.194 -1.300000
4.196 -1.300000
4.198 -1.300000
4.200 -1.300000
4.202 -1.300000
4.204 -1.300000
4.206 -1.300000
4.208 -1.300000
4.210 -1.300000
4.212 -1.300000
4.214 -1.300000
4.216 -1.300000
4.218 -1.300000
4.220 -1.300000
4.222 -1.300000
4.224 -1.300000
4.226 -1.300000
4.228 -1.300000
4.230 -1.300000
4.232 -1.300000
4.234 -1.300000
4.236 -1.300000
4.238 -1.300000
4.240 -1.300000
4.242 -1.300000
4.244 -1.300000
4.246 -1.300000
4.248 -1.300000
4.250 -1.300000
4.252 -1.300000
4.254 -1.300000
4.256 -1.300000
4.258 -1.300000
4.260 -1.300000
4.262 -1.300000
4.264 -1.300000
4.266 -1.300000
4.268 -1.300000
4.270 -1.300000
4.272 -1.300000
4.274 -1.300000
4.276 -1.300000
4.278 -1.300000
4.280 -1.300000
4.282 -1.300000
4.284 -1.300000
4.286 -1.300000
4.288 -1.300000
4.290 -1.300000
4.292 -1.300000
4.294 -1.300000
4.296 -1.300000
4.298 -1.300000
4.300 -1.300000
4.302 -1.300000
4.304 -1.300000
4.306 -1.300000
4.308 -1.300000
4.310 -1.300000
4.312 -1.300000
4.314 -1.300000
4.316 -1.300000
4.318 -1.300000
4.320 -1.300000
4.322 -1.300000
4.324 -1.300000
4.326 -1.300000
4.328 -1.300000
4.330 -1.300000
4.332 -1.300000
4.334 -1.300000
4.336 -1.300000
4.338 -1.300000
4.340 -1.300000
4.342 -1.300000
4.344 -1.300000
4.346 -1.300000
4.348 -1.300000
4.350 -1.300000
4.352 -1.300000
4.354 -1.300000
4.356 -1.300000
4.358 -1.300000
4.360 -1.300000
4.362 -1.300000
4.364 -1.300000
4.366 -1.300000
4.368 -1.300000
4.370 -1.300000
4.372 -1.300000
4.374 -1.300000
4.376 -1.300000
4.378 -1.300000
4.380 -1.300000
4.382 -1.300000
4.384 -1.300000
4.386 -1.300000
4.388 -1.300000
4.390 -1.300000
4.392 -1.300000
4.394 -1.300000
4.396 -1.300000
4.398 -1.300000
4.400 -1.300000
4.402 -1.300000
4.404 -1.300000
4.406 -1.300000
4.408 -1.300000
4.410 -1.300000
4.412 -1.300000
4.414 -1.300000
4.416 -1.300000
4.418 -1.300000
4.420 -1.300000
4.422 -1.300000
4.424 -1.300000
4.426 -1.300000
4.428 -1.300000
4.430 -1.300000
4.432 -1.300000
4.434 -1.300000
4.436 -1.300000
4.438 -1.300000
4.440 -1.300000
4.442 -1.300000
4.444 -1.300000
4.446 -1.300000
4.448 -1.300000
4.450 -1.300000
4.452 -1.300000
4.454 -1.300000
4.456 -1.300000
4.458 -1.300000
4.460 -1.300000
4.462 -1.300000
4.464 -1.300000
4.466 -1.300000
4.468 -1.300000
4.470 -1.300000
4.472 -1.300000
4.474 -1.300000
4.476 -1.300000
4.478 -1.300000
4.480 -1.300000
4.482 -1.300000
4.484 -1.300000
4.486 -1.300000
4.488 -1.300000
4.490 -1.300000
4.492 -1.300000
4.494 -1.300000
4.496 -1.300000
4.498 -1.300000
4.500 -1.300000
4.502 -1.300000
4.504 -1.300000
4.506 -1.300000
4.508 -1.300000
4.510 -1.300000
4.512 -1.300000
4.514 -1.300000
4.516 -1.300000
4.518 -1.300000
4.520 -1.300000
4.522 -1.300000
4.524 -1.300000
4.526 -1.300000
4.528 -1.300000
4.530 -1.300000
4.532 -1.300000
4.534 -1.300000
4.536 -1.300000
4.538 -1.300000
4.540 -1.300000
4.542 -1.300000
4.544 -1.300000
4.546 -1.300000
4.548 -1.300000
4.550 -1.300000
4.552 -1.300000
4.554 -1.300000
4.556 -1.300000
4.558 -1.300000
4.560 -1.300000
4.562 -1.300000
4.564 -1.300000
4.566 -1.300000
4.568 -1.300000
4.570 -1.300000
4.572 -1.300000
4.574 -1.300000
4.576 -1.300000
4.578 -1.300000
4.580 -1.300000
4.582 -1.300000
4.584 -1.300000
4.586 -1.300000
4.588 -1.300000
4.590 -1.300000
4.592 -1.300000
4.594 -1.300000
4.596 -1.300000
4.598 -1.300000
4.600 -1.300000
4.602 -1.300000
4.604 -1.300000
4.606 -1.300000
4.608 -1.300000
4.610 -1.300000
4.612 -1.300000
4.614 -1.300000
4.616 -1.300000
4.618 -1.300000
4.620 -1.300000
4.622 -1.300000
4.624 -1.300000
4.626 -1.300000
4.628 -1.300000
4.630 -1.300000
4.632 -1.300000
4.634 -1.300000
4.636 -1.300000
4.638 -1.300000
4.640 -1.300000
4.642 -1.300000
4.644 -1.300000
4.646 -1.300000
4.648 -1.300000
4.650 -1.300000
4.652 -1.300000
4.654 -1.300000
4.656 -1.300000
4.658 -1.300000
4.660 -1.300000
4.662 -1.300000
4.664 -1.300000
4.666 -1.300000
4.668 -1.300000
4.670 -1.300000
4.672 -1.300000
4.674 -1.300000
4.676 -1.300000
4.678 -1.300000
4.680 -1.300000
4.682 -1.300000
4.684 -1.300000
4.686 -1.300000
4.688 -1.300000
4.690 -1.300000
4.692 -1.300000
4.694 -1.300000
4.696 -1.300000
4.698 -1.300000
4.700 -1.300000
4.702 -1.300000
4.704 -1.300000
4.706 -1.300000
4.708 -1.300000
4.710 -1.300000
4.712 -1.300000
4.714 -1.300000
4.716 -1.300000
4.718 -1.300000
4.720 -1.300000
4.722 -1.300000
4.724 -1.300000
4.726 -1.300000
4.728 -1.300000
4.730 -1.300000
4.732 -1.300000
4.734 -1.300000
4.736 -1.300000
4.738 -1.300000
4.740 -1.300000
4.742 -1.300000
4.744 -1.300000
4.746 -1.300000
4.748 -1.300000
4.750 -1.300000
4.752 -1.300000
4.754 -1.300000
4.756 -1.300000
4.758 -1.300000
4.760 -1.300000
4.762 -1.300000
4.764 -1.300000
4.766 -1.300000
4.768 -1.300000
4.770 -1.300000
4.772 -1.300000
4.774 -1.300000
4.776 -1.300000
4.778 -1.300000
4.780 -1.300000
4.782 -1.300000
4.784 -1.300000
4.786 -1.300000
4.788 -1.300000
4.790 -1.300000
4.792 -1.300000
4.794 -1.300000
4.796 -1.300000
4.798 -1.300000
4.800 -1.300000
4.802 -1.300000
4.804 -1.300000
4.806 -1.300000
4.808 -1.300000
4.810 -1.300000
4.812 -1.300000
4.814 -1.300000
4.816 -1.300000
4.818 -1.300000
4.820 -1.300000
4.822 -1.300000
4.824 -1.300000
4.826 -1.300000
4.828 -1.300000
4.830 -1.300000
4.832 -1.300000
4.834 -1.300000
4.836 -1.300000
4.838 -1.300000
4.840 -1.300000
4.842 -1.300000
4.844 -1.300000
4.846 -1.300000
4.848 -1.300000
4.850 -1.300000
4.852 -1.300000
4.854 -1.300000
4.856 -1.300000
4.858 -1.300000
4.860 -1.300000
4.862 -1.300000
4.864 -1.300000
4.866 -1.300000
4.868 -1.300000
4.870 -1.300000
4.872 -1.300000
4.874 -1.300000
4.876 -1.300000
4.878 -1.300000
4.880 -1.300000
4.882 -1.300000
4.884 -1.300000
4.886 -1.300000
4.888 -1.300000
4.890 -1.300000
4.892 -1.300000
4.894 -1.300000
4.896 -1.300000
4.898 -1.300000
4.900 -1.300000
4.902 -1.300000
4.904 -1.300000
4.906 -1.300000
4.908 -1.300000
4.910 -1.300000
4.912 -1.300000
4.914 -1.300000
4.916 -1.300000
4.918 -1.300000
4.920 -1.300000
4.922 -1.300000
4.924 -1.300000
4.926 -1.300000
4.928 -1.300000
4.930 -1.300000
4.932 -1.300000
4.934 -1.300000
4.936 -1.300000
4.938 -1.300000
4.940 -1.300000
4.942 -1.300000
4.944 -1.300000
4.946 -1.300000
4.948 -1.300000
4.950 -1.300000
4.952 -1.300000
4.954 -1.300000
4.956 -1.300000
4.958 -1.300000
4.960 -1.300000
4.962 -1.300000
4.964 -1.300000
4.966 -1.300000
4.968 -1.300000
4.970 -1.300000
4.972 -1.300000
4.974 -1.300000
4.976 -1.300000
4.978 -1.300000
4.980 -1.300000
4.982 -1.300000
4.984 -1.300000
4.986 -1.300000
4.988 -1.300000
4.990 -1.300000
4.992 -1.300000
4.994 -1.300000
4.996 -1.300000
4.998 -1.300000
5.000 -1.300000
5.002 -1.300000
5.004 -1.300000
5.006 -1.300000
5.008 -1.300000
5.010 -1.300000
5.012 -1.300000
5.014 -1.300000
5.016 -1.300000
5.018 -1.300000
5.020 -1.300000
5.022 -1.300000
5.024 -1.300000
5.026 -1.300000
5.028 -1.300000
5.030 -1.300000
5.032 -1.300000
5.034 -1.300000
5.036 -1.300000
5.038 -1.300000
5.040 -1.300000
5.042 -1.300000
5.044 -1.300000
5.046 -1.300000
5.048 -1.300000
5.050 -1.300000
5.052 -1.300000
5.054 -1.300000
5.056 -1.300000
5.058 -1.300000
5.060 -1.300000
5.062 -1.300000
5.064 -1.300000
5.066 -1.300000
5.068 -1.300000
5.070 -1.300000
5.072 -1.300000
5.074 -1.300000
5.076 -1.300000
5.078 -1.300000
5.080 -1.300000
5.082 -1.300000
5.084 -1.300000
5.086 -1.300000
5.088 -1.300000
5.090 -1.300000
5.092 -1.300000
5.094 -1.300000
5.096 -1.300000
5.098 -1.300000
5.100 -1.300000
5.102 -1.300000
5.104 -1.300000
5.106 -1.300000
5.108 -1.300000
5.110 -1.300000
5.112 -1.300000
5.114 -1.300000
5.116 -1.300000
5.118 -1.300000
5.120 -1.300000
5.122 -1.300000
5.124 -1.300000
5.126 -1.300000
5.128 -1.300000
5.130 -1.300000
5.132 -1.300000
5.134 -1.300000
5.136 -1.300000
5.138 -1.300000
5.140 -1.300000
5.142 -1.300000
5.144 -1.300000
5.146 -1.300000
5.148 -1.300000
5.150 -1.300000
5.152 -1.300000
5.154 -1.300000
5.156 -1.300000
5.158 -1.300000
5.160 -1.300000
5.162 -1.300000
5.164 -1.300000
5.166 -1.300000
5.168 -1.300000
5.170 -1.300000
5.172 -1.300000
5.174 -1.300000
5.176 -1.300000
5.178 -1.300000
5.180 -1.300000
5.182 -1.300000
5.184 -1.300000
5.186 -1.300000
5.188 -1.300000
5.190 -1.300000
5.192 -1.300000
5.194 -1.300000
5.196 -1.300000
5.198 -1.300000
5.200 -1.300000
5.202 -1.300000
5.204 -1.300000
5.206 -1.300000
5.208 -1.300000
5.210 -1.300000
5.212 -1.300000
5.214 -1.300000
5.216 -1.300000
5.218 -1.300000
5.220 -1.300000
5.222 -1.300000
5.224 -1.300000
5.226 -1.300000
5.228 -1.300000
5.230 -1.300000
5.232 -1.300000
5.234 -1.300000
5.236 -1.300000
5.238 -1.300000
5.240 -1.300000
5.242 -1.300000
5.244 -1.300000
5.246 -1.300000
5.248 -1.300000
5.250 -1.300000
5.252 -1.300000
5.254 -1.300000
5.256 -1.300000
5.258 -1.300000
5.260 -1.300000
5.262 -1.300000
5.264 -1.300000
5.266 -1.300000
5.268 -1.300000
5.270 -1.300000
5.272 -1.300000
5.274 -1.300000
5.276 -1.300000
5.278 -1.300000
5.280 -1.300000
5.282 -1.300000
5.284 -1.300000
5.286 -1.300000
5.288 -1.300000
5.290 -1.300000
5.292 -1.300000
5.294 -1.300000
5.296 -1.300000
5.298 -1.300000
5.300 -1.300000
5.302 -1.300000
5.304 -1.300000
5.306 -1.300000
5.308 -1.300000
5.310 -1.300000
5.312 -1.300000
5.314 -1.300000
5.316 -1.300000
5.318 -1.300000
5.320 -1.300000
5.322 -1.300000
5.324 -1.300000
5.326 -1.300000
5.328 -1.300000
5.330 -1.300000
5.332 -1.300000
5.334 -1.300000
5.336 -1.300000
5.338 -1.300000
5.340 -1.300000
5.342 -1.300000
5.344 -1.300000
5.346 -1.300000
5.348 -1.300000
5.350 -1.300000
5.352 -1.300000
5.354 -1.300000
5.356 -1.300000
5.358 -1.300000
5.360 -1.300000
5.362 -1.300000
5.364 -1.300000
5.366 -1.300000
5.368 -1.300000
5.370 -1.300000
5.372 -1.300000
5.374 -1.300000
5.376 -1.300000
5.378 -1.300000
5.380 -1.300000
5.382 -1.300000
5.384 -1.300000
5.386 -1.300000
5.388 -1.300000
5.390 -1.300000
5.392 -1.300000
5.394 -1.300000
5.396 -1.300000
5.398 -1.300000
5.400 -1.300000
5.402 -1.300000
5.404 -1.300000
5.406 -1.300000
5.408 -1.300000
5.410 -1.300000
5.412 -1.300000
5.414 -1.300000
5.416 -1.300000
5.418 -1.300000
5.420 -1.300000
5.422 -1.300000
5.424 -1.300000
5.426 -1.300000
5.428 -1.300000
5.430 -1.300000
5.432 -1.300000
5.434 -1.300000
5.436 -1.300000
5.438 -1.300000
5.440 -1.300000
5.442 -1.300000
5.444 -1.300000
5.446 -1.300000
5.448 -1.300000
5.450 -1.300000
5.452 -1.300000
5.454 -1.300000
5.456 -1.300000
5.458 -1.300000
5.460 -1.300000
5.462 -1.300000
5.464 -1.300000
5.466 -1.300000
5.468 -1.300000
5.470 -1.300000
5.472 -1.300000
5.474 -1.300000
5.476 -1.300000
5.478 -1.300000
5.480 -1.300000
5.482 -1.300000
5.484 -1.300000
5.486 -1.300000
5.488 -1.300000
5.490 -1.300000
5.492 -1.300000
5.494 -1.300000
5.496 -1.300000
5.498 -1.300000
5.500 -1.300000
5.502 -1.300000
5.504 -1.300000
5.506 -1.300000
5.508 -1.300000
5.510 -1.300000
5.512 -1.300000
5.514 -1.300000
5.516 -1.300000
5.518 -1.300000
5.520 -1.300000
5.522 -1.300000
5.524 -1.300000
5.526 -1.300000
5.528 -1.300000
5.530 -1.300000
5.532 -1.300000
5.534 -1.300000
5.536 -1.300000
5.538 -1.300000
5.540 -1.300000
5.542 -1.300000
5.544 -1.300000
5.546 -1.300000
5.548 -1.300000
5.550 -1.300000
5.552 -1.300000
5.554 -1.300000
5.556 -1.300000
5.558 -1.300000
5.560 -1.300000
5.562 -1.300000
5.564 -1.300000
5.566 -1.300000
5.568 -1.300000
5.570 -1.300000
5.572 -1.300000
5.574 -1.300000
5.576 -1.300000
5.578 -1.300000
5.580 -1.300000
5.582 -1.300000
5.584 -1.300000
5.586 -1.300000
5.588 -1.300000
5.590 -1.300000
5.592 -1.300000
5.594 -1.300000
5.596 -1.300000
5.598 -1.300000
5.600 -1.300000
5.602 -1.300000
5.604 -1.300000
5.606 -1.300000
5.608 -1.300000
5.610 -1.300000
5.612 -1.300000
5.614 -1.300000
5.616 -1.300000
5.618 -1.300000
5.620 -1.300000
5.622 -1.300000
5.624 -1.300000
5.626 -1.300000
5.628 -1.300000
5.630 -1.300000
5.632 -1.300000
5.634 -1.300000
5.636 -1.300000
5.638 -1.300000
5.640 -1.300000
5.642 -1.300000
5.644 -1.300000
5.646 -1.300000
5.648 -1.300000
5.650 -1.300000
5.652 -1.300000
5.654 -1.300000
5.656 -1.300000
5.658 -1.300000
5.660 -1.300000
5.662 -1.300000
5.664 -1.300000
5.666 -1.300000
5.668 -1.300000
5.670 -1.300000
5.672 -1.300000
5.674 -1.300000
5.676 -1.300000
5.678 -1.300000
5.680 -1.300000
5.682 -1.300000
5.684 -1.300000
5.686 -1.300000
5.688 -1.300000
5.690 -1.300000
5.692 -1.300000
5.694 -1.300000
5.696 -1.300000
5.698 -1.300000
5.700 -1.300000
5.702 -1.300000
5.704 -1.300000
5.706 -1.300000
5.708 -1.300000
5.710 -1.300000
5.712 -1.300000
5.714 -1.300000
5.716 -1.300000
5.718 -1.300000
5.720 -1.300000
5.722 -1.300000
5.724 -1.300000
5.726 -1.300000
5.728 -1.300000
5.730 -1.300000
5.732 -1.300000
5.734 -1.300000
5.736 -1.300000
5.738 -1.300000
5.740 -1.300000
5.742 -1.300000
5.744 -1.300000
5.746 -1.300000
5.748 -1.300000
5.750 -1.300000
5.752 -1.300000
5.754 -1.300000
5.756 -1.300000
5.758 -1.300000
5.760 -1.300000
5.762 -1.300000
5.764 -1.300000
5.766 -1.300000
5.768 -1.300000
5.770 -1.300000
5.772 -1.300000
5.774 -1.300000
5.776 -1.300000
5.778 -1.300000
5.780 -1.300000
5.782 -1.300000
5.784 -1.300000
5.786 -1.300000
5.788 -1.300000
5.790 -1.300000
5.792 -1.300000
5.794 -1.300000
5.796 -1.300000
5.798 -1.300000
5.800 -1.300000
5.802 -1.300000
5.804 -1.300000
5.806 -1.300000
5.808 -1.300000
5.810 -1.300000
5.812 -1.300000
5.814 -1.300000
5.816 -1.300000
5.818 -1.300000
5.820 -1.300000
5.822 -1.300000
5.824 -1.300000
5.826 -1.300000
5.828 -1.300000
5.830 -1.300000
5.832 -1.300000
5.834 -1.300000
5.836 -1.300000
5.838 -1.300000
5.840 -1.300000
5.842 -1.300000
5.844 -1.300000
5.846 -1.300000
5.848 -1.300000
5.850 -1.300000
5.852 -1.300000
5.854 -1.300000
5.856 -1.300000
5.858 -1.300000
5.860 -1.300000
5.862 -1.300000
5.864 -1.300000
5.866 -1.300000
5.868 -1.300000
5.870 -1.300000
5.872 -1.300000
5.874 -1.300000
5.876 -1.300000
5.878 -1.300000
5.880 -1.300000
5.882 -1.300000
5.884 -1.300000
5.886 -1.300000
5.888 -1.300000
5.890 -1.300000
5.892 -1.300000
5.894 -1.300000
5.896 -1.300000
5.898 -1.300000
5.900 -1.300000
5.902 -1.300000
5.904 -1.300000
5.906 -1.300000
5.908 -1.300000
5.910 -1.300000
5.912 -1.300000
5.914 -1.300000
5.916 -1.300000
5.918 -1.300000
5.920 -1.300000
5.922 -1.300000
5.924 -1.300000
5.926 -1.300000
5.928 -1.300000
5.930 -1.300000
5.932 -1.300000
5.934 -1.300000
5.936 -1.300000
5.938 -1.300000
5.940 -1.300000
5.942 -1.300000
5.944 -1.300000
5.946 -1.300000
5.948 -1.300000
5.950 -1.300000
5.952 -1.300000
5.954 -1.300000
5.956 -1.300000
5.958 -1.300000
5.960 -1.300000
5.962 -1.300000
5.964 -1.300000
5.966 -1.300000
5.968 -1.300000
5.970 -1.300000
5.972 -1.300000
5.974 -1.300000
5.976 -1.300000
5.978 -1.300000
5.980 -1.300000
5.982 -1.300000
5.984 -1.300000
5.986 -1.300000
5.988 -1.300000
5.990 -1.300000
5.992 -1.300000
5.994 -1.300000
5.996 -1.300000
5.998 -1.300000
6.000 -1.300000
6.002 -1.300000
6.004 -1.300000
6.006 -1.300000
6.008 -1.300000
6.010 -1.300000
6.012 -1.300000
6.014 -1.300000
6.016 -1.300000
6.018 -1.300000
6.020 -1.300000
6.022 -1.300000
6.024 -1.300000
6.026 -1.300000
6.028 -1.300000
6.030 -1.300000
6.032 -1.300000
6.034 -1.300000
6.036 -1.300000
6.038 -1.300000
6.040 -1.300000
6.042 -1.300000
6.044 -1.300000
6.046 -1.300000
6.048 -1.300000
6.050 -1.300000
6.052 -1.300000
6.054 -1.300000
6.056 -1.300000
6.058 -1.300000
6.060 -1.300000
6.062 -1.300000
6.064 -1.300000
6.066 -1.300000
6.068 -1.300000
6.070 -1.300000
6.072 -1.300000
6.074 -1.300000
6.076 -1.300000
6.078 -1.300000
6.080 -1.300000
6.082 -1.300000
6.084 -1.300000
6.086 -1.300000
6.088 -1.300000
6.090 -1.300000
6.092 -1.300000
6.094 -1.300000
6.096 -1.300000
6.098 -1.300000
6.100 -1.300000
6.102 -1.300000
6.104 -1.300000
6.106 -1.300000
6.108 -1.300000
6.110 -1.300000
6.112 -1.300000
6.114 -1.300000
6.116 -1.300000
6.118 -1.300000
6.120 -1.300000
6.122 -1.300000
6.124 -1.300000
6.126 -1.300000
6.128 -1.300000
6.130 -1.300000
6.132 -1.300000
6.134 -1.300000
6.136 -1.300000
6.138 -1.300000
6.140 -1.300000
6.142 -1.300000
6.144 -1.300000
6.146 -1.300000
6.148 -1.300000
6.150 -1.300000
6.152 -1.300000
6.154 -1.300000
6.156 -1.300000
6.158 -1.300000
6.160 -1.300000
6.162 -1.300000
6.164 -1.300000
6.166 -1.300000
6.168 -1.300000
6.170 -1.300000
6.172 -1.300000
6.174 -1.300000
6.176 -1.300000
6.178 -1.300000
6.180 -1.300000
6.182 -1.300000
6.184 -1.300000
6.186 -1.300000
6.188 -1.300000
6.190 -1.300000
6.192 -1.300000
6.194 -1.300000
6.196 -1.300000
6.198 -1.300000
6.200 -1.300000
6.202 -1.300000
6.204 -1.300000
6.206 -1.300000
6.208 -1.300000
6.210 -1.300000
6.212 -1.300000
6.214 -1.300000
6.216 -1.300000
6.218 -1.300000
6.220 -1.300000
6.222 -1.300000
6.224 -1.300000
6.226 -1.300000
6.228 -1.300000
6.230 -1.300000
6.232 -1.300000
6.234 -1.300000
6.236 -1.300000
6.238 -1.300000
6.240 -1.300000
6.242 -1.300000
6.244 -1.300000
6.246 -1.300000
6.248 -1.300000
6.250 -1.300000
6.252 -1.300000
6.254 -1.300000
6.256 -1.300000
6.258 -1.300000
6.260 -1.300000
6.262 -1.300000
6.264 -1.300000
6.266 -1.300000
6.268 -1.300000
6.270 -1.300000
6.272 -1.300000
6.274 -1.300000
6.276 -1.300000
6.278 -1.300000
6.280 -1.300000
6.282 -1.300000
6.284 -1.300000
6.286 -1.300000
6.288 -1.300000
6.290 -1.300000
6.292 -1.300000
6.294 -1.300000
6.296 -1.300000
6.298 -1.300000
6.300 -1.300000
6.302 -1.300000
6.304 -1.300000
6.306 -1.300000
6.308 -1.300000
6.310 -1.300000
6.312 -1.300000
6.314 -1.300000
6.316 -1.300000
6.318 -1.300000
6.320 -1.300000
6.322 -1.300000
6.324 -1.300000
6.326 -1.300000
6.328 -1.300000
6.330 -1.300000
6.332 -1.300000
6.334 -1.300000
6.336 -1.300000
6.338 -1.300000
6.340 -1.300000
6.342 -1.300000
6.344 -1.300000
6.346 -1.300000
6.348 -1.300000
6.350 -1.300000
6.352 -1.300000
6.354 -1.300000
6.356 -1.300000
6.358 -1.300000
6.360 -1.300000
6.362 -1.300000
6.364 -1.300000
6.366 -1.300000
6.368 -1.300000
6.370 -1.300000
6.372 -1.300000
6.374 -1.300000
6.376 -1.300000
6.378 -1.300000
6.380 -1.300000
6.382 -1.300000
6.384 -1.300000
6.386 -1.300000
6.388 -1.300000
6.390 -1.300000
6.392 -1.300000
6.394 -1.300000
6.396 -1.300000
6.398 -1.300000
6.400 -1.300000
6.402 -1.300000
6.404 -1.300000
6.406 -1.300000
6.408 -1.300000
6.410 -1.300000
6.412 -1.300000
6.414 -1.300000
6.416 -1.300000
6.418 -1.300000
6.420 -1.300000
6.422 -1.300000
6.424 -1.300000
6.426 -1.300000
6.428 -1.300000
6.430 -1.300000
6.432 -1.300000
6.434 -1.300000
6.436 -1.300000
6.438 -1.300000
6.440 -1.300000
6.442 -1.300000
6.444 -1.300000
6.446 -1.300000
6.448 -1.300000
6.450 -1.300000
6.452 -1.300000
6.454 -1.300000
6.456 -1.300000
6.458 -1.300000
6.460 -1.300000
6.462 -1.300000
6.464 -1.300000
6.466 -1.300000
6.468 -1.300000
6.470 -1.300000
6.472 -1.300000
6.474 -1.300000
6.476 -1.300000
6.478 -1.300000
6.480 -1.300000
6.482 -1.300000
6.484 -1.300000
6.486 -1.300000
6.488 -1.300000
6.490 -1.300000
6.492 -1.300000
6.494 -1.300000
6.496 -1.300000
6.498 -1.300000
6.500 -1.300000
6.502 -1.300000
6.504 -1.300000
6.506 -1.300000
6.508 -1.300000
6.510 -1.300000
6.512 -1.300000
6.514 -1.300000
6.516 -1.300000
6.518 -1.300000
6.520 -1.300000
6.522 -1.300000
6.524 -1.300000
6.526 -1.300000
6.528 -1.300000
6.530 -1.300000
6.532 -1.300000
6.534 -1.300000
6.536 -1.300000
6.538 -1.300000
6.540 -1.300000
6.542 -1.300000
6.544 -1.300000
6.546 -1.300000
6.548 -1.300000
6.550 -1.300000
6.552 -1.300000
6.554 -1.300000
6.556 -1.300000
6.558 -1.300000
6.560 -1.300000
6.562 -1.300000
6.564 -1.300000
6.566 -1.300000
6.568 -1.300000
6.570 -1.300000
6.572 -1.300000
6.574 -1.300000
6.576 -1.300000
6.578 -1.300000
6.580 -1.300000
6.582 -1.300000
6.584 -1.300000
6.586 -1.300000
6.588 -1.300000
6.590 -1.300000
6.592 -1.300000
6.594 -1.300000
6.596 -1.300000
6.598 -1.300000
6.600 -1.300000
6.602 -1.300000
6.604 -1.300000
6.606 -1.300000
6.608 -1.300000
6.610 -1.300000
6.612 -1.300000
6.614 -1.300000
6.616 -1.300000
6.618 -1.300000
6.620 -1.300000
6.622 -1.300000
6.624 -1.300000
6.626 -1.300000
6.628 -1.300000
6.630 -1.300000
6.632 -1.300000
6.634 -1.300000
6.636 -1.300000
6.638 -1.300000
6.640 -1.300000
6.642 -1.300000
6.644 -1.300000
6.646 -1.300000
6.648 -1.300000
6.650 -1.300000
6.652 -1.300000
6.654 -1.300000
6.656 -1.300000
6.658 -1.300000
6.660 -1.300000
6.662 -1.300000
6.664 -1.300000
6.666 -1.300000
6.668 -1.300000
6.670 -1.300000
6.672 -1.300000
6.674 -1.300000
6.676 -1.300000
6.678 -1.300000
6.680 -1.300000
6.682 -1.300000
6.684 -1.300000
6.686 -1.300000
6.688 -1.300000
6.690 -1.300000
6.692 -1.300000
6.694 -1.300000
6.696 -1.300000
6.698 -1.300000
6.700 -1.300000
6.702 -1.300000
6.704 -1.300000
6.706 -1.300000
6.708 -1.300000
6.710 -1.300000
6.712 -1.300000
6.714 -1.300000
6.716 -1.300000
6.718 -1.300000
6.720 -1.300000
6.722 -1.300000
6.724 -1.300000
6.726 -1.300000
6.728 -1.300000
6.730 -1.300000
6.732 -1.300000
6.734 -1.300000
6.736 -1.300000
6.738 -1.300000
6.740 -1.300000
6.742 -1.300000
6.744 -1.300000
6.746 -1.300000
6.748 -1.300000
6.750 -1.300000
6.752 -1.300000
6.754 -1.300000
6.756 -1.300000
6.758 -1.300000
6.760 -1.300000
6.762 -1.300000
6.764 -1.300000
6.766 -1.300000
6.768 -1.300000
6.770 -1.300000
6.772 -1.300000
6.774 -1.300000
6.776 -1.300000
6.778 -1.300000
6.780 -1.300000
6.782 -1.300000
6.784 -1.300000
6.786 -1.300000
6.788 -1.300000
6.790 -1.300000
6.792 -1.300000
6.794 -1.300000
6.796 -1.300000
6.798 -1.300000
6.800 -1.300000
6.802 -1.300000
6.804 -1.300000
6.806 -1.300000
6.808 -1.300000
6.810 -1.300000
6.812 -1.300000
6.814 -1.300000
6.816 -1.300000
6.818 -1.300000
6.820 -1.300000
6.822 -1.300000
6.824 -1.300000
6.826 -1.300000
6.828 -1.300000
6.830 -1.300000
6.832 -1.300000
6.834 -1.300000
6.836 -1.300000
6.838 -1.300000
6.840 -1.300000
6.842 -1.300000
6.844 -1.300000
6.846 -1.300000
6.848 -1.300000
6.850 -1.300000
6.852 -1.300000
6.854 -1.300000
6.856 -1.300000
6.858 -1.300000
6.860 -1.300000
6.862 -1.300000
6.864 -1.300000
6.866 -1.300000
6.868 -1.300000
6.870 -1.300000
6.872 -1.300000
6.874 -1.300000
6.876 -1.300000
6.878 -1.300000
6.880 -1.300000
6.882 -1.300000
6.884 -1.300000
6.886 -1.300000
6.888 -1.300000
6.890 -1.300000
6.892 -1.300000
6.894 -1.300000
6.896 -1.300000
6.898 -1.300000
6.900 -1.300000
6.902 -1.300000
6.904 -1.300000
6.906 -1.300000
6.908 -1.300000
6.910 -1.300000
6.912 -1.300000
6.914 -1.300000
6.916 -1.300000
6.918 -1.300000
6.920 -1.300000
6.922 -1.300000
6.924 -1.300000
6.926 -1.300000
6.928 -1.300000
6.930 -1.300000
6.932 -1.300000
6.934 -1.300000
6.936 -1.300000
6.938 -1.300000
6.940 -1.300000
6.942 -1.300000
6.944 -1.300000
6.946 -1.300000
6.948 -1.300000
6.950 -1.300000
6.952 -1.300000
6.954 -1.300000
6.956 -1.300000
6.958 -1.300000
6.960 -1.300000
6.962 -1.300000
6.964 -1.300000
6.966 -1.300000
6.968 -1.300000
6.970 -1.300000
6.972 -1.300000
6.974 -1.300000
6.976 -1.300000
6.978 -1.300000
6.980 -1.300000
6.982 -1.300000
6.984 -1.300000
6.986 -1.300000
6.988 -1.300000
6.990 -1.300000
6.992 -1.300000
6.994 -1.300000
6.996 -1.300000
6.998 -1.300000
7.000 -1.300000
7.002 -1.300000
7.004 -1.300000
7.006 -1.300000
7.008 -1.300000
7.010 -1.300000
7.012 -1.300000
7.014 -1.300000
7.016 -1.300000
7.018 -1.300000
7.020 -1.300000
7.022 -1.300000
7.024 -1.300000
7.026 -1.300000
7.028 -1.300000
7.030 -1.300000
7.032 -1.300000
7.034 -1.300000
7.036 -1.300000
7.038 -1.300000
7.040 -1.300000
7.042 -1.300000
7.044 -1.300000
7.046 -1.300000
7.048 -1.300000
7.050 -1.300000
7.052 -1.300000
7.054 -1.300000
7.056 -1.300000
7.058 -1.300000
7.060 -1.300000
7.062 -1.300000
7.064 -1.300000
7.066 -1.300000
7.068 -1.300000
7.070 -1.300000
7.072 -1.300000
7.074 -1.300000
7.076 -1.300000
7.078 -1.300000
7.080 -1.300000
7.082 -1.300000
7.084 -1.300000
7.086 -1.300000
7.088 -1.300000
7.090 -1.300000
7.092 -1.300000
7.094 -1.300000
7.096 -1.300000
7.098 -1.300000
7.100 -1.300000
7.102 -1.300000
7.104 -1.300000
7.106 -1.300000
7.108 -1.300000
7.110 -1.300000
7.112 -1.300000
7.114 -1.300000
7.116 -1.300000
7.118 -1.300000
7.120 -1.300000
7.122 -1.300000
7.124 -1.300000
7.126 -1.300000
7.128 -1.300000
7.130 -1.300000
7.132 -1.300000
7.134 -1.300000
7.136 -1.300000
7.138 -1.300000
7.140 -1.300000
7.142 -1.300000
7.144 -1.300000
7.146 -1.300000
7.148 -1.300000
7.150 -1.300000
7.152 -1.300000
7.154 -1.300000
7.156 -1.300000
7.158 -1.300000
7.160 -1.300000
7.162 -1.300000
7.164 -1.300000
7.166 -1.300000
7.168 -1.300000
7.170 -1.300000
7.172 -1.300000
7.174 -1.300000
7.176 -1.300000
7.178 -1.300000
7.180 -1.300000
7.182 -1.300000
7.184 -1.300000
7.186 -1.300000
7.188 -1.300000
7.190 -1.300000
7.192 -1.300000
7.194 -1.300000
7.196 -1.300000
7.198 -1.300000
7.200 -1.300000
7.202 -1.300000
7.204 -1.300000
7.206 -1.300000
7.208 -1.300000
7.210 -1.300000
7.212 -1.300000
7.214 -1.300000
7.216 -1.300000
7.218 -1.300000
7.220 -1.300000
7.222 -1.300000
7.224 -1.300000
7.226 -1.300000
7.228 -1.300000
7.230 -1.300000
7.232 -1.300000
7.234 -1.300000
7.236 -1.300000
7.238 -1.300000
7.240 -1.300000
7.242 -1.300000
7.244 -1.300000
7.246 -1.300000
7.248 -1.300000
7.250 -1.300000
7.252 -1.300000
7.254 -1.300000
7.256 -1.300000
7.258 -1.300000
7.260 -1.300000
7.262 -1.300000
7.264 -1.300000
7.266 -1.300000
7.268 -1.300000
7.270 -1.300000
7.272 -1.300000
7.274 -1.300000
7.276 -1.300000
7.278 -1.300000
7.280 -1.300000
7.282 -1.300000
7.284 -1.300000
7.286 -1.300000
7.288 -1.300000
7.290 -1.300000
7.292 -1.300000
7.294 -1.300000
7.296 -1.300000
7.298 -1.300000
7.300 -1.300000
7.302 -1.300000
7.304 -1.300000
7.306 -1.300000
7.308 -1.300000
7.310 -1.300000
7.312 -1.300000
7.314 -1.300000
7.316 -1.300000
7.318 -1.300000
7.320 -1.300000
7.322 -1.300000
7.324 -1.300000
7.326 -1.300000
7.328 -1.300000
7.330 -1.300000
7.332 -1.300000
7.334 -1.300000
7.336 -1.300000
7.338 -1.300000
7.340 -1.300000
7.342 -1.300000
7.344 -1.300000
7.346 -1.300000
7.348 -1.300000
7.350 -1.300000
7.352 -1.300000
7.354 -1.300000
7.356 -1.300000
7.358 -1.300000
7.360 -1.300000
7.362 -1.300000
7.364 -1.300000
7.366 -1.300000
7.368 -1.300000
7.370 -1.300000
7.372 -1.300000
7.374 -1.300000
7.376 -1.300000
7.378 -1.300000
7.380 -1.300000
7.382 -1.300000
7.384 -1.300000
7.386 -1.300000
7.388 -1.300000
7.390 -1.300000
7.392 -1.300000
7.394 -1.300000
7.396 -1.300000
7.398 -1.300000
7.400 -1.300000
7.402 -1.300000
7.404 -1.300000
7.406 -1.300000
7.408 -1.300000
7.410 -1.300000
7.412 -1.300000
7.414 -1.300000
7.416 -1.300000
7.418 -1.300000
7.420 -1.300000
7.422 -1.300000
7.424 -1.300000
7.426 -1.300000
7.428 -1.300000
7.430 -1.300000
7.432 -1.300000
7.434 -1.300000
7.436 -1.300000
7.438 -1.300000
7.440 -1.300000
7.442 -1.300000
7.444 -1.300000
7.446 -1.300000
7.448 -1.300000
7.450 -1.300000
7.452 -1.300000
7.454 -1.300000
7.456 -1.300000
7.458 -1.300000
7.460 -1.300000
7.462 -1.300000
7.464 -1.300000
7.466 -1.300000
7.468 -1.300000
7.470 -1.300000
7.472 -1.300000
7.474 -1.300000
7.476 -1.300000
7.478 -1.300000
7.480 -1.300000
7.482 -1.300000
7.484 -1.300000
7.486 -1.300000
7.488 -1.300000
7.490 -1.300000
7.492 -1.300000
7.494 -1.300000
7.496 -1.300000
7.498 -1.300000
7.500 -1.300000
7.502 -1.300000
7.504 -1.300000
7.506 -1.300000
7.508 -1.300000
7.510 -1.300000
7.512 -1.300000
7.514 -1.300000
7.516 -1.300000
7.518 -1.300000
7.520 -1.300000
7.522 -1.300000
7.524 -1.300000
7.526 -1.300000
7.528 -1.300000
7.530 -1.300000
7.532 -1.300000
7.534 -1.300000
7.536 -1.300000
7.538 -1.300000
7.540 -1.300000
7.542 -1.300000
7.544 -1.300000
7.546 -1.300000
7.548 -1.300000
7.550 -1.300000
7.552 -1.300000
7.554 -1.300000
7.556 -1.300000
7.558 -1.300000
7.560 -1.300000
7.562 -1.300000
7.564 -1.300000
7.566 -1.300000
7.568 -1.300000
7.570 -1.300000
7.572 -1.300000
7.574 -1.300000
7.576 -1.300000
7.578 -1.300000
7.580 -1.300000
7.582 -1.300000
7.584 -1.300000
7.586 -1.300000
7.588 -1.300000
7.590 -1.300000
7.592 -1.300000
7.594 -1.300000
7.596 -1.300000
7.598 -1.300000
7.600 -1.300000
7.602 -1.300000
7.604 -1.300000
7.606 -1.300000
7.608 -1.300000
7.610 -1.300000
7.612 -1.300000
7.614 -1.300000
7.616 -1.300000
7.618 -1.300000
7.620 -1.300000
7.622 -1.300000
7.624 -1.300000
7.626 -1.300000
7.628 -1.300000
7.630 -1.300000
7.632 -1.300000
7.634 -1.300000
7.636 -1.300000
7.638 -1.300000
7.640 -1.300000
7.642 -1.300000
7.644 -1.300000
7.646 -1.300000
7.648 -1.300000
7.650 -1.300000
7.652 -1.300000
7.654 -1.300000
7.656 -1.300000
7.658 -1.300000
7.660 -1.300000
7.662 -1.300000
7.664 -1.300000
7.666 -1.300000
7.668 -1.300000
7.670 -1.300000
7.672 -1.300000
7.674 -1.300000
7.676 -1.300000
7.678 -1.300000
7.680 -1.300000
7.682 -1.300000
7.684 -1.300000
7.686 -1.300000
7.688 -1.300000
7.690 -1.300000
7.692 -1.300000
7.694 -1.300000
7.696 -1.300000
7.698 -1.300000
7.700 -1.300000
7.702 -1.300000
7.704 -1.300000
7.706 -1.300000
7.708 -1.300000
7.710 -1.300000
7.712 -1.300000
7.714 -1.300000
7.716 -1.300000
7.718 -1.300000
7.720 -1.300000
7.722 -1.300000
7.724 -1.300000
7.726 -1.300000
7.728 -1.300000
7.730 -1.300000
7.732 -1.300000
7.734 -1.300000
7.736 -1.300000
7.738 -1.300000
7.740 -1.300000
7.742 -1.300000
7.744 -1.300000
7.746 -1.300000
7.748 -1.300000
7.750 -1.300000
7.752 -1.300000
7.754 -1.300000
7.756 -1.300000
7.758 -1.300000
7.760 -1.300000
7.762 -1.300000
7.764 -1.300000
7.766 -1.300000
7.768 -1.300000
7.770 -1.300000
7.772 -1.300000
7.774 -1.300000
7.776 -1.300000
7.778 -1.300000
7.780 -1.300000
7.782 -1.300000
7.784 -1.300000
7.786 -1.300000
7.788 -1.300000
7.790 -1.300000
7.792 -1.300000
7.794 -1.300000
7.796 -1.300000
7.798 -1.300000
7.800 -1.300000
7.802 -1.300000
7.804 -1.300000
7.806 -1.300000
7.808 -1.300000
7.810 -1.300000
7.812 -1.300000
7.814 -1.300000
7.816 -1.300000
7.818 -1.300000
7.820 -1.300000
7.822 -1.300000
7.824 -1.300000
7.826 -1.300000
7.828 -1.300000
7.830 -1.300000
7.832 -1.300000
7.834 -1.300000
7.836 -1.300000
7.838 -1.300000
7.840 -1.300000
7.842 -1.300000
7.844 -1.300000
7.846 -1.300000
7.848 -1.300000
7.850 -1.300000
7.852 -1.300000
7.854 -1.300000
7.856 -1.300000
7.858 -1.300000
7.860 -1.300000
7.862 -1.300000
7.864 -1.300000
7.866 -1.300000
7.868 -1.300000
7.870 -1.300000
7.872 -1.300000
7.874 -1.300000
7.876 -1.300000
7.878 -1.300000
7.880 -1.300000
7.882 -1.300000
7.884 -1.300000
7.886 -1.300000
7.888 -1.300000
7.890 -1.300000
7.892 -1.300000
7.894 -1.300000
7.896 -1.300000
7.898 -1.300000
7.900 -1.300000
7.902 -1.300000
7.904 -1.300000
7.906 -1.300000
7.908 -1.300000
7.910 -1.300000
7.912 -1.300000
7.914 -1.300000
7.916 -1.300000
7.918 -1.300000
7.920 -1.300000
7.922 -1.300000
7.924 -1.300000
7.926 -1.300000
7.928 -1.300000
7.930 -1.300000
7.932 -1.300000
7.934 -1.300000
7.936 -1.300000
7.938 -1.300000
7.940 -1.300000
7.942 -1.300000
7.944 -1.300000
7.946 -1.300000
7.948 -1.300000
7.950 -1.300000
7.952 -1.300000
7.954 -1.300000
7.956 -1.300000
7.958 -1.300000
7.960 -1.300000
7.962 -1.300000
7.964 -1.300000
7.966 -1.300000
7.968 -1.300000
7.970 -1.300000
7.972 -1.300000
7.974 -1.300000
7.976 -1.300000
7.978 -1.300000
7.980 -1.300000
7.982 -1.300000
7.984 -1.300000
7.986 -1.300000
7.988 -1.300000
7.990 -1.300000
7.992 -1.300000
7.994 -1.300000
7.996 -1.300000
7.998 -1.300000
8.000 -1.300000
8.002 -1.300000
8.004 -1.300000
8.006 -1.300000
8.008 -1.300000
8.010 -1.300000
8.012 -1.300000
8.014 -1.300000
8.016 -1.300000
8.018 -1.300000
8.020 -1.300000
8.022 -1.300000
8.024 -1.300000
8.026 -1.300000
8.028 -1.300000
8.030 -1.300000
8.032 -1.300000
8.034 -1.300000
8.036 -1.300000
8.038 -1.300000
8.040 -1.300000
8.042 -1.300000
8.044 -1.300000
8.046 -1.300000
8.048 -1.300000
8.050 -1.300000
8.052 -1.300000
8.054 -1.300000
8.056 -1.300000
8.058 -1.300000
8.060 -1.300000
8.062 -1.300000
8.064 -1.300000
8.066 -1.300000
8.068 -1.300000
8.070 -1.300000
8.072 -1.300000
8.074 -1.300000
8.076 -1.300000
8.078 -1.300000
8.080 -1.300000
8.082 -1.300000
8.084 -1.300000
8.086 -1.300000
8.088 -1.300000
8.090 -1.300000
8.092 -1.300000
8.094 -1.300000
8.096 -1.300000
8.098 -1.300000
8.100 -1.300000
8.102 -1.300000
8.104 -1.300000
8.106 -1.300000
8.108 -1.300000
8.110 -1.300000
8.112 -1.300000
8.114 -1.300000
8.116 -1.300000
8.118 -1.300000
8.120 -1.300000
8.122 -1.300000
8.124 -1.300000
8.126 -1.300000
8.128 -1.300000
8.130 -1.300000
8.132 -1.300000
8.134 -1.300000
8.136 -1.300000
8.138 -1.300000
8.140 -1.300000
8.142 -1.300000
8.144 -1.300000
8.146 -1.300000
8.148 -1.300000
8.150 -1.300000
8.152 -1.300000
8.154 -1.300000
8.156 -1.300000
8.158 -1.300000
8.160 -1.300000
8.162 -1.300000
8.164 -1.300000
8.166 -1.300000
8.168 -1.300000
8.170 -1.300000
8.172 -1.300000
8.174 -1.300000
8.176 -1.300000
8.178 -1.300000
8.180 -1.300000
8.182 -1.300000
8.184 -1.300000
8.186 -1.300000
8.188 -1.300000
8.190 -1.300000
8.192 -1.300000
8.194 -1.300000
8.196 -1.300000
8.198 -1.300000
8.200 -1.300000
8.202 -1.300000
8.204 -1.300000
8.206 -1.300000
8.208 -1.300000
8.210 -1.300000
8.212 -1.300000
8.214 -1.300000
8.216 -1.300000
8.218 -1.300000
8.220 -1.300000
8.222 -1.300000
8.224 -1.300000
8.226 -1.300000
8.228 -1.300000
8.230 -1.300000
8.232 -1.300000
8.234 -1.300000
8.236 -1.300000
8.238 -1.300000
8.240 -1.300000
8.242 -1.300000
8.244 -1.300000
8.246 -1.300000
8.248 -1.300000
8.250 -1.300000
8.252 -1.300000
8.254 -1.300000
8.256 -1.300000
8.258 -1.300000
8.260 -1.300000
8.262 -1.300000
8.264 -1.300000
8.266 -1.300000
8.268 -1.300000
8.270 -1.300000
8.272 -1.300000
8.274 -1.300000
8.276 -1.300000
8.278 -1.300000
8.280 -1.300000
8.282 -1.300000
8.284 -1.300000
8.286 -1.300000
8.288 -1.300000
8.290 -1.300000
8.292 -1.300000
8.294 -1.300000
8.296 -1.300000
8.298 -1.300000
8.300 -1.300000
8.302 -1.300000
8.304 -1.300000
8.306 -1.300000
8.308 -1.300000
8.310 -1.300000
8.312 -1.300000
8.314 -1.300000
8.316 -1.300000
8.318 -1.300000
8.320 -1.300000
8.322 -1.300000
8.324 -1.300000
8.326 -1.300000
8.328 -1.300000
8.330 -1.300000
8.332 -1.300000
8.334 -1.300000
8.336 -1.300000
8.338 -1.300000
8.340 -1.300000
8.342 -1.300000
8.344 -1.300000
8.346 -1.300000
8.348 -1.300000
8.350 -1.300000
8.352 -1.300000
8.354 -1.300000
8.356 -1.300000
8.358 -1.300000
8.360 -1.300000
8.362 -1.300000
8.364 -1.300000
8.366 -1.300000
8.368 -1.300000
8.370 -1.300000
8.372 -1.300000
8.374 -1.300000
8.376 -1.300000
8.378 -1.300000
8.380 -1.300000
8.382 -1.300000
8.384 -1.300000
8.386 -1.300000
8.388 -1.300000
8.390 -1.300000
8.392 -1.300000
8.394 -1.300000
8.396 -1.300000
8.398 -1.300000
8.400 -1.300000
8.402 -1.300000
8.404 -1.300000
8.406 -1.300000
8.408 -1.300000
8.410 -1.300000
8.412 -1.300000
8.414 -1.300000
8.416 -1.300000
8.418 -1.300000
8.420 -1.300000
8.422 -1.300000
8.424 -1.300000
8.426 -1.300000
8.428 -1.300000
8.430 -1.300000
8.432 -1.300000
8.434 -1.300000
8.436 -1.300000
8.438 -1.300000
8.440 -1.300000
8.442 -1.300000
8.444 -1.300000
8.446 -1.300000
8.448 -1.300000
8.450 -1.300000
8.452 -1.300000
8.454 -1.300000
8.456 -1.300000
8.458 -1.300000
8.460 -1.300000
8.462 -1.300000
8.464 -1.300000
8.466 -1.300000
8.468 -1.300000
8.470 -1.300000
8.472 -1.300000
8.474 -1.300000
8.476 -1.300000
8.478 -1.300000
8.480 -1.300000
8.482 -1.300000
8.484 -1.300000
8.486 -1.300000
8.488 -1.300000
8.490 -1.300000
8.492 -1.300000
8.494 -1.300000
8.496 -1.300000
8.498 -1.300000
8.500 -1.300000
8.502 -1.300000
8.504 -1.300000
8.506 -1.300000
8.508 -1.300000
8.510 -1.300000
8.512 -1.300000
8.514 -1.300000
8.516 -1.300000
8.518 -1.300000
8.520 -1.300000
8.522 -1.300000
8.524 -1.300000
8.526 -1.300000
8.528 -1.300000
8.530 -1.300000
8.532 -1.300000
8.534 -1.300000
8.536 -1.300000
8.538 -1.300000
8.540 -1.300000
8.542 -1.300000
8.544 -1.300000
8.546 -1.300000
8.548 -1.300000
8.550 -1.300000
8.552 -1.300000
8.554 -1.300000
8.556 -1.300000
8.558 -1.300000
8.560 -1.300000
8.562 -1.300000
8.564 -1.300000
8.566 -1.300000
8.568 -1.300000
8.570 -1.300000
8.572 -1.300000
8.574 -1.300000
8.576 -1.300000
8.578 -1.300000
8.580 -1.300000
8.582 -1.300000
8.584 -1.300000
8.586 -1.300000
8.588 -1.300000
8.590 -1.300000
8.592 -1.300000
8.594 -1.300000
8.596 -1.300000
8.598 -1.300000
8.600 -1.300000
8.602 -1.300000
8.604 -1.300000
8.606 -1.300000
8.608 -1.300000
8.610 -1.300000
8.612 -1.300000
8.614 -1.300000
8.616 -1.300000
8.618 -1.300000
8.620 -1.300000
8.622 -1.300000
8.624 -1.300000
8.626 -1.300000
8.628 -1.300000
8.630 -1.300000
8.632 -1.300000
8.634 -1.300000
8.636 -1.300000
8.638 -1.300000
8.640 -1.300000
8.642 -1.300000
8.644 -1.300000
8.646 -1.300000
8.648 -1.300000
8.650 -1.300000
8.652 -1.300000
8.654 -1.300000
8.656 -1.300000
8.658 -1.300000
8.660 -1.300000
8.662 -1.300000
8.664 -1.300000
8.666 -1.300000
8.668 -1.300000
8.670 -1.300000
8.672 -1.300000
8.674 -1.300000
8.676 -1.300000
8.678 -1.300000
8.680 -1.300000
8.682 -1.300000
8.684 -1.300000
8.686 -1.300000
8.688 -1.300000
8.690 -1.300000
8.692 -1.300000
8.694 -1.300000
8.696 -1.300000
8.698 -1.300000
8.700 -1.300000
8.702 -1.300000
8.704 -1.300000
8.706 -1.300000
8.708 -1.300000
8.710 -1.300000
8.712 -1.300000
8.714 -1.300000
8.716 -1.300000
8.718 -1.300000
8.720 -1.300000
8.722 -1.300000
8.724 -1.300000
8.726 -1.300000
8.728 -1.300000
8.730 -1.300000
8.732 -1.300000
8.734 -1.300000
8.736 -1.300000
8.738 -1.300000
8.740 -1.300000
8.742 -1.300000
8.744 -1.300000
8.746 -1.300000
8.748 -1.300000
8.750 -1.300000
8.752 -1.300000
8.754 -1.300000
8.756 -1.300000
8.758 -1.300000
8.760 -1.300000
8.762 -1.300000
8.764 -1.300000
8.766 -1.300000
8.768 -1.300000
8.770 -1.300000
8.772 -1.300000
8.774 -1.300000
8.776 -1.300000
8.778 -1.300000
8.780 -1.300000
8.782 -1.300000
8.784 -1.300000
8.786 -1.300000
8.788 -1.300000
8.790 -1.300000
8.792 -1.300000
8.794 -1.300000
8.796 -1.300000
8.798 -1.300000
8.800 -1.300000
8.802 -1.300000
8.804 -1.300000
8.806 -1.300000
8.808 -1.300000
8.810 -1.300000
8.812 -1.300000
8.814 -1.300000
8.816 -1.300000
8.818 -1.300000
8.820 -1.300000
8.822 -1.300000
8.824 -1.300000
8.826 -1.300000
8.828 -1.300000
8.830 -1.300000
8.832 -1.300000
8.834 -1.300000
8.836 -1.300000
8.838 -1.300000
8.840 -1.300000
8.842 -1.300000
8.844 -1.300000
8.846 -1.300000
8.848 -1.300000
8.850 -1.300000
8.852 -1.300000
8.854 -1.300000
8.856 -1.300000
8.858 -1.300000
8.860 -1.300000
8.862 -1.300000
8.864 -1.300000
8.866 -1.300000
8.868 -1.300000
8.870 -1.300000
8.872 -1.300000
8.874 -1.300000
8.876 -1.300000
8.878 -1.300000
8.880 -1.300000
8.882 -1.300000
8.884 -1.300000
8.886 -1.300000
8.888 -1.300000
8.890 -1.300000
8.892 -1.300000
8.894 -1.300000
8.896 -1.300000
8.898 -1.300000
8.900 -1.300000
8.902 -1.300000
8.904 -1.300000
8.906 -1.300000
8.908 -1.300000
8.910 -1.300000
8.912 -1.300000
8.914 -1.300000
8.916 -1.300000
8.918 -1.300000
8.920 -1.300000
8.922 -1.300000
8.924 -1.300000
8.926 -1.300000
8.928 -1.300000
8.930 -1.300000
8.932 -1.300000
8.934 -1.300000
8.936 -1.300000
8.938 -1.300000
8.940 -1.300000
8.942 -1.300000
8.944 -1.300000
8.946 -1.300000
8.948 -1.300000
8.950 -1.300000
8.952 -1.300000
8.954 -1.300000
8.956 -1.300000
8.958 -1.300000
8.960 -1.300000
8.962 -1.300000
8.964 -1.300000
8.966 -1.300000
8.968 -1.300000
8.970 -1.300000
8.972 -1.300000
8.974 -1.300000
8.976 -1.300000
8.978 -1.300000
8.980 -1.300000
8.982 -1.300000
8.984 -1.300000
8.986 -1.300000
8.988 -1.300000
8.990 -1.300000
8.992 -1.300000
8.994 -1.300000
8.996 -1.300000
8.998 -1.300000
9.000 -1.300000
9.002 -1.300000
9.004 -1.300000
9.006 -1.300000
9.008 -1.300000
9.010 -1.300000
9.012 -1.300000
9.014 -1.300000
9.016 -1.300000
9.018 -1.300000
9.020 -1.300000
9.022 -1.300000
9.024 -1.300000
9.026 -1.300000
9.028 -1.300000
9.030 -1.300000
9.032 -1.300000
9.034 -1.300000
9.036 -1.300000
9.038 -1.300000
9.040 -1.300000
9.042 -1.300000
9.044 -1.300000
9.046 -1.300000
9.048 -1.300000
9.050 -1.300000
9.052 -1.300000
9.054 -1.300000
9.056 -1.300000
9.058 -1.300000
9.060 -1.300000
9.062 -1.300000
9.064 -1.300000
9.066 -1.300000
9.068 -1.300000
9.070 -1.300000
9.072 -1.300000
9.074 -1.300000
9.076 -1.300000
9.078 -1.300000
9.080 -1.300000
9.082 -1.300000
9.084 -1.300000
9.086 -1.300000
9.088 -1.300000
9.090 -1.300000
9.092 -1.300000
9.094 -1.300000
9.096 -1.300000
9.098 -1.300000
9.100 -1.300000
9.102 -1.300000
9.104 -1.300000
9.106 -1.300000
9.108 -1.300000
9.110 -1.300000
9.112 -1.300000
9.114 -1.300000
9.116 -1.300000
9.118 -1.300000
9.120 -1.300000
9.122 -1.300000
9.124 -1.300000
9.126 -1.300000
9.128 -1.300000
9.130 -1.300000
9.132 -1.300000
9.134 -1.300000
9.136 -1.300000
9.138 -1.300000
9.140 -1.300000
9.142 -1.300000
9.144 -1.300000
9.146 -1.300000
9.148 -1.300000
9.150 -1.300000
9.152 -1.300000
9.154 -1.300000
9.156 -1.300000
9.158 -1.300000
9.160 -1.300000
9.162 -1.300000
9.164 -1.300000
9.166 -1.300000
9.168 -1.300000
9.170 -1.300000
9.172 -1.300000
9.174 -1.300000
9.176 -1.300000
9.178 -1.300000
9.180 -1.300000
9.182 -1.300000
9.184 -1.300000
9.186 -1.300000
9.188 -1.300000
9.190 -1.300000
9.192 -1.300000
9.194 -1.300000
9.196 -1.300000
9.198 -1.300000
9.200 -1.300000
9.202 -1.300000
9.204 -1.300000
9.206 -1.300000
9.208 -1.300000
9.210 -1.300000
9.212 -1.300000
9.214 -1.300000
9.216 -1.300000
9.218 -1.300000
9.220 -1.300000
9.222 -1.300000
9.224 -1.300000
9.226 -1.300000
9.228 -1.300000
9.230 -1.300000
9.232 -1.300000
9.234 -1.300000
9.236 -1.300000
9.238 -1.300000
9.240 -1.300000
9.242 -1.300000
9.244 -1.300000
9.246 -1.300000
9.248 -1.300000
9.250 -1.300000
9.252 -1.300000
9.254 -1.300000
9.256 -1.300000
9.258 -1.300000
9.260 -1.300000
9.262 -1.300000
9.264 -1.300000
9.266 -1.300000
9.268 -1.300000
9.270 -1.300000
9.272 -1.300000
9.274 -1.300000
9.276 -1.300000
9.278 -1.300000
9.280 -1.300000
9.282 -1.300000
9.284 -1.300000
9.286 -1.300000
9.288 -1.300000
9.290 -1.300000
9.292 -1.300000
9.294 -1.300000
9.296 -1.300000
9.298 -1.300000
9.300 -1.300000
9.302 -1.300000
9.304 -1.300000
9.306 -1.300000
9.308 -1.300000
9.310 -1.300000
9.312 -1.300000
9.314 -1.300000
9.316 -1.300000
9.318 -1.300000
9.320 -1.300000
9.322 -1.300000
9.324 -1.300000
9.326 -1.300000
9.328 -1.300000
9.330 -1.300000
9.332 -1.300000
9.334 -1.300000
9.336 -1.300000
9.338 -1.300000
9.340 -1.300000
9.342 -1.300000
9.344 -1.300000
9.346 -1.300000
9.348 -1.300000
9.350 -1.300000
9.352 -1.300000
9.354 -1.300000
9.356 -1.300000
9.358 -1.300000
9.360 -1.300000
9.362 -1.300000
9.364 -1.300000
9.366 -1.300000
9.368 -1.300000
9.370 -1.300000
9.372 -1.300000
9.374 -1.300000
9.376 -1.300000
9.378 -1.300000
9.380 -1.300000
9.382 -1.300000
9.384 -1.300000
9.386 -1.300000
9.388 -1.300000
9.390 -1.300000
9.392 -1.300000
9.394 -1.300000
9.396 -1.300000
9.398 -1.300000
9.400 -1.300000
9.402 -1.300000
9.404 -1.300000
9.406 -1.300000
9.408 -1.300000
9.410 -1.300000
9.412 -1.300000
9.414 -1.300000
9.416 -1.300000
9.418 -1.300000
9.420 -1.300000
9.422 -1.300000
9.424 -1.300000
9.426 -1.300000
9.428 -1.300000
9.430 -1.300000
9.432 -1.300000
9.434 -1.300000
9.436 -1.300000
9.438 -1.300000
9.440 -1.300000
9.442 -1.300000
9.444 -1.300000
9.446 -1.300000
9.448 -1.300000
9.450 -1.300000
9.452 -1.300000
9.454 -1.300000
9.456 -1.300000
9.458 -1.300000
9.460 -1.300000
9.462 -1.300000
9.464 -1.300000
9.466 -1.300000
9.468 -1.300000
9.470 -1.300000
9.472 -1.300000
9.474 -1.300000
9.476 -1.300000
9.478 -1.300000
9.480 -1.300000
9.482 -1.300000
9.484 -1.300000
9.486 -1.300000
9.488 -1.300000
9.490 -1.300000
9.492 -1.300000
9.494 -1.300000
9.496 -1.300000
9.498 -1.300000
9.500 -1.300000
9.502 -1.300000
9.504 -1.300000
9.506 -1.300000
9.508 -1.300000
9.510 -1.300000
9.512 -1.300000
9.514 -1.300000
9.516 -1.300000
9.518 -1.300000
9.520 -1.300000
9.522 -1.300000
9.524 -1.300000
9.526 -1.300000
9.528 -1.300000
9.530 -1.300000
9.532 -1.300000
9.534 -1.300000
9.536 -1.300000
9.538 -1.300000
9.540 -1.300000
9.542 -1.300000
9.544 -1.300000
9.546 -1.300000
9.548 -1.300000
9.550 -1.300000
9.552 -1.300000
9.554 -1.300000
9.556 -1.300000
9.558 -1.300000
9.560 -1.300000
9.562 -1.300000
9.564 -1.300000
9.566 -1.300000
9.568 -1.300000
9.570 -1.300000
9.572 -1.300000
9.574 -1.300000
9.576 -1.300000
9.578 -1.300000
9.580 -1.300000
9.582 -1.300000
9.584 -1.300000
9.586 -1.300000
9.588 -1.300000
9.590 -1.300000
9.592 -1.300000
9.594 -1.300000
9.596 -1.300000
9.598 -1.300000
9.600 -1.300000
9.602 -1.300000
9.604 -1.300000
9.606 -1.300000
9.608 -1.300000
9.610 -1.300000
9.612 -1.300000
9.614 -1.300000
9.616 -1.300000
9.618 -1.300000
9.620 -1.300000
9.622 -1.300000
9.624 -1.300000
9.626 -1.300000
9.628 -1.300000
9.630 -1.300000
9.632 -1.300000
9.634 -1.300000
9.636 -1.300000
9.638 -1.300000
9.640 -1.300000
9.642 -1.300000
9.644 -1.300000
9.646 -1.300000
9.648 -1.300000
9.650 -1.300000
9.652 -1.300000
9.654 -1.300000
9.656 -1.300000
9.658 -1.300000
9.660 -1.300000
9.662 -1.300000
9.664 -1.300000
9.666 -1.300000
9.668 -1.300000
9.670 -1.300000
9.672 -1.300000
9.674 -1.300000
9.676 -1.300000
9.678 -1.300000
9.680 -1.300000
9.682 -1.300000
9.684 -1.300000
9.686 -1.300000
9.688 -1.300000
9.690 -1.300000
9.692 -1.300000
9.694 -1.300000
9.696 -1.300000
9.698 -1.300000
9.700 -1.300000
9.702 -1.300000
9.704 -1.300000
9.706 -1.300000
9.708 -1.300000
9.710 -1.300000
9.712 -1.300000
9.714 -1.300000
9.716 -1.300000
9.718 -1.300000
9.720 -1.300000
9.722 -1.300000
9.724 -1.300000
9.726 -1.300000
9.728 -1.300000
9.730 -1.300000
9.732 -1.300000
9.734 -1.300000
9.736 -1.300000
9.738 -1.300000
9.740 -1.300000
9.742 -1.300000
9.744 -1.300000
9.746 -1.300000
9.748 -1.300000
9.750 -1.300000
9.752 -1.300000
9.754 -1.300000
9.756 -1.300000
9.758 -1.300000
9.760 -1.300000
9.762 -1.300000
9.764 -1.300000
9.766 -1.300000
9.768 -1.300000
9.770 -1.300000
9.772 -1.300000
9.774 -1.300000
9.776 -1.300000
9.778 -1.300000
9.780 -1.300000
9.782 -1.300000
9.784 -1.300000
9.786 -1.300000
9.788 -1.300000
9.790 -1.300000
9.792 -1.300000
9.794 -1.300000
9.796 -1.300000
9.798 -1.300000
9.800 -1.300000
9.802 -1.300000
9.804 -1.300000
9.806 -1.300000
9.808 -1.300000
9.810 -1.300000
9.812 -1.300000
9.814 -1.300000
9.816 -1.300000
9.818 -1.300000
9.820 -1.300000
9.822 -1.300000
9.824 -1.300000
9.826 -1.300000
9.828 -1.300000
9.830 -1.300000
9.832 -1.300000
9.834 -1.300000
9.836 -1.300000
9.838 -1.300000
9.840 -1.300000
9.842 -1.300000
9.844 -1.300000
9.846 -1.300000
9.848 -1.300000
9.850 -1.300000
9.852 -1.300000
9.854 -1.300000
9.856 -1.300000
9.858 -1.300000
9.860 -1.300000
9.862 -1.300000
9.864 -1.300000
9.866 -1.300000
9.868 -1.300000
9.870 -1.300000
9.872 -1.300000
9.874 -1.300000
9.876 -1.300000
9.878 -1.300000
9.880 -1.300000
9.882 -1.300000
9.884 -1.300000
9.886 -1.300000
9.888 -1.300000
9.890 -1.300000
9.892 -1.300000
9.894 -1.300000
9.896 -1.300000
9.898 -1.300000
9.900 -1.300000
9.902 -1.300000
9.904 -1.300000
9.906 -1.300000
9.908 -1.300000
9.910 -1.300000
9.912 -1.300000
9.914 -1.300000
9.916 -1.300000
9.918 -1.300000
9.920 -1.300000
9.922 -1.300000
9.924 -1.300000
9.926 -1.300000
9.928 -1.300000
9.930 -1.300000
9.932 -1.300000
9.934 -1.300000
9.936 -1.300000
9.938 -1.300000
9.940 -1.300000
9.942 -1.300000
9.944 -1.300000
9.946 -1.300000
9.948 -1.300000
9.950 -1.300000
9.952 -1.300000
9.954 -1.300000
9.956 -1.300000
9.958 -1.300000
9.960 -1.300000
9.962 -1.300000
9.964 -1.300000
9.966 -1.300000
9.968 -1.300000
9.970 -1.300000
9.972 -1.300000
9.974 -1.300000
9.976 -1.300000
9.978 -1.300000
9.980 -1.300000
9.982 -1.300000
9.984 -1.300000
9.986 -1.300000
9.988 -1.300000
9.990 -1.300000
9.992 -1.300000
9.994 -1.300000
9.996 -1.300000
9.998 -1.300000
10.000 -1.300000
10.002 -1.300000
10.004 -1.300000
10.006 -1.300000
10.008 -1.300000
10.010 -1.300000
10.012 -1.300000
10.014 -1.300000
10.016 -1.300000
10.018 -1.300000
10.020 -1.300000
10.022 -1.300000
10.024 -1.300000
10.026 -1.300000
10.028 -1.300000
10.030 -1.300000
10.032 -1.300000
10.034 -1.300000
10.036 -1.300000
10.038 -1.300000
10.040 -1.300000
10.042 -1.300000
10.044 -1.300000
10.046 -1.300000
10.048 -1.300000
10.050 -1.300000
10.052 -1.300000
10.054 -1.300000
10.056 -1.300000
10.058 -1.300000
10.060 -1.300000
10.062 -1.300000
10.064 -1.300000
10.066 -1.300000
10.068 -1.300000
10.070 -1.300000
10.072 -1.300000
10.074 -1.300000
10.076 -1.300000
10.078 -1.300000
10.080 -1.300000
10.082 -1.300000
10.084 -1.300000
10.086 -1.300000
10.088 -1.300000
10.090 -1.300000
10.092 -1.300000
10.094 -1.300000
10.096 -1.300000
10.098 -1.300000
10.100 -1.300000
10.102 -1.300000
10.104 -1.300000
10.106 -1.300000
10.108 -1.300000
10.110 -1.300000
10.112 -1.300000
10.114 -1.300000
10.116 -1.300000
10.118 -1.300000
10.120 -1.300000
10.122 -1.300000
10.124 -1.300000
10.126 -1.300000
10.128 -1.300000
10.130 -1.300000
10.132 -1.300000
10.134 -1.300000
10.136 -1.300000
10.138 -1.300000
10.140 -1.300000
10.142 -1.300000
10.144 -1.300000
10.146 -1.300000
10.148 -1.300000
10.150 -1.300000
10.152 -1.300000
10.154 -1.300000
10.156 -1.300000
10.158 -1.300000
10.160 -1.300000
10.162 -1.300000
10.164 -1.300000
10.166 -1.300000
10.168 -1.300000
10.170 -1.300000
10.172 -1.300000
10.174 -1.300000
10.176 -1.300000
10.178 -1.300000
10.180 -1.300000
10.182 -1.300000
10.184 -1.300000
10.186 -1.300000
10.188 -1.300000
10.190 -1.300000
10.192 -1.300000
10.194 -1.300000
10.196 -1.300000
10.198 -1.300000
10.200 -1.300000
10.202 -1.300000
10.204 -1.300000
10.206 -1.300000
10.208 -1.300000
10.210 -1.300000
10.212 -1.300000
10.214 -1.300000
10.216 -1.300000
10.218 -1.300000
10.220 -1.300000
10.222 -1.300000
10.224 -1.300000
10.226 -1.300000
10.228 -1.300000
10.230 -1.300000
10.232 -1.300000
10.234 -1.300000
10.236 -1.300000
10.238 -1.300000
10.240 -1.300000
10.242 -1.300000
10.244 -1.300000
10.246 -1.300000
10.248 -1.300000
10.250 -1.300000
10.252 -1.300000
10.254 -1.300000
10.256 -1.300000
10.258 -1.300000
10.260 -1.300000
10.262 -1.300000
10.264 -1.300000
10.266 -1.300000
10.268 -1.300000
10.270 -1.300000
10.272 -1.300000
10.274 -1.300000
10.276 -1.300000
10.278 -1.300000
10.280 -1.300000
10.282 -1.300000
10.284 -1.300000
10.286 -1.300000
10.288 -1.300000
10.290 -1.300000
10.292 -1.300000
10.294 -1.300000
10.296 -1.300000
10.298 -1.300000
10.300 -1.300000
10.302 -1.300000
10.304 -1.300000
10.306 -1.300000
10.308 -1.300000
10.310 -1.300000
10.312 -1.300000
10.314 -1.300000
10.316 -1.300000
10.318 -1.300000
10.320 -1.300000
10.322 -1.300000
10.324 -1.300000
10.326 -1.300000
10.328 -1.300000
10.330 -1.300000
10.332 -1.300000
10.334 -1.300000
10.336 -1.300000
10.338 -1.300000
10.340 -1.300000
10.342 -1.300000
10.344 -1.300000
10.346 -1.300000
10.348 -1.300000
10.350 -1.300000
10.352 -1.300000
10.354 -1.300000
10.356 -1.300000
10.358 -1.300000
10.360 -1.300000
10.362 -1.300000
10.364 -1.300000
10.366 -1.300000
10.368 -1.300000
10.370 -1.300000
10.372 -1.300000
10.374 -1.300000
10.376 -1.300000
10.378 -1.300000
10.380 -1.300000
10.382 -1.300000
10.384 -1.300000
10.386 -1.300000
10.388 -1.300000
10.390 -1.300000
10.392 -1.300000
10.394 -1.300000
10.396 -1.300000
10.398 -1.300000
10.400 -1.300000
10.402 -1.300000
10.404 -1.300000
10.406 -1.300000
10.408 -1.300000
10.410 -1.300000
10.412 -1.300000
10.414 -1.300000
10.416 -1.300000
10.418 -1.300000
10.420 -1.300000
10.422 -1.300000
10.424 -1.300000
10.426 -1.300000
10.428 -1.300000
10.430 -1.300000
10.432 -1.300000
10.434 -1.300000
10.436 -1.300000
10.438 -1.300000
10.440 -1.300000
10.442 -1.300000
10.444 -1.300000
10.446 -1.300000
10.448 -1.300000
10.450 -1.300000
10.452 -1.300000
10.454 -1.300000
10.456 -1.300000
10.458 -1.300000
10.460 -1.300000
10.462 -1.300000
10.464 -1.300000
10.466 -1.300000
10.468 -1.300000
10.470 -1.300000
10.472 -1.300000
10.474 -1.300000
10.476 -1.300000
10.478 -1.300000
10.480 -1.300000
10.482 -1.300000
10.484 -1.300000
10.486 -1.300000
10.488 -1.300000
10.490 -1.300000
10.492 -1.300000
10.494 -1.300000
10.496 -1.300000
10.498 -1.300000
10.500 -1.300000
10.502 -1.300000
10.504 -1.300000
10.506 -1.300000
10.508 -1.300000
10.510 -1.300000
10.512 -1.300000
10.514 -1.300000
10.516 -1.300000
10.518 -1.300000
10.520 -1.300000
10.522 -1.300000
10.524 -1.300000
10.526 -1.300000
10.528 -1.300000
10.530 -1.300000
10.532 -1.300000
10.534 -1.300000
10.536 -1.300000
10.538 -1.300000
10.540 -1.300000
10.542 -1.300000
10.544 -1.300000
10.546 -1.300000
10.548 -1.300000
10.550 -1.300000
10.552 -1.300000
10.554 -1.300000
10.556 -1.300000
10.558 -1.300000
10.560 -1.300000
10.562 -1.300000
10.564 -1.300000
10.566 -1.300000
10.568 -1.300000
10.570 -1.300000
10.572 -1.300000
10.574 -1.300000
10.576 -1.300000
10.578 -1.300000
10.580 -1.300000
10.582 -1.300000
10.584 -1.300000
10.586 -1.300000
10.588 -1.300000
10.590 -1.300000
10.592 -1.300000
10.594 -1.300000
10.596 -1.300000
10.598 -1.300000
10.600 -1.300000
10.602 -1.300000
10.604 -1.300000
10.606 -1.300000
10.608 -1.300000
10.610 -1.300000
10.612 -1.300000
10.614 -1.300000
10.616 -1.300000
10.618 -1.300000
10.620 -1.300000
10.622 -1.300000
10.624 -1.300000
10.626 -1.300000
10.628 -1.300000
