0.000 1.133518
0.002 1.133518
0.004 1.133518
0.006 1.133517
0.008 1.133516
0.010 1.133513
0.012 1.133510
0.014 1.133504
0.016 1.133501
0.018 1.133498
0.020 1.133493
0.022 1.133487
0.024 1.133480
0.026 1.133472
0.028 1.133464
0.030 1.133455
0.032 1.133446
0.034 1.133436
0.036 1.133425
0.038 1.133414
0.040 1.133401
0.042 1.133389
0.044 1.133375
0.046 1.133350
0.048 1.133340
0.050 1.133329
0.052 1.133315
0.054 1.133298
0.056 1.133280
0.058 1.133260
0.060 1.133241
0.062 1.133221
0.064 1.133200
0.066 1.133164
0.068 1.133148
0.070 1.133133
0.072 1.133112
0.074 1.133088
0.076 1.133044
0.078 1.133024
0.080 1.133006
0.082 1.132982
0.084 1.132954
0.086 1.132923
0.088 1.132893
0.090 1.132862
0.092 1.132830
0.094 1.132798
0.096 1.132765
0.098 1.132732
0.100 1.132697
0.102 1.132662
0.104 1.132626
0.106 1.132564
0.108 1.132512
0.110 1.132471
0.112 1.132461
0.114 1.132438
0.116 1.132401
0.118 1.132328
0.120 1.132293
0.122 1.132261
0.124 1.132222
0.126 1.132177
0.128 1.132130
0.130 1.132052
0.132 1.132017
0.134 1.131953
0.136 1.131923
0.138 1.131889
0.140 1.131811
0.142 1.131771
0.144 1.131698
0.146 1.131664
0.148 1.131626
0.150 1.131576
0.152 1.131518
0.154 1.131459
0.156 1.131363
0.158 1.131320
0.160 1.131279
0.162 1.131228
0.164 1.131167
0.166 1.131103
0.168 1.131038
0.170 1.130974
0.172 1.130910
0.174 1.130845
0.176 1.130780
0.178 1.130714
0.180 1.130646
0.182 1.130578
0.184 1.130509
0.186 1.130439
0.188 1.130369
0.190 1.130297
0.192 1.130225
0.194 1.130151
0.196 1.130032
0.198 1.129976
0.200 1.129924
0.202 1.129857
0.204 1.129779
0.206 1.129649
0.208 1.129587
0.210 1.129531
0.212 1.129460
0.214 1.129378
0.216 1.129292
0.218 1.129156
0.220 1.129092
0.222 1.129032
0.224 1.128958
0.226 1.128871
0.228 1.128780
0.230 1.128688
0.232 1.128544
0.234 1.128476
0.236 1.128413
0.238 1.128333
0.240 1.128241
0.242 1.128143
0.244 1.128045
0.246 1.127892
0.248 1.127762
0.250 1.127720
0.252 1.127664
0.254 1.127518
0.256 1.127439
0.258 1.127361
0.260 1.127267
0.262 1.127163
0.264 1.126995
0.266 1.126915
0.268 1.126841
0.270 1.126687
0.272 1.126607
0.274 1.126528
0.276 1.126366
0.278 1.126283
0.280 1.126201
0.282 1.126101
0.284 1.125922
0.286 1.125834
0.288 1.125751
0.290 1.125650
0.292 1.125536
0.294 1.125416
0.296 1.125297
0.298 1.125178
0.300 1.124991
0.302 1.124903
0.304 1.124820
0.306 1.124644
0.308 1.124552
0.310 1.124461
0.312 1.124349
0.314 1.124151
0.316 1.123978
0.318 1.123917
0.320 1.123843
0.322 1.123731
0.324 1.123598
0.326 1.123460
0.328 1.123325
0.330 1.123193
0.332 1.123062
0.334 1.122932
0.336 1.122800
0.338 1.122668
0.340 1.122455
0.342 1.122274
0.344 1.122212
0.346 1.122052
0.348 1.121884
0.350 1.121815
0.352 1.121722
0.354 1.121592
0.356 1.121442
0.358 1.121289
0.360 1.121057
0.362 1.120948
0.364 1.120848
0.366 1.120723
0.368 1.120492
0.370 1.120376
0.372 1.120267
0.374 1.120135
0.376 1.119985
0.378 1.119829
0.380 1.119674
0.382 1.119521
0.384 1.119368
0.386 1.119216
0.388 1.118973
0.390 1.118767
0.392 1.118696
0.394 1.118605
0.396 1.118374
0.398 1.118155
0.400 1.117977
0.402 1.117822
0.404 1.117765
0.406 1.117663
0.408 1.117509
0.410 1.117331
0.412 1.117152
0.414 1.116884
0.416 1.116662
0.418 1.116491
0.420 1.116339
0.422 1.116186
0.424 1.116122
0.426 1.116009
0.428 1.115843
0.430 1.115654
0.432 1.115466
0.434 1.115185
0.436 1.115054
0.438 1.114933
0.440 1.114783
0.442 1.114608
0.444 1.114323
0.446 1.114185
0.448 1.114056
0.450 1.113801
0.452 1.113563
0.454 1.113367
0.456 1.113193
0.458 1.113128
0.460 1.112907
0.462 1.112777
0.464 1.112629
0.466 1.112365
0.468 1.112224
0.470 1.112081
0.472 1.111907
0.474 1.111714
0.476 1.111516
0.478 1.111319
0.480 1.111124
0.482 1.110931
0.484 1.110738
0.486 1.110544
0.488 1.110349
0.490 1.110153
0.492 1.109956
0.494 1.109758
0.496 1.109674
0.498 1.109448
0.500 1.109150
0.502 1.108997
0.504 1.108850
0.506 1.108670
0.508 1.108464
0.510 1.108248
0.512 1.108031
0.514 1.107818
0.516 1.107606
0.518 1.107396
0.520 1.107185
0.522 1.106973
0.524 1.106760
0.526 1.106463
0.528 1.106191
0.530 1.106089
0.532 1.105957
0.534 1.105761
0.536 1.105477
0.538 1.105318
0.540 1.105148
0.542 1.104941
0.544 1.104711
0.546 1.104476
0.548 1.104244
0.550 1.104015
0.552 1.103788
0.554 1.103562
0.556 1.103335
0.558 1.103106
0.560 1.102803
0.562 1.102648
0.564 1.102482
0.566 1.102271
0.568 1.102032
0.570 1.101785
0.572 1.101473
0.574 1.101179
0.576 1.101065
0.578 1.100916
0.580 1.100666
0.582 1.100504
0.584 1.100309
0.586 1.100032
0.588 1.099864
0.590 1.099670
0.592 1.099430
0.594 1.099167
0.596 1.098901
0.598 1.098639
0.600 1.098382
0.602 1.098128
0.604 1.097874
0.606 1.097620
0.608 1.097365
0.610 1.097109
0.612 1.096852
0.614 1.096595
0.616 1.096282
0.618 1.096115
0.620 1.095927
0.622 1.095657
0.624 1.095489
0.626 1.095282
0.628 1.095025
0.630 1.094743
0.632 1.094459
0.634 1.094180
0.636 1.093908
0.638 1.093638
0.640 1.093369
0.642 1.093099
0.644 1.092829
0.646 1.092558
0.648 1.092286
0.650 1.092014
0.652 1.091742
0.654 1.091423
0.656 1.091252
0.658 1.091053
0.660 1.090798
0.662 1.090510
0.664 1.090216
0.666 1.089926
0.668 1.089600
0.670 1.089424
0.672 1.089221
0.674 1.088959
0.676 1.088665
0.678 1.088363
0.680 1.088065
0.682 1.087774
0.684 1.087448
0.686 1.087271
0.688 1.087062
0.690 1.086792
0.692 1.086489
0.694 1.086178
0.696 1.085872
0.698 1.085540
0.700 1.085195
0.702 1.085049
0.704 1.084855
0.706 1.084579
0.708 1.084259
0.710 1.083933
0.712 1.083616
0.714 1.083309
0.716 1.083007
0.718 1.082706
0.720 1.082406
0.722 1.082104
0.724 1.081801
0.726 1.081497
0.728 1.081193
0.730 1.080889
0.732 1.080584
0.734 1.080279
0.736 1.079974
0.738 1.079669
0.740 1.079363
0.742 1.079037
0.744 1.078857
0.746 1.078633
0.748 1.078343
0.750 1.078017
0.752 1.077684
0.754 1.077342
0.756 1.077153
0.758 1.076921
0.760 1.076623
0.762 1.076288
0.764 1.075947
0.766 1.075611
0.768 1.075282
0.770 1.074958
0.772 1.074634
0.774 1.074311
0.776 1.073987
0.778 1.073662
0.780 1.073336
0.782 1.073011
0.784 1.072685
0.786 1.072358
0.788 1.072032
0.790 1.071699
0.792 1.071511
0.794 1.071259
0.796 1.071085
0.798 1.070840
0.800 1.070650
0.802 1.070368
0.804 1.070013
0.806 1.069631
0.808 1.069253
0.810 1.068887
0.812 1.068531
0.814 1.068179
0.816 1.067828
0.818 1.067477
0.820 1.067125
0.822 1.066772
0.824 1.066419
0.826 1.066066
0.828 1.065713
0.830 1.065367
0.832 1.064992
0.834 1.064627
0.836 1.064470
0.838 1.064230
0.840 1.063892
0.842 1.063501
0.844 1.063106
0.846 1.062725
0.848 1.062358
0.850 1.061998
0.852 1.061640
0.854 1.061295
0.856 1.061093
0.858 1.060826
0.860 1.060479
0.862 1.060090
0.864 1.059726
0.866 1.059506
0.868 1.059243
0.870 1.059046
0.872 1.058745
0.874 1.058369
0.876 1.057952
0.878 1.057533
0.880 1.057127
0.882 1.056731
0.884 1.056366
0.886 1.056146
0.888 1.055883
0.890 1.055678
0.892 1.055361
0.894 1.054973
0.896 1.054544
0.898 1.054109
0.900 1.053684
0.902 1.053302
0.904 1.053068
0.906 1.052765
0.908 1.052388
0.910 1.051964
0.912 1.051528
0.914 1.051098
0.916 1.050677
0.918 1.050263
0.920 1.049853
0.922 1.049443
0.924 1.049034
0.926 1.048625
0.928 1.048217
0.930 1.047809
0.932 1.047401
0.934 1.046995
0.936 1.046589
0.938 1.046401
0.940 1.046163
0.942 1.045957
0.944 1.045718
0.946 1.045433
0.948 1.045095
0.950 1.044709
0.952 1.044281
0.954 1.043834
0.956 1.043385
0.958 1.042938
0.960 1.042495
0.962 1.042107
0.964 1.041859
0.966 1.041529
0.968 1.041137
0.970 1.040710
0.972 1.040262
0.974 1.039802
0.976 1.039346
0.978 1.038897
0.980 1.038508
0.982 1.038262
0.984 1.037930
0.986 1.037538
0.988 1.037111
0.990 1.036665
0.992 1.036205
0.994 1.035743
0.996 1.035286
0.998 1.034834
1.000 1.034385
1.002 1.033937
1.004 1.033490
1.006 1.033044
1.008 1.032598
1.010 1.032153
1.012 1.031710
1.014 1.031267
1.016 1.030825
1.018 1.030587
1.020 1.030310
1.022 1.029965
1.024 1.029557
1.026 1.029322
1.028 1.029197
1.030 1.028925
1.032 1.028594
1.034 1.028240
1.036 1.027873
1.038 1.027570
1.040 1.027301
1.042 1.026949
1.044 1.026547
1.046 1.026118
1.048 1.025673
1.050 1.025219
1.052 1.024839
1.054 1.024469
1.056 1.024077
1.058 1.023654
1.060 1.023205
1.062 1.022739
1.064 1.022263
1.066 1.021784
1.068 1.021305
1.070 1.020828
1.072 1.020537
1.074 1.020160
1.076 1.019752
1.078 1.019332
1.080 1.018910
1.082 1.018482
1.084 1.018048
1.086 1.017605
1.088 1.017154
1.090 1.016781
1.092 1.016464
1.094 1.016160
1.096 1.015848
1.098 1.015459
1.100 1.015036
1.102 1.014600
1.104 1.014160
1.106 1.013718
1.108 1.013272
1.110 1.012906
1.112 1.012563
1.114 1.012154
1.116 1.011713
1.118 1.011342
1.120 1.010972
1.122 1.010547
1.124 1.010180
1.126 1.009798
1.128 1.009363
1.130 1.008907
1.132 1.008443
1.134 1.007978
1.136 1.007513
1.138 1.007129
1.140 1.006756
1.142 1.006414
1.144 1.005991
1.146 1.005533
1.148 1.005146
1.150 1.004721
1.152 1.004256
1.154 1.003776
1.156 1.003293
1.158 1.002811
1.160 1.002329
1.162 1.001847
1.164 1.001363
1.166 1.000877
1.168 1.000387
1.170 0.999895
1.172 0.999401
1.174 0.998904
1.176 0.998406
1.178 0.997907
1.180 0.997407
1.182 0.996905
1.184 0.996403
1.186 0.995899
1.188 0.995394
1.190 0.994965
1.192 0.994520
1.194 0.994028
1.196 0.993592
1.198 0.993163
1.200 0.992746
1.202 0.992264
1.204 0.991757
1.206 0.991243
1.208 0.990804
1.210 0.990377
1.212 0.989951
1.214 0.989459
1.216 0.989010
1.218 0.988504
1.220 0.987966
1.222 0.987418
1.224 0.986870
1.226 0.986324
1.228 0.985779
1.230 0.985301
1.232 0.984800
1.234 0.984258
1.236 0.983696
1.238 0.983129
1.240 0.982561
1.242 0.981992
1.244 0.981424
1.246 0.980959
1.248 0.980498
1.250 0.980027
1.252 0.979535
1.254 0.979019
1.256 0.978479
1.258 0.977921
1.260 0.977409
1.262 0.976879
1.264 0.976306
1.266 0.975713
1.268 0.975171
1.270 0.974629
1.272 0.974049
1.274 0.973451
1.276 0.972845
1.278 0.972236
1.280 0.971624
1.282 0.971010
1.284 0.970391
1.286 0.969769
1.288 0.969141
1.290 0.968510
1.292 0.967928
1.294 0.967401
1.296 0.966822
1.298 0.966213
1.300 0.965590
1.302 0.964958
1.304 0.964371
1.306 0.963788
1.308 0.963188
1.310 0.962718
1.312 0.962167
1.314 0.961621
1.316 0.961062
1.318 0.960578
1.320 0.960021
1.322 0.959423
1.324 0.958802
1.326 0.958166
1.328 0.957564
1.330 0.957003
1.332 0.956465
1.334 0.955864
1.336 0.955221
1.338 0.954552
1.340 0.954058
1.342 0.953487
1.344 0.952917
1.346 0.952331
1.348 0.951849
1.350 0.951286
1.352 0.950674
1.354 0.950031
1.356 0.949367
1.358 0.948687
1.360 0.947994
1.362 0.947289
1.364 0.946581
1.366 0.945899
1.368 0.945214
1.370 0.944750
1.372 0.944206
1.374 0.943632
1.376 0.943023
1.378 0.942377
1.380 0.941699
1.382 0.941242
1.384 0.940701
1.386 0.940126
1.388 0.939623
1.390 0.939039
1.392 0.938402
1.394 0.937727
1.396 0.937038
1.398 0.936353
1.400 0.935654
1.402 0.935198
1.404 0.934680
1.406 0.934107
1.408 0.933617
1.410 0.933062
1.412 0.932584
1.414 0.932013
1.416 0.931399
1.418 0.930743
1.420 0.930047
1.422 0.929591
1.424 0.929068
1.426 0.928483
1.428 0.927984
1.430 0.927413
1.432 0.926779
1.434 0.926316
1.436 0.925763
1.438 0.925138
1.440 0.924670
1.442 0.924119
1.444 0.923486
1.446 0.922803
1.448 0.922113
1.450 0.921434
1.452 0.920767
1.454 0.920064
1.456 0.919325
1.458 0.918614
1.460 0.918179
1.462 0.917687
1.464 0.917103
1.466 0.916447
1.468 0.915743
1.470 0.915289
1.472 0.914784
1.474 0.914186
1.476 0.913689
1.478 0.913128
1.480 0.912498
1.482 0.911838
1.484 0.911175
1.486 0.910520
1.488 0.909807
1.490 0.909294
1.492 0.908756
1.494 0.908153
1.496 0.907472
1.498 0.906958
1.500 0.906412
1.502 0.905802
1.504 0.905158
1.506 0.904506
1.508 0.903859
1.510 0.903140
1.512 0.902627
1.514 0.902002
1.516 0.901295
1.518 0.900597
1.520 0.900164
1.522 0.899685
1.524 0.899111
1.526 0.898482
1.528 0.897839
1.530 0.897201
1.532 0.896572
1.534 0.896181
1.536 0.895961
1.538 0.895810
1.540 0.895444
1.542 0.894919
1.544 0.894277
1.546 0.893548
1.548 0.892978
1.550 0.892301
1.552 0.891775
1.554 0.891207
1.556 0.890573
1.558 0.889905
1.560 0.889151
1.562 0.888595
1.564 0.888028
1.566 0.887347
1.568 0.886583
1.570 0.886075
1.572 0.885548
1.574 0.884947
1.576 0.884300
1.578 0.883639
1.580 0.882981
1.582 0.882330
1.584 0.881685
1.586 0.881043
1.588 0.880628
1.590 0.880052
1.592 0.879361
1.594 0.878670
1.596 0.877884
1.598 0.877112
1.600 0.876632
1.602 0.876141
1.604 0.875575
1.606 0.874958
1.608 0.874323
1.610 0.873574
1.612 0.873038
1.614 0.872505
1.616 0.871925
1.618 0.871213
1.620 0.870465
1.622 0.869766
1.624 0.869111
1.626 0.868480
1.628 0.868074
1.630 0.867614
1.632 0.867062
1.634 0.866457
1.636 0.865835
1.638 0.865215
1.640 0.864600
1.642 0.863988
1.644 0.863379
1.646 0.862635
1.648 0.861892
1.650 0.861212
1.652 0.860579
1.654 0.860180
1.656 0.859734
1.658 0.859199
1.660 0.858610
1.662 0.858003
1.664 0.857251
1.666 0.856720
1.668 0.856206
1.670 0.855652
1.672 0.855065
1.674 0.854464
1.676 0.853714
1.678 0.852973
1.680 0.852298
1.682 0.851881
1.684 0.851276
1.686 0.850814
1.688 0.850319
1.690 0.849767
1.692 0.849045
1.694 0.848309
1.696 0.847838
1.698 0.847368
1.700 0.846710
1.702 0.845998
1.704 0.845321
1.706 0.844686
1.708 0.844279
1.710 0.843835
1.712 0.843308
1.714 0.842728
1.716 0.841975
1.718 0.841435
1.720 0.840721
1.722 0.840215
1.724 0.839715
1.726 0.839171
1.728 0.838591
1.730 0.837997
1.732 0.837399
1.734 0.836802
1.736 0.836206
1.738 0.835611
1.740 0.835017
1.742 0.834247
1.744 0.833703
1.746 0.833190
1.748 0.832646
1.750 0.832072
1.752 0.831482
1.754 0.830888
1.756 0.830112
1.758 0.829564
1.760 0.829050
1.762 0.828338
1.764 0.827813
1.766 0.827303
1.768 0.826758
1.770 0.826014
1.772 0.825276
1.774 0.824407
1.776 0.823817
1.778 0.823291
1.780 0.822744
1.782 0.822362
1.784 0.821749
1.786 0.821273
1.788 0.820781
1.790 0.820067
1.792 0.819534
1.794 0.819020
1.796 0.818291
1.798 0.817755
1.800 0.817051
1.802 0.816541
1.804 0.816044
1.806 0.815508
1.808 0.814938
1.810 0.814352
1.812 0.813760
1.814 0.812979
1.816 0.812230
1.818 0.811556
1.820 0.810932
1.822 0.810331
1.824 0.809736
1.826 0.809329
1.828 0.808890
1.830 0.808378
1.832 0.807816
1.834 0.807045
1.836 0.806483
1.838 0.805776
1.840 0.805078
1.842 0.804610
1.844 0.803962
1.846 0.803475
1.848 0.802985
1.850 0.802453
1.852 0.801536
1.854 0.800466
1.856 0.799526
1.858 0.798922
1.860 0.798571
1.862 0.798352
1.864 0.798185
1.866 0.797853
1.868 0.797370
1.870 0.796803
1.872 0.796200
1.874 0.795588
1.876 0.794976
1.878 0.794366
1.880 0.793760
1.882 0.793158
1.884 0.792558
1.886 0.791959
1.888 0.791362
1.890 0.790764
1.892 0.789990
1.894 0.789239
1.896 0.788731
1.898 0.788247
1.900 0.787545
1.902 0.787004
1.904 0.786483
1.906 0.785936
1.908 0.785362
1.910 0.784773
1.912 0.784177
1.914 0.783579
1.916 0.782981
1.918 0.782383
1.920 0.781786
1.922 0.781190
1.924 0.780594
1.926 0.779998
1.928 0.779402
1.930 0.778806
1.932 0.778211
1.934 0.777445
1.936 0.776868
1.938 0.776164
1.940 0.775634
1.942 0.775124
1.944 0.774417
1.946 0.773868
1.948 0.773512
1.950 0.773285
1.952 0.772676
1.954 0.771942
1.956 0.771228
1.958 0.770562
1.960 0.769934
1.962 0.769325
1.964 0.768560
1.966 0.767980
1.968 0.767443
1.970 0.766895
1.972 0.766324
1.974 0.765739
1.976 0.765145
1.978 0.764548
1.980 0.763949
1.982 0.763186
1.984 0.762601
1.986 0.762059
1.988 0.761507
1.990 0.760935
1.992 0.760350
1.994 0.759757
1.996 0.759160
1.998 0.758402
2.000 0.757815
2.002 0.757271
2.004 0.756719
2.006 0.756148
2.008 0.755563
2.010 0.754971
2.012 0.754375
2.014 0.753777
2.016 0.753179
2.018 0.752424
2.020 0.751678
2.022 0.750987
2.024 0.750497
2.026 0.749868
2.028 0.749210
2.030 0.748564
2.032 0.748092
2.034 0.747625
2.036 0.747113
2.038 0.746560
2.040 0.745980
2.042 0.745233
2.044 0.744641
2.046 0.744092
2.048 0.743384
2.050 0.742668
2.052 0.741837
2.054 0.740898
2.056 0.740037
2.058 0.739433
2.060 0.739051
2.062 0.738659
2.064 0.738194
2.066 0.737665
2.068 0.737092
2.070 0.736496
2.072 0.735889
2.074 0.735280
2.076 0.734819
2.078 0.734358
2.080 0.733853
2.082 0.733306
2.084 0.732732
2.086 0.732144
2.088 0.731549
2.090 0.730806
2.092 0.730212
2.094 0.729663
2.096 0.729113
2.098 0.728549
2.100 0.727973
2.102 0.727388
2.104 0.726797
2.106 0.726204
2.108 0.725609
2.110 0.724872
2.112 0.724134
2.114 0.723582
2.116 0.722933
2.118 0.722410
2.120 0.721905
2.122 0.721377
2.124 0.720822
2.126 0.720245
2.128 0.719655
2.130 0.718920
2.132 0.718179
2.134 0.717480
2.136 0.716824
2.138 0.716199
2.140 0.715592
2.142 0.714993
2.144 0.714396
2.146 0.713936
2.148 0.713478
2.150 0.712979
2.152 0.712436
2.154 0.711863
2.156 0.711272
2.158 0.710673
2.160 0.710073
2.162 0.709473
2.164 0.708741
2.166 0.708138
2.168 0.707581
2.170 0.707028
2.172 0.706465
2.174 0.705756
2.176 0.705161
2.178 0.704474
2.180 0.703779
2.182 0.703240
2.184 0.702739
2.186 0.702092
2.188 0.701539
2.190 0.700875
2.192 0.700320
2.194 0.699791
2.196 0.699251
2.198 0.698691
2.200 0.698114
2.202 0.697525
2.204 0.696800
2.206 0.696062
2.208 0.695485
2.210 0.694834
2.212 0.694297
2.214 0.693657
2.216 0.693118
2.218 0.692600
2.220 0.692193
2.222 0.691902
2.224 0.691314
2.226 0.690510
2.228 0.689799
2.230 0.689153
2.232 0.688543
2.234 0.687950
2.236 0.687363
2.238 0.686775
2.240 0.686185
2.242 0.685590
2.244 0.684993
2.246 0.684394
2.248 0.683795
2.250 0.683195
2.252 0.682471
2.254 0.681857
2.256 0.681290
2.258 0.680607
2.260 0.680026
2.262 0.679479
2.264 0.678930
2.266 0.678366
2.268 0.677663
2.270 0.676934
2.272 0.676352
2.274 0.675823
2.276 0.675294
2.278 0.674746
2.280 0.674176
2.282 0.673591
2.284 0.672995
2.286 0.672272
2.288 0.671654
2.290 0.671083
2.292 0.670523
2.294 0.669835
2.296 0.669242
2.298 0.668684
2.300 0.668130
2.302 0.667564
2.304 0.666986
2.306 0.666276
2.308 0.665663
2.310 0.665093
2.312 0.664533
2.314 0.663846
2.316 0.663131
2.318 0.662435
2.320 0.661891
2.322 0.661394
2.324 0.660889
2.326 0.660354
2.328 0.659672
2.330 0.659069
2.332 0.658381
2.334 0.657682
2.336 0.657003
2.338 0.656472
2.340 0.655984
2.342 0.655483
2.344 0.654834
2.346 0.654135
2.348 0.653558
2.350 0.653027
2.352 0.652498
2.354 0.651951
2.356 0.651383
2.358 0.650682
2.360 0.650068
2.362 0.649496
2.364 0.648935
2.366 0.648370
2.368 0.647794
2.370 0.647208
2.372 0.646616
2.374 0.645903
2.376 0.645285
2.378 0.644712
2.380 0.644153
2.382 0.643590
2.384 0.643015
2.386 0.642429
2.388 0.641836
2.390 0.641239
2.392 0.640640
2.394 0.640041
2.396 0.639326
2.398 0.638592
2.400 0.637885
2.402 0.637332
2.404 0.636834
2.406 0.636331
2.408 0.635801
2.410 0.635125
2.412 0.634521
2.414 0.633950
2.416 0.633271
2.418 0.632681
2.420 0.632128
2.422 0.631694
2.424 0.631385
2.426 0.631172
2.428 0.630690
2.430 0.630009
2.432 0.629245
2.434 0.628487
2.436 0.627772
2.438 0.627104
2.440 0.626473
2.442 0.625862
2.444 0.625261
2.446 0.624546
2.448 0.623924
2.450 0.623230
2.452 0.622526
2.454 0.621842
2.456 0.621300
2.458 0.620802
2.460 0.620292
2.462 0.619752
2.464 0.619180
2.466 0.618587
2.468 0.617981
2.470 0.617371
2.472 0.616761
2.474 0.616153
2.476 0.615548
2.478 0.614945
2.480 0.614343
2.482 0.613741
2.484 0.613140
2.486 0.612423
2.488 0.611802
2.490 0.611227
2.492 0.610665
2.494 0.610214
2.496 0.609887
2.498 0.609660
2.500 0.609167
2.502 0.608491
2.504 0.607751
2.506 0.606882
2.508 0.605961
2.510 0.605209
2.512 0.604677
2.514 0.604098
2.516 0.603599
2.518 0.603101
2.520 0.602569
2.522 0.601998
2.524 0.601399
2.526 0.600781
2.528 0.600157
2.530 0.599533
2.532 0.598912
2.534 0.598294
2.536 0.597563
2.538 0.596930
2.540 0.596229
2.542 0.595637
2.544 0.595087
2.546 0.594423
2.548 0.593723
2.550 0.593146
2.552 0.592613
2.554 0.592080
2.556 0.591410
2.558 0.590813
2.560 0.590245
2.562 0.589680
2.564 0.589106
2.566 0.588520
2.568 0.587925
2.570 0.587323
2.572 0.586720
2.574 0.586116
2.576 0.585628
2.578 0.585046
2.580 0.584303
2.582 0.583643
2.584 0.583036
2.586 0.582453
2.588 0.581875
2.590 0.581294
2.592 0.580707
2.594 0.580113
2.596 0.579515
2.598 0.578915
2.600 0.578315
2.602 0.577715
2.604 0.577115
2.606 0.576516
2.608 0.575917
2.610 0.575319
2.612 0.574720
2.614 0.574122
2.616 0.573408
2.618 0.572790
2.620 0.572218
2.622 0.571658
2.624 0.571094
2.626 0.570518
2.628 0.569931
2.630 0.569221
2.632 0.568487
2.634 0.567776
2.636 0.567105
2.638 0.566468
2.640 0.565854
2.642 0.565368
2.644 0.564906
2.646 0.564417
2.648 0.563888
2.650 0.563322
2.652 0.562734
2.654 0.562249
2.656 0.561897
2.658 0.561311
2.660 0.560621
2.662 0.559912
2.664 0.559226
2.666 0.558575
2.668 0.557954
2.670 0.557352
2.672 0.556760
2.674 0.556170
2.676 0.555580
2.678 0.554987
2.680 0.554392
2.682 0.553795
2.684 0.553197
2.686 0.552483
2.688 0.551865
2.690 0.551177
2.692 0.550597
2.694 0.550059
2.696 0.549638
2.698 0.549106
2.700 0.548508
2.702 0.547882
2.704 0.547252
2.706 0.546629
2.708 0.546017
2.710 0.545297
2.712 0.544677
2.714 0.543992
2.716 0.543414
2.718 0.542878
2.720 0.542343
2.722 0.541790
2.724 0.541218
2.726 0.540630
2.728 0.540033
2.730 0.539317
2.732 0.538695
2.734 0.538120
2.736 0.537559
2.738 0.536878
2.740 0.536167
2.742 0.535470
2.744 0.534805
2.746 0.534169
2.748 0.533669
2.750 0.533085
2.752 0.532575
2.754 0.532072
2.756 0.531547
2.758 0.530992
2.760 0.530414
2.762 0.529821
2.764 0.529220
2.766 0.528503
2.768 0.527881
2.770 0.527308
2.772 0.526749
2.774 0.526070
2.776 0.525475
2.778 0.524916
2.780 0.524363
2.782 0.523799
2.784 0.523222
2.786 0.522519
2.788 0.521903
2.790 0.521215
2.792 0.520634
2.794 0.520095
2.796 0.519557
2.798 0.518889
2.800 0.518296
2.802 0.517736
2.804 0.517179
2.806 0.516613
2.808 0.516034
2.810 0.515445
2.812 0.514850
2.814 0.514252
2.816 0.513652
2.818 0.513053
2.820 0.512455
2.822 0.511857
2.824 0.511260
2.826 0.510663
2.828 0.510065
2.830 0.509468
2.832 0.508871
2.834 0.508157
2.836 0.507539
2.838 0.506967
2.840 0.506408
2.842 0.505844
2.844 0.505268
2.846 0.504565
2.848 0.503949
2.850 0.503377
2.852 0.502815
2.854 0.502132
2.856 0.501534
2.858 0.500972
2.860 0.500416
2.862 0.499735
2.864 0.499020
2.866 0.498436
2.868 0.497905
2.870 0.497378
2.872 0.496833
2.874 0.496265
2.876 0.495680
2.878 0.495084
2.880 0.494483
2.882 0.493881
2.884 0.493163
2.886 0.492427
2.888 0.491834
2.890 0.491300
2.892 0.490775
2.894 0.490233
2.896 0.489668
2.898 0.489085
2.900 0.488490
2.902 0.487889
2.904 0.487286
2.906 0.486684
2.908 0.486084
2.910 0.485484
2.912 0.484886
2.914 0.484172
2.916 0.483554
2.918 0.482982
2.920 0.482423
2.922 0.481858
2.924 0.481282
2.926 0.480695
2.928 0.480099
2.930 0.479500
2.932 0.478783
2.934 0.478046
2.936 0.477336
2.938 0.476665
2.940 0.476028
2.942 0.475414
2.944 0.474811
2.946 0.474211
2.948 0.473726
2.950 0.473260
2.952 0.472766
2.954 0.472231
2.956 0.471662
2.958 0.471071
2.960 0.470469
2.962 0.469864
2.964 0.469144
2.966 0.468522
2.968 0.467949
2.970 0.467391
2.972 0.466712
2.974 0.466117
2.976 0.465442
2.978 0.464867
2.980 0.464329
2.982 0.463790
2.984 0.463235
2.986 0.462546
2.988 0.461938
2.990 0.461367
2.992 0.460806
2.994 0.460238
2.996 0.459660
2.998 0.458957
3.000 0.458226
3.002 0.457633
3.004 0.457098
3.006 0.456571
3.008 0.456028
3.010 0.455463
3.012 0.454880
3.014 0.454285
3.016 0.453685
3.018 0.452967
3.020 0.452229
3.022 0.451635
3.024 0.451101
3.026 0.450576
3.028 0.450034
3.030 0.449470
3.032 0.448887
3.034 0.448292
3.036 0.447691
3.038 0.447089
3.040 0.446487
3.042 0.445887
3.044 0.445172
3.046 0.444553
3.048 0.443982
3.050 0.443423
3.052 0.442743
3.054 0.442031
3.056 0.441334
3.058 0.440783
3.060 0.440167
3.062 0.439524
3.064 0.438996
3.066 0.438498
3.068 0.437985
3.070 0.437443
3.072 0.436757
3.074 0.436147
3.076 0.435573
3.078 0.435009
3.080 0.434440
3.082 0.433860
3.084 0.433272
3.086 0.432793
3.088 0.432114
3.090 0.431360
3.092 0.430730
3.094 0.430162
3.096 0.429612
3.098 0.429056
3.100 0.428370
3.102 0.427765
3.104 0.427197
3.106 0.426636
3.108 0.426068
3.110 0.425489
3.112 0.424899
3.114 0.424303
3.116 0.423587
3.118 0.422965
3.120 0.422391
3.122 0.421829
3.124 0.421148
3.126 0.420435
3.128 0.419853
3.130 0.419323
3.132 0.418796
3.134 0.418250
3.136 0.417683
3.138 0.417097
3.140 0.416500
3.142 0.415898
3.144 0.415295
3.146 0.414693
3.148 0.414093
3.150 0.413493
3.152 0.412895
3.154 0.412297
3.156 0.411698
3.158 0.411100
3.160 0.410502
3.162 0.409903
3.164 0.409305
3.166 0.408706
3.168 0.408107
3.170 0.407508
3.172 0.406909
3.174 0.406310
3.176 0.405711
3.178 0.405112
3.180 0.404513
3.182 0.403798
3.184 0.403178
3.186 0.402489
3.188 0.401908
3.190 0.401368
3.192 0.400830
3.194 0.400275
3.196 0.399585
3.198 0.398976
3.200 0.398404
3.202 0.397840
3.204 0.397271
3.206 0.396691
3.208 0.396101
3.210 0.395505
3.212 0.394905
3.214 0.394304
3.216 0.393703
3.218 0.393103
3.220 0.392619
3.222 0.392272
3.224 0.391690
3.226 0.390934
3.228 0.390138
3.230 0.389372
3.232 0.388776
3.234 0.388133
3.236 0.387593
3.238 0.387078
3.240 0.386548
3.242 0.385991
3.244 0.385408
3.246 0.384692
3.248 0.384063
3.250 0.383478
3.252 0.382790
3.254 0.382078
3.256 0.381384
3.258 0.380718
3.260 0.380080
3.262 0.379460
3.264 0.378850
3.266 0.378244
3.268 0.377753
3.270 0.377282
3.272 0.376784
3.274 0.376245
3.276 0.375673
3.278 0.375079
3.280 0.374474
3.282 0.373867
3.284 0.373144
3.286 0.372520
3.288 0.371945
3.290 0.371268
3.292 0.370683
3.294 0.370248
3.296 0.369952
3.298 0.369753
3.300 0.369279
3.302 0.368603
3.304 0.367779
3.306 0.367029
3.308 0.366232
3.310 0.365576
3.312 0.365108
3.314 0.364683
3.316 0.364110
3.318 0.363463
3.320 0.362793
3.322 0.362128
3.324 0.361481
3.326 0.360735
3.328 0.360097
3.330 0.359512
3.332 0.358827
3.334 0.358233
3.336 0.357674
3.338 0.357116
3.340 0.356544
3.342 0.355957
3.344 0.355358
3.346 0.354751
3.348 0.354142
3.350 0.353532
3.352 0.352923
3.354 0.352316
3.356 0.351710
3.358 0.351105
3.360 0.350385
3.362 0.349760
3.364 0.349182
3.366 0.348618
3.368 0.348048
3.370 0.347467
3.372 0.346875
3.374 0.346276
3.376 0.345788
3.378 0.345204
3.380 0.344458
3.382 0.343795
3.384 0.343185
3.386 0.342600
3.388 0.342021
3.390 0.341439
3.392 0.340734
3.394 0.340003
3.396 0.339409
3.398 0.338872
3.400 0.338343
3.402 0.337797
3.404 0.337229
3.406 0.336643
3.408 0.336045
3.410 0.335442
3.412 0.334838
3.414 0.334235
3.416 0.333633
3.418 0.333033
3.420 0.332433
3.422 0.331835
3.424 0.331236
3.426 0.330637
3.428 0.329923
3.430 0.329303
3.432 0.328730
3.434 0.328170
3.436 0.327605
3.438 0.327028
3.440 0.326440
3.442 0.325845
3.444 0.325245
3.446 0.324644
3.448 0.324043
3.450 0.323443
3.452 0.322728
3.454 0.322108
3.456 0.321420
3.458 0.320724
3.460 0.320049
3.462 0.319401
3.464 0.318892
3.466 0.318417
3.468 0.317924
3.470 0.317393
3.472 0.316829
3.474 0.316241
3.476 0.315640
3.478 0.315035
3.480 0.314431
3.482 0.313829
3.484 0.313229
3.486 0.312631
3.488 0.312034
3.490 0.311437
3.492 0.310724
3.494 0.309991
3.496 0.309399
3.498 0.308982
3.500 0.308362
3.502 0.307657
3.504 0.307059
3.506 0.306507
3.508 0.305963
3.510 0.305291
3.512 0.304698
3.514 0.304138
3.516 0.303581
3.518 0.303015
3.520 0.302437
3.522 0.301848
3.524 0.301136
3.526 0.300516
3.528 0.299943
3.530 0.299382
3.532 0.298817
3.534 0.298241
3.536 0.297538
3.538 0.296924
3.540 0.296352
3.542 0.295791
3.544 0.295225
3.546 0.294532
3.548 0.293924
3.550 0.293356
3.552 0.292796
3.554 0.292230
3.556 0.291652
3.558 0.291064
3.560 0.290469
3.562 0.289870
3.564 0.289270
3.566 0.288670
3.568 0.288071
3.570 0.287473
3.572 0.286874
3.574 0.286277
3.576 0.285679
3.578 0.285081
3.580 0.284483
3.582 0.283885
3.584 0.283286
3.586 0.282688
3.588 0.282089
3.590 0.281491
3.592 0.280892
3.594 0.280294
3.596 0.279579
3.598 0.278960
3.600 0.278387
3.602 0.277827
3.604 0.277262
3.606 0.276685
3.608 0.276097
3.610 0.275502
3.612 0.274902
3.614 0.274185
3.616 0.273563
3.618 0.272989
3.620 0.272312
3.622 0.271726
3.624 0.271175
3.626 0.270626
3.628 0.270065
3.630 0.269487
3.632 0.268897
3.634 0.268300
3.636 0.267698
3.638 0.267096
3.640 0.266495
3.642 0.265779
3.644 0.265159
3.646 0.264586
3.648 0.264027
3.650 0.263462
3.652 0.262885
3.654 0.262413
3.656 0.261839
3.658 0.261213
3.660 0.260573
3.662 0.259775
3.664 0.259033
3.666 0.258465
3.668 0.257962
3.670 0.257459
3.672 0.256928
3.674 0.256364
3.676 0.255776
3.678 0.255174
3.680 0.254565
3.682 0.253955
3.684 0.253347
3.686 0.252741
3.688 0.252137
3.690 0.251535
3.692 0.250765
3.694 0.250041
3.696 0.249366
3.698 0.248844
3.700 0.248365
3.702 0.247868
3.704 0.247335
3.706 0.246766
3.708 0.246172
3.710 0.245449
3.712 0.244816
3.714 0.244231
3.716 0.243661
3.718 0.243089
3.720 0.242507
3.722 0.241916
3.724 0.241317
3.726 0.240715
3.728 0.240111
3.730 0.239507
3.732 0.238788
3.734 0.238165
3.736 0.237590
3.738 0.237027
3.740 0.236460
3.742 0.235765
3.744 0.235039
3.746 0.234332
3.748 0.233659
3.750 0.233134
3.752 0.232652
3.754 0.232156
3.756 0.231625
3.758 0.231060
3.760 0.230472
3.762 0.229871
3.764 0.229265
3.766 0.228659
3.768 0.228055
3.770 0.227454
3.772 0.226854
3.774 0.226256
3.776 0.225542
3.778 0.224923
3.780 0.224351
3.782 0.223792
3.784 0.223227
3.786 0.222650
3.788 0.222063
3.790 0.221467
3.792 0.220868
3.794 0.220151
3.796 0.219414
3.798 0.218819
3.800 0.218285
3.802 0.217758
3.804 0.217216
3.806 0.216650
3.808 0.216067
3.810 0.215471
3.812 0.214870
3.814 0.214267
3.816 0.213665
3.818 0.213064
3.820 0.212464
3.822 0.211866
3.824 0.211268
3.826 0.210670
3.828 0.210072
3.830 0.209474
3.832 0.208875
3.834 0.208277
3.836 0.207678
3.838 0.207080
3.840 0.206481
3.842 0.205882
3.844 0.205284
3.846 0.204685
3.848 0.204086
3.850 0.203487
3.852 0.202888
3.854 0.202405
3.856 0.202058
3.858 0.201706
3.860 0.201289
3.862 0.200655
3.864 0.199926
3.866 0.199187
3.868 0.198477
3.870 0.197805
3.872 0.197165
3.874 0.196545
3.876 0.195935
3.878 0.195328
3.880 0.194720
3.882 0.194110
3.884 0.193498
3.886 0.192886
3.888 0.192273
3.890 0.191545
3.892 0.190913
3.894 0.190327
3.896 0.189756
3.898 0.189180
3.900 0.188593
3.902 0.187995
3.904 0.187390
3.906 0.186782
3.908 0.186172
3.910 0.185563
3.912 0.184955
3.914 0.184232
3.916 0.183605
3.918 0.183026
3.920 0.182460
3.922 0.181889
3.924 0.181306
3.926 0.180713
3.928 0.180113
3.930 0.179508
3.932 0.178903
3.934 0.178297
3.936 0.177693
3.938 0.177089
3.940 0.176486
3.942 0.175884
3.944 0.175282
3.946 0.174680
3.948 0.174079
3.950 0.173477
3.952 0.172876
3.954 0.172274
3.956 0.171673
3.958 0.171072
3.960 0.170471
3.962 0.169870
3.964 0.169269
3.966 0.168553
3.968 0.167932
3.970 0.167241
3.972 0.166659
3.974 0.166118
3.976 0.165579
3.978 0.165023
3.980 0.164449
3.982 0.163859
3.984 0.163261
3.986 0.162658
3.988 0.162054
3.990 0.161452
3.992 0.160851
3.994 0.160135
3.996 0.159515
3.998 0.158942
4.000 0.158382
4.002 0.157817
4.004 0.157240
4.006 0.156652
4.008 0.156057
4.010 0.155457
4.012 0.154856
4.014 0.154255
4.016 0.153654
4.018 0.153055
4.020 0.152456
4.022 0.151857
4.024 0.151259
4.026 0.150660
4.028 0.150061
4.030 0.149463
4.032 0.148864
4.034 0.148265
4.036 0.147666
4.038 0.147067
4.040 0.146468
4.042 0.145870
4.044 0.145271
4.046 0.144672
4.048 0.144073
4.050 0.143474
4.052 0.142759
4.054 0.142139
4.056 0.141566
4.058 0.141006
4.060 0.140441
4.062 0.139864
4.064 0.139276
4.066 0.138680
4.068 0.138081
4.070 0.137363
4.072 0.136742
4.074 0.136167
4.076 0.135606
4.078 0.135041
4.080 0.134464
4.082 0.133761
4.084 0.133029
4.086 0.132435
4.088 0.131899
4.090 0.131370
4.092 0.130826
4.094 0.130259
4.096 0.129675
4.098 0.129079
4.100 0.128478
4.102 0.127875
4.104 0.127273
4.106 0.126672
4.108 0.126072
4.110 0.125474
4.112 0.124876
4.114 0.124162
4.116 0.123427
4.118 0.122835
4.120 0.122185
4.122 0.121639
4.124 0.121122
4.126 0.120595
4.128 0.120045
4.130 0.119471
4.132 0.118880
4.134 0.118281
4.136 0.117678
4.138 0.116959
4.140 0.116221
4.142 0.115627
4.144 0.115093
4.146 0.114567
4.148 0.113909
4.150 0.113324
4.152 0.112767
4.154 0.112211
4.156 0.111643
4.158 0.110947
4.160 0.110220
4.162 0.109628
4.164 0.109093
4.166 0.108565
4.168 0.108021
4.170 0.107455
4.172 0.106871
4.174 0.106276
4.176 0.105675
4.178 0.105073
4.180 0.104472
4.182 0.103872
4.184 0.103157
4.186 0.102539
4.188 0.101967
4.190 0.101293
4.192 0.100592
4.194 0.100022
4.196 0.099500
4.198 0.098978
4.200 0.098319
4.202 0.097731
4.204 0.097171
4.206 0.096613
4.208 0.096045
4.210 0.095464
4.212 0.094874
4.214 0.094161
4.216 0.093541
4.218 0.092967
4.220 0.092406
4.222 0.091841
4.224 0.091265
4.226 0.090678
4.228 0.090084
4.230 0.089485
4.232 0.088885
4.234 0.088285
4.236 0.087686
4.238 0.087087
4.240 0.086488
4.242 0.085890
4.244 0.085292
4.246 0.084694
4.248 0.084096
4.250 0.083497
4.252 0.082899
4.254 0.082185
4.256 0.081450
4.258 0.080741
4.260 0.080186
4.262 0.079686
4.264 0.079182
4.266 0.078650
4.268 0.078087
4.270 0.077618
4.272 0.077040
4.274 0.076410
4.276 0.075767
4.278 0.075130
4.280 0.074507
4.282 0.073896
4.284 0.073178
4.286 0.072561
4.288 0.071991
4.290 0.071433
4.292 0.070870
4.294 0.070410
4.296 0.070075
4.298 0.069610
4.300 0.068941
4.302 0.068203
4.304 0.067473
4.306 0.066783
4.308 0.066135
4.310 0.065402
4.312 0.064783
4.314 0.064216
4.316 0.063548
4.318 0.062967
4.320 0.062419
4.322 0.061754
4.324 0.061170
4.326 0.060616
4.328 0.060062
4.330 0.059496
4.332 0.058915
4.334 0.058323
4.336 0.057724
4.338 0.057121
4.340 0.056519
4.342 0.055917
4.344 0.055316
4.346 0.054715
4.348 0.054000
4.350 0.053380
4.352 0.052806
4.354 0.052246
4.356 0.051680
4.358 0.051102
4.360 0.050514
4.362 0.049918
4.364 0.049317
4.366 0.048715
4.368 0.048114
4.370 0.047513
4.372 0.046912
4.374 0.046428
4.376 0.046081
4.378 0.045728
4.380 0.045141
4.382 0.044412
4.384 0.043656
4.386 0.042930
4.388 0.042251
4.390 0.041611
4.392 0.040998
4.394 0.040398
4.396 0.039802
4.398 0.039205
4.400 0.038490
4.402 0.037867
4.404 0.037173
4.406 0.036586
4.408 0.036040
4.410 0.035496
4.412 0.034936
4.414 0.034358
4.416 0.033764
4.418 0.033162
4.420 0.032556
4.422 0.031949
4.424 0.031343
4.426 0.030739
4.428 0.030136
4.430 0.029533
4.432 0.028932
4.434 0.028330
4.436 0.027729
4.438 0.027127
4.440 0.026526
4.442 0.025924
4.444 0.025323
4.446 0.024721
4.448 0.024120
4.450 0.023519
4.452 0.022918
4.454 0.022201
4.456 0.021579
4.458 0.020889
4.460 0.020306
4.462 0.019765
4.464 0.019225
4.466 0.018669
4.468 0.018094
4.470 0.017504
4.472 0.016905
4.474 0.016302
4.476 0.015698
4.478 0.015095
4.480 0.014493
4.482 0.013892
4.484 0.013177
4.486 0.012557
4.488 0.011983
4.490 0.011307
4.492 0.010721
4.494 0.010169
4.496 0.009619
4.498 0.009057
4.500 0.008479
4.502 0.007888
4.504 0.007290
4.506 0.006688
4.508 0.006086
4.510 0.005484
4.512 0.004884
4.514 0.004168
4.516 0.003433
4.518 0.002724
4.520 0.002169
4.522 0.001669
4.524 0.001164
4.526 0.000632
4.528 -0.000046
4.530 -0.000767
4.532 -0.001360
4.534 -0.001784
4.536 -0.002295
4.538 -0.002869
4.540 -0.003476
4.542 -0.004094
4.544 -0.004712
4.546 -0.005324
4.548 -0.005929
4.550 -0.006530
4.552 -0.007128
4.554 -0.007725
4.556 -0.008322
4.558 -0.008919
4.560 -0.009517
4.562 -0.010115
4.564 -0.010713
4.566 -0.011312
4.568 -0.011911
4.570 -0.012510
4.572 -0.013108
4.574 -0.013707
4.576 -0.014306
4.578 -0.014905
4.580 -0.015504
4.582 -0.016103
4.584 -0.016702
4.586 -0.017301
4.588 -0.017900
4.590 -0.018499
4.592 -0.019098
4.594 -0.019697
4.596 -0.020412
4.598 -0.021148
4.600 -0.021742
4.602 -0.022276
4.604 -0.022803
4.606 -0.023347
4.608 -0.023913
4.610 -0.024498
4.612 -0.025094
4.614 -0.025696
4.616 -0.026416
4.618 -0.027155
4.620 -0.027751
4.622 -0.028286
4.624 -0.028929
4.626 -0.029492
4.628 -0.030032
4.630 -0.030577
4.632 -0.031139
4.634 -0.031834
4.636 -0.032447
4.638 -0.033020
4.640 -0.033583
4.642 -0.034151
4.644 -0.034730
4.646 -0.035319
4.648 -0.035914
4.650 -0.036513
4.652 -0.037113
4.654 -0.037714
4.656 -0.038313
4.658 -0.038797
4.660 -0.039375
4.662 -0.039999
4.664 -0.040636
4.666 -0.041268
4.668 -0.041889
4.670 -0.042498
4.672 -0.043101
4.674 -0.043699
4.676 -0.044295
4.678 -0.044892
4.680 -0.045490
4.682 -0.046088
4.684 -0.046687
4.686 -0.047287
4.688 -0.047886
4.690 -0.048486
4.692 -0.049086
4.694 -0.049685
4.696 -0.050285
4.698 -0.050884
4.700 -0.051484
4.702 -0.052083
4.704 -0.052683
4.706 -0.053283
4.708 -0.053882
4.710 -0.054482
4.712 -0.055082
4.714 -0.055681
4.716 -0.056281
4.718 -0.056881
4.720 -0.057481
4.722 -0.058081
4.724 -0.058680
4.726 -0.059280
4.728 -0.059880
4.730 -0.060480
4.732 -0.061080
4.734 -0.061680
4.736 -0.062395
4.738 -0.063131
4.740 -0.063726
4.742 -0.064377
4.744 -0.064925
4.746 -0.065443
4.748 -0.065971
4.750 -0.066522
4.752 -0.067097
4.754 -0.067689
4.756 -0.068289
4.758 -0.068893
4.760 -0.069613
4.762 -0.070236
4.764 -0.070811
4.766 -0.071372
4.768 -0.071937
4.770 -0.072629
4.772 -0.073238
4.774 -0.073807
4.776 -0.074368
4.778 -0.074935
4.780 -0.075514
4.782 -0.075988
4.784 -0.076564
4.786 -0.077190
4.788 -0.077830
4.790 -0.078464
4.792 -0.079087
4.794 -0.079813
4.796 -0.080552
4.798 -0.081260
4.800 -0.081813
4.802 -0.082311
4.804 -0.082814
4.806 -0.083345
4.808 -0.083908
4.810 -0.084493
4.812 -0.085092
4.814 -0.085697
4.816 -0.086418
4.818 -0.087157
4.820 -0.087869
4.822 -0.088425
4.824 -0.089041
4.826 -0.089681
4.828 -0.090207
4.830 -0.090819
4.832 -0.091352
4.834 -0.091868
4.836 -0.092400
4.838 -0.092956
4.840 -0.093534
4.842 -0.094126
4.844 -0.094726
4.846 -0.095329
4.848 -0.095930
4.850 -0.096531
4.852 -0.097246
4.854 -0.097864
4.856 -0.098435
4.858 -0.098994
4.860 -0.099442
4.862 -0.100098
4.864 -0.100724
4.866 -0.101329
4.868 -0.101923
4.870 -0.102630
4.872 -0.103242
4.874 -0.103810
4.876 -0.104368
4.878 -0.104933
4.880 -0.105510
4.882 -0.106098
4.884 -0.106694
4.886 -0.107410
4.888 -0.108032
4.890 -0.108608
4.892 -0.109170
4.894 -0.109736
4.896 -0.110313
4.898 -0.110901
4.900 -0.111496
4.902 -0.112096
4.904 -0.112813
4.906 -0.113434
4.908 -0.114009
4.910 -0.114758
4.912 -0.115458
4.914 -0.115996
4.916 -0.116482
4.918 -0.116979
4.920 -0.117508
4.922 -0.118072
4.924 -0.118660
4.926 -0.119263
4.928 -0.119871
4.930 -0.120479
4.932 -0.121200
4.934 -0.121940
4.936 -0.122536
4.938 -0.123072
4.940 -0.123599
4.942 -0.124143
4.944 -0.124710
4.946 -0.125295
4.948 -0.126008
4.950 -0.126631
4.952 -0.127210
4.954 -0.127890
4.956 -0.128479
4.958 -0.129032
4.960 -0.129581
4.962 -0.130144
4.964 -0.130721
4.966 -0.131311
4.968 -0.131909
4.970 -0.132510
4.972 -0.133112
4.974 -0.133714
4.976 -0.134430
4.978 -0.135050
4.980 -0.135623
4.982 -0.136183
4.984 -0.136748
4.986 -0.137491
4.988 -0.138273
4.990 -0.138917
4.992 -0.139495
4.994 -0.140058
4.996 -0.140630
4.998 -0.141104
5.000 -0.141573
5.002 -0.142078
5.004 -0.142627
5.006 -0.143211
5.008 -0.143815
5.010 -0.144429
5.012 -0.145044
5.014 -0.145657
5.016 -0.146267
5.018 -0.146990
5.020 -0.147615
5.022 -0.148192
5.024 -0.148873
5.026 -0.149462
5.028 -0.150017
5.030 -0.150570
5.032 -0.151136
5.034 -0.151717
5.036 -0.152311
5.038 -0.152912
5.040 -0.153516
5.042 -0.154121
5.044 -0.154725
5.046 -0.155444
5.048 -0.156066
5.050 -0.156641
5.052 -0.157203
5.054 -0.157770
5.056 -0.158348
5.058 -0.159053
5.060 -0.159670
5.062 -0.160245
5.064 -0.160809
5.066 -0.161377
5.068 -0.161957
5.070 -0.162662
5.072 -0.163279
5.074 -0.163969
5.076 -0.164553
5.078 -0.165094
5.080 -0.165750
5.082 -0.166326
5.084 -0.166874
5.086 -0.167423
5.088 -0.167987
5.090 -0.168567
5.092 -0.169158
5.094 -0.169756
5.096 -0.170357
5.098 -0.171074
5.100 -0.171696
5.102 -0.172269
5.104 -0.172829
5.106 -0.173509
5.108 -0.174106
5.110 -0.174666
5.112 -0.175222
5.114 -0.175787
5.116 -0.176366
5.118 -0.176955
5.120 -0.177551
5.122 -0.178151
5.124 -0.178751
5.126 -0.179351
5.128 -0.180067
5.130 -0.180802
5.132 -0.181510
5.134 -0.182179
5.136 -0.182699
5.138 -0.183177
5.140 -0.183669
5.142 -0.184197
5.144 -0.184759
5.146 -0.185345
5.148 -0.185945
5.150 -0.186665
5.152 -0.187290
5.154 -0.187867
5.156 -0.188428
5.158 -0.188992
5.160 -0.189683
5.162 -0.190290
5.164 -0.190857
5.166 -0.191416
5.168 -0.191982
5.170 -0.192559
5.172 -0.193147
5.174 -0.193742
5.176 -0.194341
5.178 -0.194940
5.180 -0.195540
5.182 -0.196139
5.184 -0.196737
5.186 -0.197335
5.188 -0.197933
5.190 -0.198415
5.192 -0.198760
5.194 -0.198996
5.196 -0.199497
5.198 -0.200192
5.200 -0.201030
5.202 -0.201795
5.204 -0.202487
5.206 -0.203126
5.208 -0.203734
5.210 -0.204330
5.212 -0.204926
5.214 -0.205525
5.216 -0.206129
5.218 -0.206737
5.220 -0.207347
5.222 -0.208073
5.224 -0.208819
5.226 -0.209539
5.228 -0.210103
5.230 -0.210729
5.232 -0.211262
5.234 -0.211776
5.236 -0.212307
5.238 -0.212866
5.240 -0.213449
5.242 -0.214048
5.244 -0.214656
5.246 -0.215429
5.248 -0.216158
5.250 -0.216838
5.252 -0.217480
5.254 -0.218098
5.256 -0.218707
5.258 -0.219197
5.260 -0.219669
5.262 -0.220169
5.264 -0.220711
5.266 -0.221286
5.268 -0.221885
5.270 -0.222493
5.272 -0.223105
5.274 -0.223715
5.276 -0.224322
5.278 -0.225043
5.280 -0.225666
5.282 -0.226241
5.284 -0.226803
5.286 -0.227370
5.288 -0.227949
5.290 -0.228654
5.292 -0.229272
5.294 -0.229964
5.296 -0.230548
5.298 -0.231091
5.300 -0.231632
5.302 -0.232189
5.304 -0.232763
5.306 -0.233353
5.308 -0.233951
5.310 -0.234554
5.312 -0.235157
5.314 -0.235875
5.316 -0.236496
5.318 -0.237070
5.320 -0.237746
5.322 -0.238332
5.324 -0.238883
5.326 -0.239547
5.328 -0.240129
5.330 -0.240796
5.332 -0.241368
5.334 -0.241906
5.336 -0.242446
5.338 -0.243003
5.340 -0.243578
5.342 -0.244167
5.344 -0.244881
5.346 -0.245502
5.348 -0.246078
5.350 -0.246640
5.352 -0.247205
5.354 -0.247782
5.356 -0.248368
5.358 -0.248962
5.360 -0.249560
5.362 -0.250160
5.364 -0.250760
5.366 -0.251359
5.368 -0.252074
5.370 -0.252808
5.372 -0.253400
5.374 -0.253933
5.376 -0.254574
5.378 -0.255137
5.380 -0.255675
5.382 -0.256220
5.384 -0.256897
5.386 -0.257612
5.388 -0.258198
5.390 -0.258847
5.392 -0.259396
5.394 -0.259916
5.396 -0.260444
5.398 -0.260994
5.400 -0.261567
5.402 -0.262156
5.404 -0.262755
5.406 -0.263356
5.408 -0.263958
5.410 -0.264558
5.412 -0.265157
5.414 -0.265639
5.416 -0.265984
5.418 -0.266565
5.420 -0.267252
5.422 -0.267960
5.424 -0.268647
5.426 -0.269300
5.428 -0.269924
5.430 -0.270528
5.432 -0.271122
5.434 -0.271830
5.436 -0.272559
5.438 -0.273148
5.440 -0.273680
5.442 -0.274207
5.444 -0.274750
5.446 -0.275317
5.448 -0.275902
5.450 -0.276499
5.452 -0.277101
5.454 -0.277705
5.456 -0.278308
5.458 -0.278909
5.460 -0.279509
5.462 -0.280108
5.464 -0.280707
5.466 -0.281421
5.468 -0.282041
5.470 -0.282613
5.472 -0.283173
5.474 -0.283855
5.476 -0.284568
5.478 -0.285150
5.480 -0.285681
5.482 -0.286209
5.484 -0.286870
5.486 -0.287459
5.488 -0.288134
5.490 -0.288713
5.492 -0.289255
5.494 -0.289798
5.496 -0.290355
5.498 -0.290930
5.500 -0.291519
5.502 -0.292117
5.504 -0.292833
5.506 -0.293571
5.508 -0.294283
5.510 -0.294838
5.512 -0.295339
5.514 -0.295842
5.516 -0.296373
5.518 -0.297050
5.520 -0.297771
5.522 -0.298478
5.524 -0.299037
5.526 -0.299659
5.528 -0.300187
5.530 -0.300695
5.532 -0.301218
5.534 -0.301768
5.536 -0.302343
5.538 -0.302934
5.540 -0.303534
5.542 -0.304136
5.544 -0.304738
5.546 -0.305338
5.548 -0.305937
5.550 -0.306651
5.552 -0.307268
5.554 -0.307839
5.556 -0.308397
5.558 -0.308961
5.560 -0.309536
5.562 -0.310122
5.564 -0.310717
5.566 -0.311315
5.568 -0.311915
5.570 -0.312631
5.572 -0.313251
5.574 -0.313940
5.576 -0.314520
5.578 -0.315058
5.580 -0.315595
5.582 -0.316149
5.584 -0.316721
5.586 -0.317309
5.588 -0.317906
5.590 -0.318507
5.592 -0.319109
5.594 -0.319826
5.596 -0.320563
5.598 -0.321156
5.600 -0.321690
5.602 -0.322215
5.604 -0.322757
5.606 -0.323438
5.608 -0.324158
5.610 -0.324748
5.612 -0.325285
5.614 -0.325815
5.616 -0.326361
5.618 -0.326929
5.620 -0.327629
5.622 -0.328246
5.624 -0.328820
5.626 -0.329384
5.628 -0.329952
5.630 -0.330530
5.632 -0.331118
5.634 -0.331828
5.636 -0.332447
5.638 -0.333021
5.640 -0.333582
5.642 -0.334148
5.644 -0.334725
5.646 -0.335312
5.648 -0.335906
5.650 -0.336505
5.652 -0.337105
5.654 -0.337706
5.656 -0.338306
5.658 -0.338905
5.660 -0.339503
5.662 -0.340102
5.664 -0.340700
5.666 -0.341298
5.668 -0.341897
5.670 -0.342495
5.672 -0.343094
5.674 -0.343693
5.676 -0.344291
5.678 -0.344890
5.680 -0.345489
5.682 -0.346088
5.684 -0.346687
5.686 -0.347286
5.688 -0.347886
5.690 -0.348485
5.692 -0.349084
5.694 -0.349683
5.696 -0.350283
5.698 -0.350882
5.700 -0.351481
5.702 -0.352081
5.704 -0.352680
5.706 -0.353280
5.708 -0.353879
5.710 -0.354479
5.712 -0.355078
5.714 -0.355678
5.716 -0.356393
5.718 -0.357129
5.720 -0.357724
5.722 -0.358258
5.724 -0.358786
5.726 -0.359330
5.728 -0.359896
5.730 -0.360481
5.732 -0.361078
5.734 -0.361681
5.736 -0.362285
5.738 -0.362888
5.740 -0.363490
5.742 -0.364090
5.744 -0.364690
5.746 -0.365289
5.748 -0.365888
5.750 -0.366487
5.752 -0.367086
5.754 -0.367685
5.756 -0.368285
5.758 -0.368884
5.760 -0.369484
5.762 -0.370083
5.764 -0.370683
5.766 -0.371282
5.768 -0.371998
5.770 -0.372618
5.772 -0.373191
5.774 -0.373868
5.776 -0.374454
5.778 -0.375006
5.780 -0.375556
5.782 -0.376118
5.784 -0.376697
5.786 -0.377287
5.788 -0.378001
5.790 -0.378739
5.792 -0.379336
5.794 -0.379989
5.796 -0.380654
5.798 -0.381193
5.800 -0.381810
5.802 -0.382342
5.804 -0.382856
5.806 -0.383386
5.808 -0.383941
5.810 -0.384519
5.812 -0.385112
5.814 -0.385828
5.816 -0.386568
5.818 -0.387281
5.820 -0.387837
5.822 -0.388338
5.824 -0.388842
5.826 -0.389489
5.828 -0.390186
5.830 -0.390880
5.832 -0.391433
5.834 -0.391938
5.836 -0.392447
5.838 -0.392982
5.840 -0.393546
5.842 -0.394131
5.844 -0.394728
5.846 -0.395330
5.848 -0.395933
5.850 -0.396534
5.852 -0.397304
5.854 -0.398099
5.856 -0.398745
5.858 -0.399204
5.860 -0.399626
5.862 -0.400083
5.864 -0.400713
5.866 -0.401298
5.868 -0.401871
5.870 -0.402446
5.872 -0.403032
5.874 -0.403628
5.876 -0.404230
5.878 -0.404836
5.880 -0.405444
5.882 -0.406051
5.884 -0.406657
5.886 -0.407378
5.888 -0.408118
5.890 -0.408716
5.892 -0.409255
5.894 -0.409902
5.896 -0.410585
5.898 -0.411265
5.900 -0.411809
5.902 -0.412310
5.904 -0.412705
5.906 -0.412993
5.908 -0.413532
5.910 -0.414204
5.912 -0.414915
5.914 -0.415611
5.916 -0.416391
5.918 -0.417045
5.920 -0.417630
5.922 -0.418190
5.924 -0.418751
5.926 -0.419324
5.928 -0.419910
5.930 -0.420505
5.932 -0.421106
5.934 -0.421709
5.936 -0.422313
5.938 -0.423032
5.940 -0.423654
5.942 -0.424345
5.944 -0.425043
5.946 -0.425720
5.948 -0.426254
5.950 -0.426745
5.952 -0.427247
5.954 -0.427781
5.956 -0.428346
5.958 -0.428934
5.960 -0.429535
5.962 -0.430256
5.964 -0.430882
5.966 -0.431460
5.968 -0.432022
5.970 -0.432588
5.972 -0.433164
5.974 -0.433751
5.976 -0.434346
5.978 -0.435061
5.980 -0.435797
5.982 -0.436392
5.984 -0.436927
5.986 -0.437454
5.988 -0.437997
5.990 -0.438562
5.992 -0.439262
5.994 -0.439994
5.996 -0.440589
5.998 -0.441127
6.000 -0.441656
6.002 -0.442317
6.004 -0.442903
6.006 -0.443461
6.008 -0.444017
6.010 -0.444584
6.012 -0.445280
6.014 -0.446006
6.016 -0.446713
6.018 -0.447384
6.020 -0.447906
6.022 -0.448385
6.024 -0.448878
6.026 -0.449406
6.028 -0.449967
6.030 -0.450669
6.032 -0.451288
6.034 -0.451982
6.036 -0.452567
6.038 -0.453109
6.040 -0.453648
6.042 -0.454201
6.044 -0.454888
6.046 -0.455494
6.048 -0.456063
6.050 -0.456624
6.052 -0.457191
6.054 -0.457653
6.056 -0.457988
6.058 -0.458220
6.060 -0.458718
6.062 -0.459412
6.064 -0.460248
6.066 -0.460978
6.068 -0.461631
6.070 -0.462243
6.072 -0.462839
6.074 -0.463435
6.076 -0.464036
6.078 -0.464645
6.080 -0.465258
6.082 -0.465874
6.084 -0.466607
6.086 -0.467244
6.088 -0.467949
6.090 -0.468545
6.092 -0.469098
6.094 -0.469533
6.096 -0.469848
6.098 -0.470302
6.100 -0.470963
6.102 -0.471704
6.104 -0.472443
6.106 -0.473145
6.108 -0.473805
6.110 -0.474434
6.112 -0.475043
6.114 -0.475644
6.116 -0.476127
6.118 -0.476707
6.120 -0.477337
6.122 -0.477981
6.124 -0.478621
6.126 -0.479365
6.128 -0.480004
6.130 -0.480587
6.132 -0.481153
6.134 -0.481723
6.136 -0.482303
6.138 -0.482895
6.140 -0.483495
6.142 -0.484100
6.144 -0.484706
6.146 -0.485312
6.148 -0.485917
6.150 -0.486637
6.152 -0.487260
6.154 -0.487837
6.156 -0.488400
6.158 -0.488968
6.160 -0.489664
6.162 -0.490275
6.164 -0.490847
6.166 -0.491410
6.168 -0.491980
6.170 -0.492561
6.172 -0.493153
6.174 -0.493751
6.176 -0.494468
6.178 -0.495207
6.180 -0.495919
6.182 -0.496476
6.184 -0.497094
6.186 -0.497620
6.188 -0.498127
6.190 -0.498651
6.192 -0.499202
6.194 -0.499779
6.196 -0.500488
6.198 -0.501225
6.200 -0.501824
6.202 -0.502362
6.204 -0.502892
6.206 -0.503436
6.208 -0.504001
6.210 -0.504584
6.212 -0.505179
6.214 -0.505779
6.216 -0.506381
6.218 -0.506982
6.220 -0.507698
6.222 -0.508433
6.224 -0.509025
6.226 -0.509673
6.228 -0.510219
6.230 -0.510734
6.232 -0.511260
6.234 -0.511809
6.236 -0.512382
6.238 -0.513087
6.240 -0.513706
6.242 -0.514282
6.244 -0.514845
6.246 -0.515412
6.248 -0.515989
6.250 -0.516576
6.252 -0.517334
6.254 -0.518218
6.256 -0.519090
6.258 -0.519906
6.260 -0.520662
6.262 -0.521370
6.264 -0.522050
6.266 -0.522601
6.268 -0.523126
6.270 -0.523676
6.272 -0.524267
6.274 -0.524890
6.276 -0.525535
6.278 -0.526189
6.280 -0.526845
6.282 -0.527496
6.284 -0.528143
6.286 -0.528785
6.288 -0.529423
6.290 -0.530058
6.292 -0.530806
6.294 -0.531458
6.296 -0.532061
6.298 -0.532651
6.300 -0.533244
6.302 -0.533847
6.304 -0.534460
6.306 -0.535079
6.308 -0.535701
6.310 -0.536323
6.312 -0.536944
6.314 -0.537447
6.316 -0.538043
6.318 -0.538685
6.320 -0.539338
6.322 -0.539984
6.324 -0.540619
6.326 -0.541241
6.328 -0.541855
6.330 -0.542464
6.332 -0.542956
6.334 -0.543541
6.336 -0.544174
6.338 -0.544935
6.340 -0.545596
6.342 -0.546314
6.344 -0.547028
6.346 -0.547598
6.348 -0.548115
6.350 -0.548634
6.352 -0.549176
6.354 -0.549745
6.356 -0.550335
6.358 -0.550936
6.360 -0.551543
6.362 -0.552150
6.364 -0.552755
6.366 -0.553358
6.368 -0.553959
6.370 -0.554559
6.372 -0.555158
6.374 -0.555757
6.376 -0.556355
6.378 -0.556954
6.380 -0.557721
6.382 -0.558612
6.384 -0.559481
6.386 -0.560164
6.388 -0.560755
6.390 -0.561203
6.392 -0.561638
6.394 -0.562004
6.396 -0.562523
6.398 -0.563019
6.400 -0.563536
6.402 -0.564086
6.404 -0.564666
6.406 -0.565265
6.408 -0.565873
6.410 -0.566600
6.412 -0.567230
6.414 -0.567811
6.416 -0.568492
6.418 -0.569082
6.420 -0.569751
6.422 -0.570322
6.424 -0.570860
6.426 -0.571400
6.428 -0.571957
6.430 -0.572534
6.432 -0.573240
6.434 -0.573860
6.436 -0.574436
6.438 -0.575000
6.440 -0.575568
6.442 -0.576145
6.444 -0.576733
6.446 -0.577327
6.448 -0.577809
6.450 -0.578388
6.452 -0.579014
6.454 -0.579651
6.456 -0.580282
6.458 -0.580902
6.460 -0.581510
6.462 -0.582110
6.464 -0.582706
6.466 -0.583300
6.468 -0.583895
6.470 -0.584490
6.472 -0.585087
6.474 -0.585683
6.476 -0.586280
6.478 -0.586878
6.480 -0.587591
6.482 -0.588324
6.484 -0.588916
6.486 -0.589448
6.488 -0.589857
6.490 -0.590146
6.492 -0.590686
6.494 -0.591410
6.496 -0.592102
6.498 -0.592872
6.500 -0.593515
6.502 -0.594093
6.504 -0.594650
6.506 -0.595210
6.508 -0.595899
6.510 -0.596506
6.512 -0.597076
6.514 -0.597639
6.516 -0.598210
6.518 -0.598791
6.520 -0.599383
6.522 -0.599982
6.524 -0.600583
6.526 -0.601301
6.528 -0.601924
6.530 -0.602499
6.532 -0.603061
6.534 -0.603627
6.536 -0.604204
6.538 -0.604908
6.540 -0.605524
6.542 -0.606098
6.544 -0.606776
6.546 -0.607364
6.548 -0.607917
6.550 -0.608466
6.552 -0.609028
6.554 -0.609606
6.556 -0.610195
6.558 -0.610792
6.560 -0.611392
6.562 -0.611994
6.564 -0.612710
6.566 -0.613330
6.568 -0.613902
6.570 -0.614462
6.572 -0.615026
6.574 -0.615601
6.576 -0.616188
6.578 -0.616782
6.580 -0.617381
6.582 -0.617981
6.584 -0.618581
6.586 -0.619180
6.588 -0.619779
6.590 -0.620377
6.592 -0.621091
6.594 -0.621709
6.596 -0.622281
6.598 -0.622840
6.600 -0.623404
6.602 -0.624096
6.604 -0.624703
6.606 -0.625271
6.608 -0.625831
6.610 -0.626398
6.612 -0.626976
6.614 -0.627565
6.616 -0.628276
6.618 -0.629011
6.620 -0.629721
6.622 -0.630393
6.624 -0.630914
6.626 -0.631392
6.628 -0.632000
6.630 -0.632548
6.632 -0.633084
6.634 -0.633631
6.636 -0.634196
6.638 -0.634778
6.640 -0.635371
6.642 -0.635970
6.644 -0.636570
6.646 -0.637170
6.648 -0.637769
6.650 -0.638367
6.652 -0.639080
6.654 -0.639698
6.656 -0.640268
6.658 -0.640826
6.660 -0.641390
6.662 -0.641965
6.664 -0.642551
6.666 -0.643145
6.668 -0.643743
6.670 -0.644343
6.672 -0.644943
6.674 -0.645658
6.676 -0.646277
6.678 -0.646849
6.680 -0.647408
6.682 -0.647972
6.684 -0.648547
6.686 -0.649134
6.688 -0.649613
6.690 -0.649959
6.692 -0.650541
6.694 -0.651189
6.696 -0.651854
6.698 -0.652510
6.700 -0.653150
6.702 -0.653773
6.704 -0.654386
6.706 -0.654992
6.708 -0.655595
6.710 -0.656199
6.712 -0.656803
6.714 -0.657524
6.716 -0.658150
6.718 -0.658730
6.720 -0.659296
6.722 -0.659868
6.724 -0.660451
6.726 -0.661045
6.728 -0.661762
6.730 -0.662387
6.732 -0.662967
6.734 -0.663534
6.736 -0.664106
6.738 -0.664688
6.740 -0.665280
6.742 -0.665995
6.744 -0.666618
6.746 -0.667197
6.748 -0.667762
6.750 -0.668448
6.752 -0.669164
6.754 -0.669749
6.756 -0.670283
6.758 -0.670812
6.760 -0.671359
6.762 -0.671929
6.764 -0.672517
6.766 -0.673115
6.768 -0.673719
6.770 -0.674324
6.772 -0.674927
6.774 -0.675529
6.776 -0.676130
6.778 -0.676730
6.780 -0.677329
6.782 -0.677928
6.784 -0.678528
6.786 -0.679127
6.788 -0.679726
6.790 -0.680326
6.792 -0.680925
6.794 -0.681525
6.796 -0.682124
6.798 -0.682724
6.800 -0.683323
6.802 -0.683922
6.804 -0.684522
6.806 -0.685121
6.808 -0.685721
6.810 -0.686320
6.812 -0.686919
6.814 -0.687519
6.816 -0.688118
6.818 -0.688718
6.820 -0.689317
6.822 -0.689916
6.824 -0.690516
6.826 -0.691115
6.828 -0.691715
6.830 -0.692430
6.832 -0.693050
6.834 -0.693623
6.836 -0.694184
6.838 -0.694750
6.840 -0.695327
6.842 -0.695915
6.844 -0.696511
6.846 -0.697227
6.848 -0.697849
6.850 -0.698425
6.852 -0.698987
6.854 -0.699553
6.856 -0.700130
6.858 -0.700718
6.860 -0.701314
6.862 -0.701913
6.864 -0.702515
6.866 -0.703232
6.868 -0.703968
6.870 -0.704563
6.872 -0.705097
6.874 -0.705624
6.876 -0.706167
6.878 -0.706732
6.880 -0.707432
6.882 -0.708165
6.884 -0.708761
6.886 -0.709415
6.888 -0.709966
6.890 -0.710485
6.892 -0.711013
6.894 -0.711563
6.896 -0.712137
6.898 -0.712727
6.900 -0.713326
6.902 -0.713928
6.904 -0.714647
6.906 -0.715268
6.908 -0.715842
6.910 -0.716402
6.912 -0.717082
6.914 -0.717678
6.916 -0.718239
6.918 -0.718794
6.920 -0.719359
6.922 -0.720053
6.924 -0.720779
6.926 -0.721485
6.928 -0.722041
6.930 -0.722659
6.932 -0.723301
6.934 -0.723944
6.936 -0.724577
6.938 -0.725199
6.940 -0.725696
6.942 -0.726167
6.944 -0.726662
6.946 -0.727194
6.948 -0.727760
6.950 -0.728349
6.952 -0.728949
6.954 -0.729669
6.956 -0.730293
6.958 -0.730868
6.960 -0.731428
6.962 -0.732107
6.964 -0.732702
6.966 -0.733260
6.968 -0.733814
6.970 -0.734493
6.972 -0.735091
6.974 -0.735652
6.976 -0.736209
6.978 -0.736774
6.980 -0.737467
6.982 -0.738075
6.984 -0.738644
6.986 -0.739204
6.988 -0.739770
6.990 -0.740463
6.992 -0.741071
6.994 -0.741639
6.996 -0.742198
6.998 -0.742764
7.000 -0.743341
7.002 -0.743929
7.004 -0.744639
7.006 -0.745258
7.008 -0.745832
7.010 -0.746277
7.012 -0.746822
7.014 -0.747308
7.016 -0.747682
7.018 -0.747947
7.020 -0.748134
7.022 -0.748599
7.024 -0.749268
7.026 -0.750077
7.028 -0.750897
7.030 -0.751669
7.032 -0.752382
7.034 -0.753045
7.036 -0.753678
7.038 -0.754295
7.040 -0.754909
7.042 -0.755524
7.044 -0.756257
7.046 -0.756898
7.048 -0.757378
7.050 -0.757708
7.052 -0.758279
7.054 -0.758967
7.056 -0.759686
7.058 -0.760389
7.060 -0.761063
7.062 -0.761707
7.064 -0.762330
7.066 -0.762943
7.068 -0.763551
7.070 -0.764159
7.072 -0.764767
7.074 -0.765378
7.076 -0.765989
7.078 -0.766600
7.080 -0.767211
7.082 -0.767822
7.084 -0.768432
7.086 -0.769042
7.088 -0.769534
7.090 -0.769891
7.092 -0.770480
7.094 -0.771240
7.096 -0.772024
7.098 -0.772660
7.100 -0.773344
7.102 -0.773918
7.104 -0.774573
7.106 -0.775139
7.108 -0.775681
7.110 -0.776348
7.112 -0.776942
7.114 -0.777508
7.116 -0.778075
7.118 -0.778654
7.120 -0.779246
7.122 -0.779847
7.124 -0.780453
7.126 -0.781061
7.128 -0.781667
7.130 -0.782386
7.132 -0.783122
7.134 -0.783831
7.136 -0.784386
7.138 -0.784887
7.140 -0.785390
7.142 -0.785920
7.144 -0.786478
7.146 -0.787057
7.148 -0.787648
7.150 -0.788244
7.152 -0.788839
7.154 -0.789432
7.156 -0.790022
7.158 -0.790609
7.160 -0.791193
7.162 -0.791888
7.164 -0.792490
7.166 -0.793158
7.168 -0.793720
7.170 -0.794243
7.172 -0.794763
7.174 -0.795298
7.176 -0.795850
7.178 -0.796416
7.180 -0.796989
7.182 -0.797566
7.184 -0.798142
7.186 -0.798717
7.188 -0.799399
7.190 -0.799989
7.192 -0.800533
7.194 -0.801064
7.196 -0.801599
7.198 -0.802144
7.200 -0.802698
7.202 -0.803259
7.204 -0.803823
7.206 -0.804388
7.208 -0.804843
7.210 -0.805170
7.212 -0.805717
7.214 -0.806360
7.216 -0.807022
7.218 -0.807662
7.220 -0.808270
7.222 -0.808849
7.224 -0.809410
7.226 -0.809960
7.228 -0.810507
7.230 -0.811054
7.232 -0.811602
7.234 -0.812151
7.236 -0.812701
7.238 -0.813356
7.240 -0.813924
7.242 -0.814449
7.244 -0.814960
7.246 -0.815476
7.248 -0.816106
7.250 -0.816868
7.252 -0.817631
7.254 -0.818233
7.256 -0.818752
7.258 -0.819139
7.260 -0.819511
7.262 -0.819922
7.264 -0.820384
7.266 -0.820888
7.268 -0.821418
7.270 -0.821960
7.272 -0.822503
7.274 -0.823044
7.276 -0.823581
7.278 -0.824114
7.280 -0.824644
7.282 -0.825172
7.284 -0.825699
7.286 -0.826225
7.288 -0.826852
7.290 -0.827497
7.292 -0.828119
7.294 -0.828705
7.296 -0.829160
7.298 -0.829576
7.300 -0.830006
7.302 -0.830465
7.304 -0.830953
7.306 -0.831462
7.308 -0.831982
7.310 -0.832606
7.312 -0.833146
7.314 -0.833643
7.316 -0.834226
7.318 -0.834729
7.320 -0.835300
7.322 -0.835786
7.324 -0.836243
7.326 -0.836701
7.328 -0.837174
7.330 -0.837663
7.332 -0.838164
7.334 -0.838671
7.336 -0.839180
7.338 -0.839689
7.340 -0.840197
7.342 -0.840702
7.344 -0.841206
7.346 -0.841708
7.348 -0.842210
7.350 -0.842711
7.352 -0.843211
7.354 -0.843710
7.356 -0.844209
7.358 -0.844707
7.360 -0.845204
7.362 -0.845701
7.364 -0.846197
7.366 -0.846692
7.368 -0.847282
7.370 -0.847888
7.372 -0.848376
7.374 -0.848814
7.376 -0.849246
7.378 -0.849691
7.380 -0.850153
7.382 -0.850725
7.384 -0.851322
7.386 -0.851807
7.388 -0.852244
7.390 -0.852768
7.392 -0.853226
7.394 -0.853663
7.396 -0.854103
7.398 -0.854555
7.400 -0.855021
7.402 -0.855496
7.404 -0.855976
7.406 -0.856457
7.408 -0.856938
7.410 -0.857417
7.412 -0.857987
7.414 -0.858479
7.416 -0.858933
7.418 -0.859376
7.420 -0.859823
7.422 -0.860277
7.424 -0.860740
7.426 -0.861208
7.428 -0.861679
7.430 -0.862241
7.432 -0.862728
7.434 -0.863177
7.436 -0.863614
7.438 -0.864054
7.440 -0.864503
7.442 -0.865048
7.444 -0.865525
7.446 -0.865969
7.448 -0.866492
7.450 -0.866946
7.452 -0.867370
7.454 -0.867792
7.456 -0.868223
7.458 -0.868665
7.460 -0.869116
7.462 -0.869572
7.464 -0.870205
7.466 -0.870782
7.468 -0.871215
7.470 -0.871590
7.472 -0.871963
7.474 -0.872356
7.476 -0.872773
7.478 -0.873209
7.480 -0.873657
7.482 -0.874110
7.484 -0.874649
7.486 -0.875115
7.488 -0.875545
7.490 -0.875962
7.492 -0.876381
7.494 -0.876808
7.496 -0.877242
7.498 -0.877767
7.500 -0.878224
7.502 -0.878646
7.504 -0.879144
7.506 -0.879575
7.508 -0.879978
7.510 -0.880464
7.512 -0.880888
7.514 -0.881289
7.516 -0.881689
7.518 -0.882098
7.520 -0.882600
7.522 -0.883042
7.524 -0.883454
7.526 -0.883859
7.528 -0.884183
7.530 -0.884417
7.532 -0.884578
7.534 -0.885024
7.536 -0.885504
7.538 -0.885900
7.540 -0.886180
7.542 -0.886693
7.544 -0.887282
7.546 -0.887857
7.548 -0.888385
7.550 -0.888864
7.552 -0.889306
7.554 -0.889727
7.556 -0.890140
7.558 -0.890551
7.560 -0.891044
7.562 -0.891555
7.564 -0.891968
7.566 -0.892341
7.568 -0.892709
7.570 -0.893087
7.572 -0.893480
7.574 -0.893885
7.576 -0.894298
7.578 -0.894713
7.580 -0.895128
7.582 -0.895462
7.584 -0.895860
7.586 -0.896288
7.588 -0.896723
7.590 -0.897232
7.592 -0.897667
7.594 -0.898063
7.596 -0.898444
7.598 -0.898825
7.600 -0.899212
7.602 -0.899605
7.604 -0.900004
7.606 -0.900405
7.608 -0.900806
7.610 -0.901207
7.612 -0.901607
7.614 -0.902005
7.616 -0.902402
7.618 -0.902798
7.620 -0.903193
7.622 -0.903588
7.624 -0.904057
7.626 -0.904463
7.628 -0.904913
7.630 -0.905292
7.632 -0.905644
7.634 -0.905993
7.636 -0.906353
7.638 -0.906724
7.640 -0.907104
7.642 -0.907489
7.644 -0.907876
7.646 -0.908411
7.648 -0.908897
7.650 -0.909260
7.652 -0.909576
7.654 -0.909890
7.656 -0.910220
7.658 -0.910570
7.660 -0.911010
7.662 -0.911399
7.664 -0.911763
7.666 -0.912118
7.668 -0.912548
7.670 -0.912923
7.672 -0.913274
7.674 -0.913692
7.676 -0.914055
7.678 -0.914397
7.680 -0.914736
7.682 -0.915083
7.684 -0.915439
7.686 -0.915801
7.688 -0.916166
7.690 -0.916533
7.692 -0.916900
7.694 -0.917266
7.696 -0.917700
7.698 -0.918075
7.700 -0.918491
7.702 -0.918841
7.704 -0.919165
7.706 -0.919487
7.708 -0.919818
7.710 -0.920161
7.712 -0.920511
7.714 -0.920867
7.716 -0.921224
7.718 -0.921581
7.720 -0.921936
7.722 -0.922290
7.724 -0.922643
7.726 -0.923062
7.728 -0.923425
7.730 -0.923759
7.732 -0.924153
7.734 -0.924560
7.736 -0.924891
7.738 -0.925194
7.740 -0.925562
7.742 -0.925954
7.744 -0.926344
7.746 -0.926721
7.748 -0.927018
7.750 -0.927292
7.752 -0.927575
7.754 -0.927943
7.756 -0.928274
7.758 -0.928657
7.760 -0.928985
7.762 -0.929292
7.764 -0.929597
7.766 -0.929909
7.768 -0.930230
7.770 -0.930557
7.772 -0.930889
7.774 -0.931221
7.776 -0.931554
7.778 -0.931885
7.780 -0.932215
7.782 -0.932544
7.784 -0.932871
7.786 -0.933198
7.788 -0.933524
7.790 -0.933849
7.792 -0.934173
7.794 -0.934497
7.796 -0.934820
7.798 -0.935143
7.800 -0.935464
7.802 -0.935785
7.804 -0.936105
7.806 -0.936486
7.808 -0.936816
7.810 -0.937120
7.812 -0.937416
7.814 -0.937714
7.816 -0.938079
7.818 -0.938399
7.820 -0.938697
7.822 -0.938990
7.824 -0.939286
7.826 -0.939587
7.828 -0.939893
7.830 -0.940201
7.832 -0.940511
7.834 -0.940821
7.836 -0.941129
7.838 -0.941437
7.840 -0.941743
7.842 -0.942048
7.844 -0.942353
7.846 -0.942774
7.848 -0.943214
7.850 -0.943627
7.852 -0.943942
7.854 -0.944153
7.856 -0.944344
7.858 -0.944556
7.860 -0.944801
7.862 -0.945130
7.864 -0.945431
7.866 -0.945717
7.868 -0.945998
7.870 -0.946281
7.872 -0.946567
7.874 -0.946911
7.876 -0.947211
7.878 -0.947488
7.880 -0.947759
7.882 -0.948032
7.884 -0.948365
7.886 -0.948657
7.888 -0.948929
7.890 -0.949196
7.892 -0.949465
7.894 -0.949739
7.896 -0.950018
7.898 -0.950299
7.900 -0.950581
7.902 -0.950862
7.904 -0.951143
7.906 -0.951423
7.908 -0.951702
7.910 -0.951980
7.912 -0.952310
7.914 -0.952595
7.916 -0.952912
7.918 -0.953178
7.920 -0.953424
7.922 -0.953669
7.924 -0.953921
7.926 -0.954180
7.928 -0.954446
7.930 -0.954768
7.932 -0.955048
7.934 -0.955306
7.936 -0.955557
7.938 -0.955810
7.940 -0.956066
7.942 -0.956326
7.944 -0.956589
7.946 -0.956853
7.948 -0.957116
7.950 -0.957379
7.952 -0.957641
7.954 -0.957902
7.956 -0.958161
7.958 -0.958420
7.960 -0.958728
7.962 -0.959044
7.964 -0.959298
7.966 -0.959526
7.968 -0.959749
7.970 -0.959979
7.972 -0.960219
7.974 -0.960465
7.976 -0.960716
7.978 -0.960919
7.980 -0.961163
7.982 -0.961424
7.984 -0.961690
7.986 -0.961953
7.988 -0.962209
7.990 -0.962507
7.992 -0.962762
7.994 -0.962996
7.996 -0.963223
7.998 -0.963451
8.000 -0.963684
8.002 -0.963920
8.004 -0.964160
8.006 -0.964400
8.008 -0.964640
8.010 -0.964879
8.012 -0.965118
8.014 -0.965355
8.016 -0.965591
8.018 -0.965872
8.020 -0.966114
8.022 -0.966338
8.024 -0.966600
8.026 -0.966827
8.028 -0.967039
8.030 -0.967250
8.032 -0.967466
8.034 -0.967686
8.036 -0.967911
8.038 -0.968138
8.040 -0.968409
8.042 -0.968643
8.044 -0.968859
8.046 -0.969069
8.048 -0.969280
8.050 -0.969580
8.052 -0.969855
8.054 -0.970063
8.056 -0.970202
8.058 -0.970375
8.060 -0.970575
8.062 -0.970791
8.064 -0.971013
8.066 -0.971237
8.068 -0.971458
8.070 -0.971676
8.072 -0.971891
8.074 -0.972104
8.076 -0.972315
8.078 -0.972526
8.080 -0.972735
8.082 -0.972944
8.084 -0.973153
8.086 -0.973361
8.088 -0.973568
8.090 -0.973774
8.092 -0.973980
8.094 -0.974185
8.096 -0.974389
8.098 -0.974592
8.100 -0.974794
8.102 -0.974996
8.104 -0.975197
8.106 -0.975397
8.108 -0.975596
8.110 -0.975794
8.112 -0.976030
8.114 -0.976234
8.116 -0.976421
8.118 -0.976604
8.120 -0.976787
8.122 -0.976974
8.124 -0.977163
8.126 -0.977354
8.128 -0.977546
8.130 -0.977810
8.132 -0.978050
8.134 -0.978230
8.136 -0.978385
8.138 -0.978539
8.140 -0.978737
8.142 -0.978915
8.144 -0.979086
8.146 -0.979257
8.148 -0.979432
8.150 -0.979609
8.152 -0.979789
8.154 -0.979970
8.156 -0.980150
8.158 -0.980330
8.160 -0.980509
8.162 -0.980686
8.164 -0.980863
8.166 -0.981039
8.168 -0.981214
8.170 -0.981388
8.172 -0.981562
8.174 -0.981734
8.176 -0.981906
8.178 -0.982077
8.180 -0.982248
8.182 -0.982384
8.184 -0.982482
8.186 -0.982547
8.188 -0.982592
8.190 -0.982691
8.192 -0.982863
8.194 -0.983062
8.196 -0.983230
8.198 -0.983381
8.200 -0.983527
8.202 -0.983673
8.204 -0.983821
8.206 -0.984004
8.208 -0.984163
8.210 -0.984311
8.212 -0.984455
8.214 -0.984600
8.216 -0.984748
8.218 -0.984897
8.220 -0.985079
8.222 -0.985266
8.224 -0.985446
8.226 -0.985585
8.228 -0.985709
8.230 -0.985834
8.232 -0.985965
8.234 -0.986104
8.236 -0.986247
8.238 -0.986394
8.240 -0.986541
8.242 -0.986688
8.244 -0.986834
8.246 -0.987007
8.248 -0.987156
8.250 -0.987292
8.252 -0.987453
8.254 -0.987618
8.256 -0.987752
8.258 -0.987901
8.260 -0.988055
8.262 -0.988179
8.264 -0.988294
8.266 -0.988411
8.268 -0.988535
8.270 -0.988690
8.272 -0.988828
8.274 -0.988956
8.276 -0.989082
8.278 -0.989209
8.280 -0.989337
8.282 -0.989466
8.284 -0.989621
8.286 -0.989781
8.288 -0.989909
8.290 -0.990049
8.292 -0.990165
8.294 -0.990275
8.296 -0.990385
8.298 -0.990500
8.300 -0.990644
8.302 -0.990770
8.304 -0.990888
8.306 -0.991003
8.308 -0.991118
8.310 -0.991235
8.312 -0.991353
8.314 -0.991472
8.316 -0.991591
8.318 -0.991709
8.320 -0.991849
8.322 -0.991969
8.324 -0.992079
8.326 -0.992186
8.328 -0.992294
8.330 -0.992402
8.332 -0.992490
8.334 -0.992554
8.336 -0.992683
8.338 -0.992815
8.340 -0.992940
8.342 -0.993079
8.344 -0.993195
8.346 -0.993298
8.348 -0.993396
8.350 -0.993494
8.352 -0.993593
8.354 -0.993694
8.356 -0.993796
8.358 -0.993899
8.360 -0.994001
8.362 -0.994102
8.364 -0.994202
8.366 -0.994320
8.368 -0.994422
8.370 -0.994515
8.372 -0.994605
8.374 -0.994695
8.376 -0.994787
8.378 -0.994879
8.380 -0.994972
8.382 -0.995065
8.384 -0.995157
8.386 -0.995248
8.388 -0.995339
8.390 -0.995428
8.392 -0.995534
8.394 -0.995625
8.396 -0.995708
8.398 -0.995789
8.400 -0.995869
8.402 -0.995950
8.404 -0.996033
8.406 -0.996115
8.408 -0.996197
8.410 -0.996279
8.412 -0.996360
8.414 -0.996440
8.416 -0.996519
8.418 -0.996597
8.420 -0.996675
8.422 -0.996751
8.424 -0.996827
8.426 -0.996902
8.428 -0.996976
8.430 -0.997050
8.432 -0.997122
8.434 -0.997194
8.436 -0.997265
8.438 -0.997335
8.440 -0.997404
8.442 -0.997473
8.444 -0.997541
8.446 -0.997608
8.448 -0.997674
8.450 -0.997739
8.452 -0.997804
8.454 -0.997880
8.456 -0.997945
8.458 -0.998004
8.460 -0.998062
8.462 -0.998119
8.464 -0.998176
8.466 -0.998234
8.468 -0.998291
8.470 -0.998349
8.472 -0.998406
8.474 -0.998462
8.476 -0.998517
8.478 -0.998571
8.480 -0.998624
8.482 -0.998677
8.484 -0.998728
8.486 -0.998779
8.488 -0.998829
8.490 -0.998878
8.492 -0.998927
8.494 -0.998974
8.496 -0.999048
8.498 -0.999116
8.500 -0.999176
8.502 -0.999219
8.504 -0.999247
8.506 -0.999280
8.508 -0.999318
8.510 -0.999358
8.512 -0.999400
8.514 -0.999433
8.516 -0.999464
8.518 -0.999496
8.520 -0.999529
8.522 -0.999564
8.524 -0.999598
8.526 -0.999640
8.528 -0.999675
8.530 -0.999707
8.532 -0.999737
8.534 -0.999767
8.536 -0.999796
8.538 -0.999831
8.540 -0.999866
8.542 -0.999900
8.544 -0.999930
8.546 -0.999953
8.548 -0.999978
8.550 -0.999999
8.552 -1.000024
8.554 -1.000045
8.556 -1.000064
8.558 -1.000083
8.560 -1.000103
8.562 -1.000126
8.564 -1.000146
8.566 -1.000167
8.568 -1.000188
8.570 -1.000204
8.572 -1.000217
8.574 -1.000230
8.576 -1.000243
8.578 -1.000256
8.580 -1.000268
8.582 -1.000281
8.584 -1.000294
8.586 -1.000305
8.588 -1.000315
8.590 -1.000325
8.592 -1.000334
8.594 -1.000341
8.596 -1.000347
8.598 -1.000352
8.600 -1.000357
8.602 -1.000360
8.604 -1.000363
8.606 -1.000366
8.608 -1.000368
8.610 -1.000369
8.612 -1.000369
8.614 -1.000368
8.616 -1.000367
8.618 -1.000365
8.620 -1.000363
8.622 -1.000360
8.624 -1.000358
8.626 -1.000355
8.628 -1.000352
8.630 -1.000349
8.632 -1.000346
8.634 -1.000342
8.636 -1.000339
8.638 -1.000335
8.640 -1.000332
8.642 -1.000328
8.644 -1.000324
8.646 -1.000320
8.648 -1.000316
8.650 -1.000312
8.652 -1.000308
8.654 -1.000304
8.656 -1.000300
8.658 -1.000295
8.660 -1.000291
8.662 -1.000287
8.664 -1.000282
8.666 -1.000278
8.668 -1.000274
8.670 -1.000269
8.672 -1.000265
8.674 -1.000261
8.676 -1.000256
8.678 -1.000252
8.680 -1.000248
8.682 -1.000243
8.684 -1.000239
8.686 -1.000235
8.688 -1.000231
8.690 -1.000226
8.692 -1.000222
8.694 -1.000218
8.696 -1.000214
8.698 -1.000210
8.700 -1.000206
8.702 -1.000202
8.704 -1.000198
8.706 -1.000194
8.708 -1.000190
8.710 -1.000187
8.712 -1.000183
8.714 -1.000179
8.716 -1.000175
8.718 -1.000172
8.720 -1.000168
8.722 -1.000165
8.724 -1.000161
8.726 -1.000158
8.728 -1.000155
8.730 -1.000151
8.732 -1.000148
8.734 -1.000145
8.736 -1.000142
8.738 -1.000138
8.740 -1.000135
8.742 -1.000132
8.744 -1.000129
8.746 -1.000126
8.748 -1.000124
8.750 -1.000121
8.752 -1.000118
8.754 -1.000115
8.756 -1.000113
8.758 -1.000110
8.760 -1.000108
8.762 -1.000105
8.764 -1.000103
8.766 -1.000100
8.768 -1.000098
8.770 -1.000095
8.772 -1.000093
8.774 -1.000091
8.776 -1.000089
8.778 -1.000087
8.780 -1.000084
8.782 -1.000082
8.784 -1.000080
8.786 -1.000078
8.788 -1.000076
8.790 -1.000075
8.792 -1.000073
8.794 -1.000071
8.796 -1.000069
8.798 -1.000067
8.800 -1.000066
8.802 -1.000064
8.804 -1.000062
8.806 -1.000061
8.808 -1.000059
8.810 -1.000058
8.812 -1.000056
8.814 -1.000055
8.816 -1.000053
8.818 -1.000052
8.820 -1.000051
8.822 -1.000049
8.824 -1.000048
8.826 -1.000047
8.828 -1.000046
8.830 -1.000044
8.832 -1.000043
8.834 -1.000042
8.836 -1.000041
8.838 -1.000040
8.840 -1.000039
8.842 -1.000038
8.844 -1.000037
8.846 -1.000036
8.848 -1.000035
8.850 -1.000034
8.852 -1.000033
8.854 -1.000032
8.856 -1.000031
8.858 -1.000030
8.860 -1.000029
8.862 -1.000029
8.864 -1.000028
8.866 -1.000027
8.868 -1.000026
8.870 -1.000025
8.872 -1.000025
8.874 -1.000024
8.876 -1.000023
8.878 -1.000023
8.880 -1.000022
8.882 -1.000021
8.884 -1.000021
8.886 -1.000020
8.888 -1.000020
8.890 -1.000019
8.892 -1.000019
8.894 -1.000018
8.896 -1.000017
8.898 -1.000017
8.900 -1.000016
8.902 -1.000016
8.904 -1.000015
8.906 -1.000015
8.908 -1.000015
8.910 -1.000014
8.912 -1.000014
8.914 -1.000013
8.916 -1.000013
8.918 -1.000013
8.920 -1.000012
8.922 -1.000012
8.924 -1.000011
8.926 -1.000011
8.928 -1.000011
8.930 -1.000010
8.932 -1.000010
8.934 -1.000010
8.936 -1.000010
8.938 -1.000009
8.940 -1.000009
8.942 -1.000009
8.944 -1.000008
8.946 -1.000008
8.948 -1.000008
8.950 -1.000008
8.952 -1.000007
8.954 -1.000007
8.956 -1.000007
8.958 -1.000007
8.960 -1.000007
8.962 -1.000006
8.964 -1.000006
8.966 -1.000006
8.968 -1.000006
8.970 -1.000006
8.972 -1.000005
8.974 -1.000005
8.976 -1.000005
8.978 -1.000005
8.980 -1.000005
8.982 -1.000005
8.984 -1.000004
8.986 -1.000004
8.988 -1.000004
8.990 -1.000004
8.992 -1.000004
8.994 -1.000004
8.996 -1.000003
8.998 -1.000003
9.000 -1.000003
9.002 -1.000003
9.004 -1.000003
9.006 -1.000003
9.008 -1.000003
9.010 -1.000003
9.012 -1.000003
9.014 -1.000003
9.016 -1.000002
9.018 -1.000002
9.020 -1.000002
9.022 -1.000002
9.024 -1.000002
9.026 -1.000002
9.028 -1.000002
9.030 -1.000002
9.032 -1.000002
9.034 -1.000002
9.036 -1.000002
9.038 -1.000002
9.040 -1.000001
9.042 -1.000001
9.044 -1.000001
9.046 -1.000001
9.048 -1.000001
9.050 -1.000001
9.052 -1.000001
9.054 -1.000001
9.056 -1.000001
9.058 -1.000001
9.060 -1.000001
9.062 -1.000001
9.064 -1.000001
9.066 -1.000001
9.068 -1.000001
9.070 -1.000001
9.072 -1.000001
9.074 -1.000001
9.076 -1.000001
9.078 -1.000001
9.080 -1.000001
9.082 -1.000001
9.084 -1.000001
9.086 -1.000001
9.088 -1.000000
9.090 -1.000000
9.092 -1.000000
9.094 -1.000000
9.096 -1.000000
9.098 -1.000000
9.100 -1.000000
9.102 -1.000000
9.104 -1.000000
9.106 -1.000000
9.108 -1.000000
9.110 -1.000000
9.112 -1.000000
9.114 -1.000000
9.116 -1.000000
9.118 -1.000000
9.120 -1.000000
9.122 -1.000000
9.124 -1.000000
9.126 -1.000000
9.128 -1.000000
9.130 -1.000000
9.132 -1.000000
9.134 -1.000000
9.136 -1.000000
9.138 -1.000000
9.140 -1.000000
9.142 -1.000000
9.144 -1.000000
9.146 -1.000000
9.148 -1.000000
9.150 -1.000000
9.152 -1.000000
9.154 -1.000000
9.156 -1.000000
9.158 -1.000000
9.160 -1.000000
9.162 -1.000000
9.164 -1.000000
9.166 -1.000000
9.168 -1.000000
9.170 -1.000000
9.172 -1.000000
9.174 -1.000000
9.176 -1.000000
9.178 -1.000000
9.180 -1.000000
9.182 -1.000000
9.184 -1.000000
9.186 -1.000000
9.188 -1.000000
9.190 -1.000000
9.192 -1.000000
9.194 -1.000000
9.196 -1.000000
9.198 -1.000000
9.200 -1.000000
9.202 -1.000000
9.204 -1.000000
9.206 -1.000000
9.208 -1.000000
9.210 -1.000000
9.212 -1.000000
9.214 -1.000000
9.216 -1.000000
9.218 -1.000000
9.220 -1.000000
9.222 -1.000000
9.224 -1.000000
9.226 -1.000000
9.228 -1.000000
9.230 -1.000000
9.232 -1.000000
9.234 -1.000000
9.236 -1.000000
9.238 -1.000000
9.240 -1.000000
9.242 -1.000000
9.244 -1.000000
9.246 -1.000000
9.248 -1.000000
9.250 -1.000000
9.252 -1.000000
9.254 -1.000000
9.256 -1.000000
9.258 -1.000000
9.260 -1.000000
9.262 -1.000000
9.264 -1.000000
9.266 -1.000000
9.268 -1.000000
9.270 -1.000000
9.272 -1.000000
9.274 -1.000000
9.276 -1.000000
9.278 -1.000000
9.280 -1.000000
9.282 -1.000000
9.284 -1.000000
9.286 -1.000000
9.288 -1.000000
9.290 -1.000000
9.292 -1.000000
9.294 -1.000000
9.296 -1.000000
9.298 -1.000000
9.300 -1.000000
9.302 -1.000000
9.304 -1.000000
9.306 -1.000000
9.308 -1.000000
9.310 -1.000000
9.312 -1.000000
9.314 -1.000000
9.316 -1.000000
9.318 -1.000000
9.320 -1.000000
9.322 -1.000000
9.324 -1.000000
9.326 -1.000000
9.328 -1.000000
9.330 -1.000000
9.332 -1.000000
9.334 -1.000000
9.336 -1.000000
9.338 -1.000000
9.340 -1.000000
9.342 -1.000000
9.344 -1.000000
9.346 -1.000000
9.348 -1.000000
9.350 -1.000000
9.352 -1.000000
9.354 -1.000000
9.356 -1.000000
9.358 -1.000000
9.360 -1.000000
9.362 -1.000000
9.364 -1.000000
9.366 -1.000000
9.368 -1.000000
9.370 -1.000000
9.372 -1.000000
9.374 -1.000000
9.376 -1.000000
9.378 -1.000000
9.380 -1.000000
9.382 -1.000000
9.384 -1.000000
9.386 -1.000000
9.388 -1.000000
9.390 -1.000000
9.392 -1.000000
9.394 -1.000000
9.396 -1.000000
9.398 -1.000000
9.400 -1.000000
9.402 -1.000000
9.404 -1.000000
9.406 -1.000000
9.408 -1.000000
9.410 -1.000000
9.412 -1.000000
9.414 -1.000000
9.416 -1.000000
9.418 -1.000000
9.420 -1.000000
9.422 -1.000000
9.424 -1.000000
9.426 -1.000000
9.428 -1.000000
9.430 -1.000000
9.432 -1.000000
9.434 -1.000000
9.436 -1.000000
9.438 -1.000000
9.440 -1.000000
9.442 -1.000000
9.444 -1.000000
9.446 -1.000000
9.448 -1.000000
9.450 -1.000000
9.452 -1.000000
9.454 -1.000000
9.456 -1.000000
9.458 -1.000000
9.460 -1.000000
9.462 -1.000000
9.464 -1.000000
9.466 -1.000000
9.468 -1.000000
9.470 -1.000000
9.472 -1.000000
9.474 -1.000000
9.476 -1.000000
9.478 -1.000000
9.480 -1.000000
9.482 -1.000000
9.484 -1.000000
9.486 -1.000000
9.488 -1.000000
9.490 -1.000000
9.492 -1.000000
9.494 -1.000000
9.496 -1.000000
9.498 -1.000000
9.500 -1.000000
9.502 -1.000000
9.504 -1.000000
9.506 -1.000000
9.508 -1.000000
9.510 -1.000000
9.512 -1.000000
9.514 -1.000000
9.516 -1.000000
9.518 -1.000000
9.520 -1.000000
9.522 -1.000000
9.524 -1.000000
9.526 -1.000000
9.528 -1.000000
9.530 -1.000000
9.532 -1.000000
9.534 -1.000000
9.536 -1.000000
9.538 -1.000000
9.540 -1.000000
9.542 -1.000000
9.544 -1.000000
9.546 -1.000000
9.548 -1.000000
9.550 -1.000000
9.552 -1.000000
9.554 -1.000000
9.556 -1.000000
9.558 -1.000000
9.560 -1.000000
9.562 -1.000000
9.564 -1.000000
9.566 -1.000000
9.568 -1.000000
9.570 -1.000000
9.572 -1.000000
9.574 -1.000000
9.576 -1.000000
9.578 -1.000000
9.580 -1.000000
9.582 -1.000000
9.584 -1.000000
9.586 -1.000000
9.588 -1.000000
9.590 -1.000000
9.592 -1.000000
9.594 -1.000000
9.596 -1.000000
9.598 -1.000000
9.600 -1.000000
9.602 -1.000000
9.604 -1.000000
9.606 -1.000000
9.608 -1.000000
9.610 -1.000000
9.612 -1.000000
9.614 -1.000000
9.616 -1.000000
9.618 -1.000000
9.620 -1.000000
9.622 -1.000000
9.624 -1.000000
9.626 -1.000000
9.628 -1.000000
9.630 -1.000000
9.632 -1.000000
9.634 -1.000000
9.636 -1.000000
9.638 -1.000000
9.640 -1.000000
9.642 -1.000000
9.644 -1.000000
9.646 -1.000000
9.648 -1.000000
9.650 -1.000000
9.652 -1.000000
9.654 -1.000000
9.656 -1.000000
9.658 -1.000000
9.660 -1.000000
9.662 -1.000000
9.664 -1.000000
9.666 -1.000000
9.668 -1.000000
9.670 -1.000000
9.672 -1.000000
9.674 -1.000000
9.676 -1.000000
9.678 -1.000000
9.680 -1.000000
9.682 -1.000000
9.684 -1.000000
9.686 -1.000000
9.688 -1.000000
9.690 -1.000000
9.692 -1.000000
9.694 -1.000000
9.696 -1.000000
9.698 -1.000000
9.700 -1.000000
9.702 -1.000000
9.704 -1.000000
9.706 -1.000000
9.708 -1.000000
9.710 -1.000000
9.712 -1.000000
9.714 -1.000000
9.716 -1.000000
9.718 -1.000000
9.720 -1.000000
9.722 -1.000000
9.724 -1.000000
9.726 -1.000000
9.728 -1.000000
9.730 -1.000000
9.732 -1.000000
9.734 -1.000000
9.736 -1.000000
9.738 -1.000000
9.740 -1.000000
9.742 -1.000000
9.744 -1.000000
9.746 -1.000000
9.748 -1.000000
9.750 -1.000000
9.752 -1.000000
9.754 -1.000000
9.756 -1.000000
9.758 -1.000000
9.760 -1.000000
9.762 -1.000000
9.764 -1.000000
9.766 -1.000000
9.768 -1.000000
9.770 -1.000000
9.772 -1.000000
9.774 -1.000000
9.776 -1.000000
9.778 -1.000000
9.780 -1.000000
9.782 -1.000000
9.784 -1.000000
9.786 -1.000000
9.788 -1.000000
9.790 -1.000000
9.792 -1.000000
9.794 -1.000000
9.796 -1.000000
9.798 -1.000000
9.800 -1.000000
9.802 -1.000000
9.804 -1.000000
9.806 -1.000000
9.808 -1.000000
9.810 -1.000000
9.812 -1.000000
9.814 -1.000000
9.816 -1.000000
9.818 -1.000000
9.820 -1.000000
9.822 -1.000000
9.824 -1.000000
9.826 -1.000000
9.828 -1.000000
9.830 -1.000000
9.832 -1.000000
9.834 -1.000000
9.836 -1.000000
9.838 -1.000000
9.840 -1.000000
9.842 -1.000000
9.844 -1.000000
9.846 -1.000000
9.848 -1.000000
9.850 -1.000000
9.852 -1.000000
9.854 -1.000000
9.856 -1.000000
9.858 -1.000000
9.860 -1.000000
9.862 -1.000000
9.864 -1.000000
9.866 -1.000000
9.868 -1.000000
9.870 -1.000000
9.872 -1.000000
9.874 -1.000000
9.876 -1.000000
9.878 -1.000000
9.880 -1.000000
9.882 -1.000000
9.884 -1.000000
9.886 -1.000000
9.888 -1.000000
9.890 -1.000000
9.892 -1.000000
9.894 -1.000000
9.896 -1.000000
9.898 -1.000000
9.900 -1.000000
9.902 -1.000000
9.904 -1.000000
9.906 -1.000000
9.908 -1.000000
9.910 -1.000000
9.912 -1.000000
9.914 -1.000000
9.916 -1.000000
9.918 -1.000000
9.920 -1.000000
9.922 -1.000000
9.924 -1.000000
9.926 -1.000000
9.928 -1.000000
9.930 -1.000000
9.932 -1.000000
9.934 -1.000000
9.936 -1.000000
9.938 -1.000000
9.940 -1.000000
9.942 -1.000000
9.944 -1.000000
9.946 -1.000000
9.948 -1.000000
9.950 -1.000000
9.952 -1.000000
9.954 -1.000000
9.956 -1.000000
9.958 -1.000000
9.960 -1.000000
9.962 -1.000000
9.964 -1.000000
9.966 -1.000000
9.968 -1.000000
9.970 -1.000000
9.972 -1.000000
9.974 -1.000000
9.976 -1.000000
9.978 -1.000000
9.980 -1.000000
9.982 -1.000000
9.984 -1.000000
9.986 -1.000000
9.988 -1.000000
9.990 -1.000000
9.992 -1.000000
9.994 -1.000000
9.996 -1.000000
9.998 -1.000000
10.000 -1.000000
10.002 -1.000000
10.004 -1.000000
10.006 -1.000000
10.008 -1.000000
10.010 -1.000000
10.012 -1.000000
10.014 -1.000000
10.016 -1.000000
10.018 -1.000000
10.020 -1.000000
10.022 -1.000000
10.024 -1.000000
10.026 -1.000000
10.028 -1.000000
10.030 -1.000000
10.032 -1.000000
10.034 -1.000000
10.036 -1.000000
10.038 -1.000000
10.040 -1.000000
10.042 -1.000000
10.044 -1.000000
10.046 -1.000000
10.048 -1.000000
10.050 -1.000000
10.052 -1.000000
10.054 -1.000000
10.056 -1.000000
10.058 -1.000000
10.060 -1.000000
10.062 -1.000000
10.064 -1.000000
10.066 -1.000000
10.068 -1.000000
10.070 -1.000000
10.072 -1.000000
10.074 -1.000000
10.076 -1.000000
10.078 -1.000000
10.080 -1.000000
10.082 -1.000000
10.084 -1.000000
10.086 -1.000000
10.088 -1.000000
10.090 -1.000000
10.092 -1.000000
10.094 -1.000000
10.096 -1.000000
10.098 -1.000000
10.100 -1.000000
10.102 -1.000000
10.104 -1.000000
10.106 -1.000000
10.108 -1.000000
10.110 -1.000000
10.112 -1.000000
10.114 -1.000000
10.116 -1.000000
10.118 -1.000000
10.120 -1.000000
10.122 -1.000000
10.124 -1.000000
10.126 -1.000000
10.128 -1.000000
10.130 -1.000000
10.132 -1.000000
10.134 -1.000000
10.136 -1.000000
10.138 -1.000000
10.140 -1.000000
10.142 -1.000000
10.144 -1.000000
10.146 -1.000000
10.148 -1.000000
10.150 -1.000000
10.152 -1.000000
10.154 -1.000000
10.156 -1.000000
10.158 -1.000000
10.160 -1.000000
10.162 -1.000000
10.164 -1.000000
10.166 -1.000000
10.168 -1.000000
10.170 -1.000000
10.172 -1.000000
10.174 -1.000000
10.176 -1.000000
10.178 -1.000000
10.180 -1.000000
10.182 -1.000000
10.184 -1.000000
10.186 -1.000000
10.188 -1.000000
10.190 -1.000000
10.192 -1.000000
10.194 -1.000000
10.196 -1.000000
10.198 -1.000000
10.200 -1.000000
10.202 -1.000000
10.204 -1.000000
10.206 -1.000000
10.208 -1.000000
10.210 -1.000000
10.212 -1.000000
10.214 -1.000000
10.216 -1.000000
10.218 -1.000000
10.220 -1.000000
10.222 -1.000000
10.224 -1.000000
10.226 -1.000000
10.228 -1.000000
10.230 -1.000000
10.232 -1.000000
10.234 -1.000000
10.236 -1.000000
10.238 -1.000000
10.240 -1.000000
10.242 -1.000000
10.244 -1.000000
10.246 -1.000000
10.248 -1.000000
10.250 -1.000000
10.252 -1.000000
10.254 -1.000000
10.256 -1.000000
10.258 -1.000000
10.260 -1.000000
10.262 -1.000000
10.264 -1.000000
10.266 -1.000000
10.268 -1.000000
10.270 -1.000000
10.272 -1.000000
10.274 -1.000000
10.276 -1.000000
10.278 -1.000000
10.280 -1.000000
10.282 -1.000000
10.284 -1.000000
10.286 -1.000000
10.288 -1.000000
10.290 -1.000000
10.292 -1.000000
10.294 -1.000000
10.296 -1.000000
10.298 -1.000000
10.300 -1.000000
10.302 -1.000000
10.304 -1.000000
10.306 -1.000000
10.308 -1.000000
10.310 -1.000000
10.312 -1.000000
10.314 -1.000000
10.316 -1.000000
10.318 -1.000000
10.320 -1.000000
10.322 -1.000000
10.324 -1.000000
10.326 -1.000000
10.328 -1.000000
10.330 -1.000000
10.332 -1.000000
10.334 -1.000000
10.336 -1.000000
10.338 -1.000000
10.340 -1.000000
10.342 -1.000000
10.344 -1.000000
10.346 -1.000000
10.348 -1.000000
10.350 -1.000000
10.352 -1.000000
10.354 -1.000000
10.356 -1.000000
10.358 -1.000000
10.360 -1.000000
10.362 -1.000000
10.364 -1.000000
10.366 -1.000000
10.368 -1.000000
10.370 -1.000000
10.372 -1.000000
10.374 -1.000000
10.376 -1.000000
10.378 -1.000000
10.380 -1.000000
10.382 -1.000000
10.384 -1.000000
10.386 -1.000000
10.388 -1.000000
10.390 -1.000000
10.392 -1.000000
10.394 -1.000000
10.396 -1.000000
10.398 -1.000000
10.400 -1.000000
10.402 -1.000000
10.404 -1.000000
10.406 -1.000000
10.408 -1.000000
10.410 -1.000000
10.412 -1.000000
10.414 -1.000000
10.416 -1.000000
10.418 -1.000000
10.420 -1.000000
10.422 -1.000000
10.424 -1.000000
10.426 -1.000000
10.428 -1.000000
10.430 -1.000000
10.432 -1.000000
10.434 -1.000000
10.436 -1.000000
10.438 -1.000000
10.440 -1.000000
10.442 -1.000000
10.444 -1.000000
10.446 -1.000000
10.448 -1.000000
10.450 -1.000000
10.452 -1.000000
10.454 -1.000000
10.456 -1.000000
10.458 -1.000000
10.460 -1.000000
10.462 -1.000000
10.464 -1.000000
10.466 -1.000000
10.468 -1.000000
10.470 -1.000000
10.472 -1.000000
10.474 -1.000000
10.476 -1.000000
10.478 -1.000000
10.480 -1.000000
10.482 -1.000000
10.484 -1.000000
10.486 -1.000000
10.488 -1.000000
10.490 -1.000000
10.492 -1.000000
10.494 -1.000000
10.496 -1.000000
10.498 -1.000000
10.500 -1.000000
10.502 -1.000000
10.504 -1.000000
10.506 -1.000000
10.508 -1.000000
10.510 -1.000000
10.512 -1.000000
10.514 -1.000000
10.516 -1.000000
10.518 -1.000000
10.520 -1.000000
10.522 -1.000000
10.524 -1.000000
10.526 -1.000000
10.528 -1.000000
10.530 -1.000000
10.532 -1.000000
10.534 -1.000000
10.536 -1.000000
10.538 -1.000000
10.540 -1.000000
10.542 -1.000000
10.544 -1.000000
10.546 -1.000000
10.548 -1.000000
10.550 -1.000000
10.552 -1.000000
10.554 -1.000000
10.556 -1.000000
10.558 -1.000000
10.560 -1.000000
10.562 -1.000000
10.564 -1.000000
10.566 -1.000000
10.568 -1.000000
10.570 -1.000000
10.572 -1.000000
10.574 -1.000000
10.576 -1.000000
10.578 -1.000000
10.580 -1.000000
10.582 -1.000000
10.584 -1.000000
10.586 -1.000000
10.588 -1.000000
10.590 -1.000000
10.592 -1.000000
10.594 -1.000000
10.596 -1.000000
10.598 -1.000000
10.600 -1.000000
10.602 -1.000000
10.604 -1.000000
10.606 -1.000000
10.608 -1.000000
10.610 -1.000000
10.612 -1.000000
10.614 -1.000000
10.616 -1.000000
10.618 -1.000000
10.620 -1.000000
10.622 -1.000000
10.624 -1.000000
10.626 -1.000000
10.628 -1.000000
