0.000 0.019738
0.002 0.019738
0.004 0.019739
0.006 0.019741
0.008 0.019744
0.010 0.019748
0.012 0.019757
0.014 0.019757
0.016 0.019763
0.018 0.019770
0.020 0.019778
0.022 0.019786
0.024 0.019795
0.026 0.019805
0.028 0.019816
0.030 0.019828
0.032 0.019840
0.034 0.019853
0.036 0.019867
0.038 0.019882
0.040 0.019898
0.042 0.019914
0.044 0.019949
0.046 0.019949
0.048 0.019968
0.050 0.019988
0.052 0.020008
0.054 0.020029
0.056 0.020051
0.058 0.020074
0.060 0.020098
0.062 0.020122
0.064 0.020173
0.066 0.020173
0.068 0.020200
0.070 0.020228
0.072 0.020256
0.074 0.020315
0.076 0.020315
0.078 0.020346
0.080 0.020378
0.082 0.020410
0.084 0.020443
0.086 0.020477
0.088 0.020512
0.090 0.020548
0.092 0.020584
0.094 0.020621
0.096 0.020659
0.098 0.020698
0.100 0.020738
0.102 0.020778
0.104 0.020861
0.106 0.020904
0.108 0.020948
0.110 0.020948
0.112 0.020992
0.114 0.021037
0.116 0.021130
0.118 0.021130
0.120 0.021178
0.122 0.021226
0.124 0.021275
0.126 0.021325
0.128 0.021428
0.130 0.021428
0.132 0.021533
0.134 0.021533
0.136 0.021587
0.138 0.021698
0.140 0.021698
0.142 0.021811
0.144 0.021811
0.146 0.021869
0.148 0.021928
0.150 0.021988
0.152 0.022048
0.154 0.022171
0.156 0.022171
0.158 0.022234
0.160 0.022298
0.162 0.022362
0.164 0.022427
0.166 0.022493
0.168 0.022560
0.170 0.022628
0.172 0.022696
0.174 0.022765
0.176 0.022835
0.178 0.022906
0.180 0.022978
0.182 0.023050
0.184 0.023123
0.186 0.023197
0.188 0.023272
0.190 0.023348
0.192 0.023424
0.194 0.023579
0.196 0.023579
0.198 0.023658
0.200 0.023738
0.202 0.023818
0.204 0.023981
0.206 0.023981
0.208 0.024064
0.210 0.024148
0.212 0.024232
0.214 0.024317
0.216 0.024490
0.218 0.024490
0.220 0.024578
0.222 0.024666
0.224 0.024755
0.226 0.024845
0.228 0.024936
0.230 0.025120
0.232 0.025120
0.234 0.025213
0.236 0.025307
0.238 0.025402
0.240 0.025498
0.242 0.025594
0.244 0.025789
0.246 0.025888
0.248 0.025888
0.250 0.025988
0.252 0.026189
0.254 0.026189
0.256 0.026291
0.258 0.026394
0.260 0.026498
0.262 0.026707
0.264 0.026707
0.266 0.026813
0.268 0.027028
0.270 0.027028
0.272 0.027136
0.274 0.027355
0.276 0.027355
0.278 0.027466
0.280 0.027578
0.282 0.027803
0.284 0.027803
0.286 0.027917
0.288 0.028032
0.290 0.028148
0.292 0.028264
0.294 0.028381
0.296 0.028499
0.298 0.028738
0.300 0.028738
0.302 0.028858
0.304 0.029101
0.306 0.029101
0.308 0.029224
0.310 0.029348
0.312 0.029597
0.314 0.029723
0.316 0.029723
0.318 0.029850
0.320 0.029978
0.322 0.030106
0.324 0.030235
0.326 0.030365
0.328 0.030496
0.330 0.030628
0.332 0.030760
0.334 0.030893
0.336 0.031027
0.338 0.031298
0.340 0.031434
0.342 0.031434
0.344 0.031709
0.346 0.031848
0.348 0.031848
0.350 0.031988
0.352 0.032128
0.354 0.032269
0.356 0.032411
0.358 0.032698
0.360 0.032698
0.362 0.032842
0.364 0.032987
0.366 0.033280
0.368 0.033280
0.370 0.033428
0.372 0.033576
0.374 0.033725
0.376 0.033875
0.378 0.034026
0.380 0.034178
0.382 0.034330
0.384 0.034483
0.386 0.034792
0.388 0.034948
0.390 0.034948
0.392 0.035104
0.394 0.035419
0.396 0.035578
0.398 0.035738
0.400 0.035898
0.402 0.035898
0.404 0.036059
0.406 0.036221
0.408 0.036384
0.410 0.036548
0.412 0.036877
0.414 0.037043
0.416 0.037210
0.418 0.037378
0.420 0.037546
0.422 0.037546
0.424 0.037715
0.426 0.037885
0.428 0.038056
0.430 0.038228
0.432 0.038573
0.434 0.038573
0.436 0.038747
0.438 0.038922
0.440 0.039098
0.442 0.039451
0.444 0.039451
0.446 0.039629
0.448 0.039988
0.450 0.040168
0.452 0.040349
0.454 0.040531
0.456 0.040531
0.458 0.040898
0.460 0.040898
0.462 0.041082
0.464 0.041453
0.466 0.041453
0.468 0.041640
0.470 0.041828
0.472 0.042016
0.474 0.042205
0.476 0.042395
0.478 0.042586
0.480 0.042778
0.482 0.042970
0.484 0.043163
0.486 0.043357
0.488 0.043552
0.490 0.043748
0.492 0.043944
0.494 0.043944
0.496 0.044339
0.498 0.044738
0.500 0.044738
0.502 0.044938
0.504 0.045139
0.506 0.045341
0.508 0.045544
0.510 0.045748
0.512 0.045952
0.514 0.046157
0.516 0.046363
0.518 0.046570
0.520 0.046778
0.522 0.046986
0.524 0.047405
0.526 0.047616
0.528 0.047616
0.530 0.047828
0.532 0.048040
0.534 0.048467
0.536 0.048467
0.538 0.048682
0.540 0.048898
0.542 0.049114
0.544 0.049331
0.546 0.049549
0.548 0.049768
0.550 0.049988
0.552 0.050208
0.554 0.050429
0.556 0.050651
0.558 0.051098
0.560 0.051098
0.562 0.051322
0.564 0.051547
0.566 0.051773
0.568 0.052000
0.570 0.052456
0.572 0.052685
0.574 0.052685
0.576 0.052915
0.578 0.053378
0.580 0.053378
0.582 0.053610
0.584 0.054077
0.586 0.054077
0.588 0.054312
0.590 0.054548
0.592 0.054784
0.594 0.055021
0.596 0.055259
0.598 0.055498
0.600 0.055738
0.602 0.055978
0.604 0.056219
0.606 0.056461
0.608 0.056704
0.610 0.056948
0.612 0.057192
0.614 0.057683
0.616 0.057683
0.618 0.057930
0.620 0.058426
0.622 0.058426
0.624 0.058675
0.626 0.058925
0.628 0.059176
0.630 0.059428
0.632 0.059680
0.634 0.059933
0.636 0.060187
0.638 0.060442
0.640 0.060698
0.642 0.060954
0.644 0.061211
0.646 0.061469
0.648 0.061728
0.650 0.061988
0.652 0.062509
0.654 0.062509
0.656 0.062771
0.658 0.063034
0.660 0.063298
0.662 0.063562
0.664 0.063827
0.666 0.064360
0.668 0.064360
0.670 0.064628
0.672 0.064896
0.674 0.065165
0.676 0.065435
0.678 0.065706
0.680 0.065978
0.682 0.066523
0.684 0.066523
0.686 0.066797
0.688 0.067072
0.690 0.067348
0.692 0.067624
0.694 0.067901
0.696 0.068458
0.698 0.068738
0.700 0.068738
0.702 0.069018
0.704 0.069299
0.706 0.069581
0.708 0.069864
0.710 0.070148
0.712 0.070432
0.714 0.070717
0.716 0.071003
0.718 0.071290
0.720 0.071578
0.722 0.071866
0.724 0.072155
0.726 0.072445
0.728 0.072736
0.730 0.073028
0.732 0.073320
0.734 0.073613
0.736 0.073907
0.738 0.074202
0.740 0.074794
0.742 0.074794
0.744 0.075091
0.746 0.075389
0.748 0.075688
0.750 0.075988
0.752 0.076589
0.754 0.076589
0.756 0.076891
0.758 0.077194
0.760 0.077498
0.762 0.077802
0.764 0.078107
0.766 0.078413
0.768 0.078720
0.770 0.079028
0.772 0.079336
0.774 0.079645
0.776 0.079955
0.778 0.080266
0.780 0.080578
0.782 0.080890
0.784 0.081203
0.786 0.081517
0.788 0.082148
0.790 0.082148
0.792 0.082781
0.794 0.082781
0.796 0.083418
0.798 0.083418
0.800 0.083738
0.802 0.084058
0.804 0.084379
0.806 0.084701
0.808 0.085024
0.810 0.085348
0.812 0.085672
0.814 0.085997
0.816 0.086323
0.818 0.086650
0.820 0.086978
0.822 0.087306
0.824 0.087635
0.826 0.087965
0.828 0.088628
0.830 0.088960
0.832 0.089293
0.834 0.089293
0.836 0.089627
0.838 0.089962
0.840 0.090298
0.842 0.090634
0.844 0.090971
0.846 0.091309
0.848 0.091648
0.850 0.091988
0.852 0.092669
0.854 0.092669
0.856 0.093011
0.858 0.093354
0.860 0.093698
0.862 0.094387
0.864 0.094387
0.866 0.095080
0.868 0.095080
0.870 0.095428
0.872 0.095776
0.874 0.096125
0.876 0.096475
0.878 0.096826
0.880 0.097178
0.882 0.097883
0.884 0.097883
0.886 0.098592
0.888 0.098592
0.890 0.098948
0.892 0.099304
0.894 0.099661
0.896 0.100019
0.898 0.100378
0.900 0.101098
0.902 0.101098
0.904 0.101459
0.906 0.101821
0.908 0.102184
0.910 0.102548
0.912 0.102912
0.914 0.103277
0.916 0.103643
0.918 0.104010
0.920 0.104378
0.922 0.104746
0.924 0.105115
0.926 0.105485
0.928 0.105856
0.930 0.106228
0.932 0.106600
0.934 0.106973
0.936 0.106973
0.938 0.107722
0.940 0.107722
0.942 0.108474
0.944 0.108851
0.946 0.109229
0.948 0.109608
0.950 0.109988
0.952 0.110368
0.954 0.110749
0.956 0.111131
0.958 0.111514
0.960 0.112282
0.962 0.112282
0.964 0.112667
0.966 0.113053
0.968 0.113440
0.970 0.113828
0.972 0.114216
0.974 0.114605
0.976 0.114995
0.978 0.115778
0.980 0.115778
0.982 0.116170
0.984 0.116563
0.986 0.116957
0.988 0.117352
0.990 0.117748
0.992 0.118144
0.994 0.118541
0.996 0.118939
0.998 0.119338
1.000 0.119738
1.002 0.120138
1.004 0.120539
1.006 0.120941
1.008 0.121344
1.010 0.121748
1.012 0.122152
1.014 0.122557
1.016 0.124186
1.018 0.124186
1.020 0.124595
1.022 0.125005
1.024 0.125005
1.026 0.125005
1.028 0.125416
1.030 0.125828
1.032 0.126240
1.034 0.126653
1.036 0.127482
1.038 0.127482
1.040 0.127898
1.042 0.128314
1.044 0.128731
1.046 0.129149
1.048 0.129568
1.050 0.130408
1.052 0.130829
1.054 0.131251
1.056 0.131674
1.058 0.132098
1.060 0.132522
1.062 0.132947
1.064 0.133373
1.066 0.133800
1.068 0.134228
1.070 0.134228
1.072 0.134656
1.074 0.135085
1.076 0.135515
1.078 0.135946
1.080 0.136378
1.082 0.136810
1.084 0.137243
1.086 0.137677
1.088 0.138548
1.090 0.138548
1.092 0.139421
1.094 0.139421
1.096 0.139859
1.098 0.140298
1.100 0.140738
1.102 0.141178
1.104 0.141619
1.106 0.142061
1.108 0.142948
1.110 0.142948
1.112 0.143392
1.114 0.143837
1.116 0.144730
1.118 0.144730
1.120 0.145178
1.122 0.146075
1.124 0.146075
1.126 0.146525
1.128 0.146976
1.130 0.147428
1.132 0.147880
1.134 0.148333
1.136 0.149242
1.138 0.149698
1.140 0.149698
1.142 0.150154
1.144 0.150611
1.146 0.151528
1.148 0.151528
1.150 0.151988
1.152 0.152448
1.154 0.152909
1.156 0.153371
1.158 0.153834
1.160 0.154298
1.162 0.154762
1.164 0.155227
1.166 0.155693
1.168 0.156160
1.170 0.156628
1.172 0.157096
1.174 0.157565
1.176 0.158035
1.178 0.158506
1.180 0.158978
1.182 0.159450
1.184 0.159923
1.186 0.160396
1.188 0.161340
1.190 0.161340
1.192 0.161810
1.194 0.162749
1.196 0.163217
1.198 0.163217
1.200 0.163685
1.202 0.164151
1.204 0.164617
1.206 0.165547
1.208 0.166010
1.210 0.166010
1.212 0.166473
1.214 0.167395
1.216 0.167395
1.218 0.167856
1.220 0.168315
1.222 0.168774
1.224 0.169231
1.226 0.169688
1.228 0.170600
1.230 0.170600
1.232 0.171055
1.234 0.171509
1.236 0.171962
1.238 0.172414
1.240 0.172865
1.242 0.173316
1.244 0.173316
1.246 0.174215
1.248 0.174663
1.250 0.175110
1.252 0.175557
1.254 0.176003
1.256 0.176448
1.258 0.177335
1.260 0.177335
1.262 0.177778
1.264 0.178220
1.266 0.179101
1.268 0.179101
1.270 0.179540
1.272 0.179979
1.274 0.180417
1.276 0.180854
1.278 0.181290
1.280 0.181726
1.282 0.182160
1.284 0.182594
1.286 0.183027
1.288 0.183459
1.290 0.184321
1.292 0.184321
1.294 0.184751
1.296 0.185180
1.298 0.185608
1.300 0.186036
1.302 0.186888
1.304 0.187313
1.306 0.187737
1.308 0.187737
1.310 0.188161
1.312 0.189005
1.314 0.189426
1.316 0.189426
1.318 0.189846
1.320 0.190266
1.322 0.190684
1.324 0.191102
1.326 0.191936
1.328 0.192766
1.330 0.192766
1.332 0.193179
1.334 0.193592
1.336 0.194005
1.338 0.194005
1.340 0.194416
1.342 0.195236
1.344 0.195645
1.346 0.195645
1.348 0.196054
1.350 0.196461
1.352 0.196868
1.354 0.197274
1.356 0.197679
1.358 0.198083
1.360 0.198486
1.362 0.198889
1.364 0.199692
1.366 0.200092
1.368 0.200092
1.370 0.200491
1.372 0.201288
1.374 0.201685
1.376 0.202081
1.378 0.202476
1.380 0.202476
1.382 0.202871
1.384 0.203658
1.386 0.203658
1.388 0.204050
1.390 0.204441
1.392 0.204832
1.394 0.205222
1.396 0.205999
1.398 0.206387
1.400 0.206387
1.402 0.206773
1.404 0.207544
1.406 0.207544
1.408 0.208312
1.410 0.208312
1.412 0.208694
1.414 0.209457
1.416 0.209837
1.418 0.210217
1.420 0.210217
1.422 0.210595
1.424 0.211350
1.426 0.211350
1.428 0.212102
1.430 0.212476
1.432 0.212476
1.434 0.213223
1.436 0.213595
1.438 0.213595
1.440 0.213967
1.442 0.214337
1.444 0.214707
1.446 0.215076
1.448 0.215444
1.450 0.215812
1.452 0.216544
1.454 0.216909
1.456 0.217274
1.458 0.217274
1.460 0.217637
1.462 0.218361
1.464 0.218722
1.466 0.219083
1.468 0.219083
1.470 0.219442
1.472 0.220159
1.474 0.220159
1.476 0.220516
1.478 0.220872
1.480 0.221227
1.482 0.221582
1.484 0.221936
1.486 0.222641
1.488 0.222641
1.490 0.222992
1.492 0.223343
1.494 0.224042
1.496 0.224042
1.498 0.224390
1.500 0.224737
1.502 0.225084
1.504 0.225430
1.506 0.225775
1.508 0.226462
1.510 0.226462
1.512 0.227147
1.514 0.227488
1.516 0.227828
1.518 0.227828
1.520 0.228167
1.522 0.228506
1.524 0.228844
1.526 0.229181
1.528 0.229517
1.530 0.229853
1.532 0.229853
1.534 0.229853
1.536 0.229853
1.538 0.231186
1.540 0.231518
1.542 0.231848
1.544 0.232507
1.546 0.232507
1.548 0.233163
1.550 0.233163
1.552 0.233489
1.554 0.233815
1.556 0.234140
1.558 0.234788
1.560 0.234788
1.562 0.235110
1.564 0.235753
1.566 0.236073
1.568 0.236073
1.570 0.236393
1.572 0.236712
1.574 0.237029
1.576 0.237346
1.578 0.237663
1.580 0.237978
1.582 0.238293
1.584 0.238606
1.586 0.238606
1.588 0.239232
1.590 0.239543
1.592 0.239854
1.594 0.240472
1.596 0.240781
1.598 0.240781
1.600 0.241088
1.602 0.241395
1.604 0.241701
1.606 0.242006
1.608 0.242613
1.610 0.242613
1.612 0.242916
1.614 0.243218
1.616 0.243819
1.618 0.244118
1.620 0.244417
1.622 0.244715
1.624 0.245012
1.626 0.245012
1.628 0.245308
1.630 0.245603
1.632 0.245898
1.634 0.246192
1.636 0.246485
1.638 0.246777
1.640 0.247068
1.642 0.247359
1.644 0.247938
1.646 0.248226
1.648 0.248514
1.650 0.248800
1.652 0.248800
1.654 0.249086
1.656 0.249371
1.658 0.249655
1.660 0.249939
1.662 0.250503
1.664 0.250503
1.666 0.250784
1.668 0.251064
1.670 0.251344
1.672 0.251622
1.674 0.252177
1.676 0.252453
1.678 0.252729
1.680 0.252729
1.682 0.253277
1.684 0.253277
1.686 0.253550
1.688 0.253822
1.690 0.254364
1.692 0.254634
1.694 0.254634
1.696 0.254903
1.698 0.255439
1.700 0.255706
1.702 0.255971
1.704 0.256236
1.706 0.256236
1.708 0.256501
1.710 0.256764
1.712 0.257027
1.714 0.257549
1.716 0.257549
1.718 0.258069
1.720 0.258069
1.722 0.258328
1.724 0.258586
1.726 0.258843
1.728 0.259099
1.730 0.259354
1.732 0.259609
1.734 0.259863
1.736 0.260116
1.738 0.260368
1.740 0.260870
1.742 0.260870
1.744 0.261120
1.746 0.261369
1.748 0.261617
1.750 0.261864
1.752 0.262111
1.754 0.262602
1.756 0.262602
1.758 0.262846
1.760 0.263332
1.762 0.263332
1.764 0.263574
1.766 0.263815
1.768 0.264295
1.770 0.264533
1.772 0.265008
1.774 0.265008
1.776 0.265244
1.778 0.265480
1.780 0.265480
1.782 0.265948
1.784 0.265948
1.786 0.266181
1.788 0.266645
1.790 0.266645
1.792 0.266875
1.794 0.267334
1.796 0.267334
1.798 0.267790
1.800 0.267790
1.802 0.268016
1.804 0.268242
1.806 0.268467
1.808 0.268691
1.810 0.268915
1.812 0.269359
1.814 0.269580
1.816 0.269801
1.818 0.270020
1.820 0.270239
1.822 0.270456
1.824 0.270456
1.826 0.270673
1.828 0.270890
1.830 0.271105
1.832 0.271533
1.834 0.271533
1.836 0.271959
1.838 0.272170
1.840 0.272170
1.842 0.272591
1.844 0.272591
1.846 0.272800
1.848 0.273008
1.850 0.274037
1.852 0.274240
1.854 0.274443
1.856 0.274443
1.858 0.274443
1.860 0.274443
1.862 0.274443
1.864 0.274645
1.866 0.274846
1.868 0.275046
1.870 0.275245
1.872 0.275444
1.874 0.275642
1.876 0.275839
1.878 0.276035
1.880 0.276230
1.882 0.276425
1.884 0.276619
1.886 0.276812
1.888 0.277004
1.890 0.277386
1.892 0.277576
1.894 0.277576
1.896 0.277765
1.898 0.278141
1.900 0.278141
1.902 0.278327
1.904 0.278513
1.906 0.278698
1.908 0.278882
1.910 0.279066
1.912 0.279248
1.914 0.279430
1.916 0.279611
1.918 0.279791
1.920 0.279971
1.922 0.280149
1.924 0.280327
1.926 0.280504
1.928 0.280680
1.930 0.280856
1.932 0.281204
1.934 0.281204
1.936 0.281549
1.938 0.281549
1.940 0.281721
1.942 0.282061
1.944 0.282061
1.946 0.282061
1.948 0.282061
1.950 0.282566
1.952 0.282733
1.954 0.282898
1.956 0.283063
1.958 0.283228
1.960 0.283391
1.962 0.283715
1.964 0.283715
1.966 0.283877
1.968 0.284037
1.970 0.284196
1.972 0.284355
1.974 0.284513
1.976 0.284670
1.978 0.284826
1.980 0.285136
1.982 0.285136
1.984 0.285290
1.986 0.285443
1.988 0.285595
1.990 0.285746
1.992 0.285897
1.994 0.286047
1.996 0.286344
1.998 0.286344
2.000 0.286491
2.002 0.286638
2.004 0.286784
2.006 0.286929
2.008 0.287073
2.010 0.287216
2.012 0.287359
2.014 0.287501
2.016 0.287782
2.018 0.287922
2.020 0.288060
2.022 0.288060
2.024 0.288335
2.026 0.288471
2.028 0.288607
2.030 0.288607
2.032 0.288741
2.034 0.288875
2.036 0.289008
2.038 0.289140
2.040 0.289402
2.042 0.289402
2.044 0.289532
2.046 0.289789
2.048 0.289917
2.050 0.290169
2.052 0.290418
2.054 0.290542
2.056 0.290542
2.058 0.290542
2.060 0.290664
2.062 0.290786
2.064 0.290907
2.066 0.291028
2.068 0.291147
2.070 0.291266
2.072 0.291383
2.074 0.291383
2.076 0.291500
2.078 0.291617
2.080 0.291732
2.082 0.291847
2.084 0.291960
2.086 0.292073
2.088 0.292297
2.090 0.292297
2.092 0.292408
2.094 0.292518
2.096 0.292627
2.098 0.292735
2.100 0.292842
2.102 0.292949
2.104 0.293055
2.106 0.293160
2.108 0.293367
2.110 0.293470
2.112 0.293470
2.114 0.293673
2.116 0.293673
2.118 0.293773
2.120 0.293872
2.122 0.293971
2.124 0.294069
2.126 0.294166
2.128 0.294357
2.130 0.294452
2.132 0.294546
2.134 0.294639
2.136 0.294731
2.138 0.294823
2.140 0.294913
2.142 0.295003
2.144 0.295003
2.146 0.295092
2.148 0.295180
2.150 0.295268
2.152 0.295354
2.154 0.295440
2.156 0.295525
2.158 0.295609
2.160 0.295693
2.162 0.295857
2.164 0.295857
2.166 0.295938
2.168 0.296018
2.170 0.296098
2.172 0.296254
2.174 0.296254
2.176 0.296407
2.178 0.296483
2.180 0.296483
2.182 0.296557
2.184 0.296704
2.186 0.296704
2.188 0.296848
2.190 0.296848
2.192 0.296919
2.194 0.296988
2.196 0.297057
2.198 0.297126
2.200 0.297193
2.202 0.297325
2.204 0.297390
2.206 0.297390
2.208 0.297518
2.210 0.297518
2.212 0.297643
2.214 0.297643
2.216 0.297704
2.218 0.297704
2.220 0.297704
2.222 0.297882
2.224 0.297997
2.226 0.297997
2.228 0.298053
2.230 0.298108
2.232 0.298163
2.234 0.298217
2.236 0.298270
2.238 0.298322
2.240 0.298373
2.242 0.298424
2.244 0.298474
2.246 0.298523
2.248 0.298571
2.250 0.298665
2.252 0.298665
2.254 0.298711
2.256 0.298800
2.258 0.298800
2.260 0.298844
2.262 0.298886
2.264 0.298928
2.266 0.299009
2.268 0.299049
2.270 0.299049
2.272 0.299087
2.274 0.299125
2.276 0.299162
2.278 0.299198
2.280 0.299234
2.282 0.299268
2.284 0.299335
2.286 0.299335
2.288 0.299367
2.290 0.299399
2.292 0.299459
2.294 0.299459
2.296 0.299488
2.298 0.299516
2.300 0.299544
2.302 0.299570
2.304 0.299621
2.306 0.299621
2.308 0.299645
2.310 0.299669
2.312 0.299713
2.314 0.299734
2.316 0.299755
2.318 0.299755
2.320 0.299774
2.322 0.299793
2.324 0.299810
2.326 0.299844
2.328 0.299844
2.330 0.299874
2.332 0.299888
2.334 0.299901
2.336 0.299901
2.338 0.299913
2.340 0.299924
2.342 0.299945
2.344 0.299954
2.346 0.299954
2.348 0.299962
2.350 0.299969
2.352 0.299976
2.354 0.299982
2.356 0.299991
2.358 0.299991
2.360 0.299994
2.362 0.299997
2.364 0.299999
2.366 0.300000
2.368 0.300000
2.370 0.300000
2.372 0.300000
2.374 0.300000
2.376 0.300000
2.378 0.300000
2.380 0.300000
2.382 0.300000
2.384 0.300000
2.386 0.300000
2.388 0.300000
2.390 0.300000
2.392 0.300000
2.394 0.300000
2.396 0.300000
2.398 0.300000
2.400 0.300000
2.402 0.300000
2.404 0.300000
2.406 0.300000
2.408 0.300000
2.410 0.300000
2.412 0.300000
2.414 0.300000
2.416 0.300000
2.418 0.300000
2.420 0.300000
2.422 0.300000
2.424 0.300000
2.426 0.300000
2.428 0.300000
2.430 0.300000
2.432 0.300000
2.434 0.300000
2.436 0.300000
2.438 0.300000
2.440 0.300000
2.442 0.300000
2.444 0.300000
2.446 0.300000
2.448 0.300000
2.450 0.300000
2.452 0.300000
2.454 0.300000
2.456 0.300000
2.458 0.300000
2.460 0.300000
2.462 0.300000
2.464 0.300000
2.466 0.300000
2.468 0.300000
2.470 0.300000
2.472 0.300000
2.474 0.300000
2.476 0.300000
2.478 0.300000
2.480 0.300000
2.482 0.300000
2.484 0.300000
2.486 0.300000
2.488 0.300000
2.490 0.300000
2.492 0.300000
2.494 0.300000
2.496 0.300000
2.498 0.300000
2.500 0.300000
2.502 0.300000
2.504 0.300000
2.506 0.300000
2.508 0.300000
2.510 0.300000
2.512 0.300000
2.514 0.300000
2.516 0.300000
2.518 0.300000
2.520 0.300000
2.522 0.300000
2.524 0.300000
2.526 0.300000
2.528 0.300000
2.530 0.300000
2.532 0.300000
2.534 0.300000
2.536 0.300000
2.538 0.300000
2.540 0.300000
2.542 0.300000
2.544 0.300000
2.546 0.300000
2.548 0.300000
2.550 0.300000
2.552 0.300000
2.554 0.300000
2.556 0.300000
2.558 0.300000
2.560 0.300000
2.562 0.300000
2.564 0.300000
2.566 0.300000
2.568 0.300000
2.570 0.300000
2.572 0.300000
2.574 0.300000
2.576 0.300000
2.578 0.300000
2.580 0.300000
2.582 0.300000
2.584 0.300000
2.586 0.300000
2.588 0.300000
2.590 0.300000
2.592 0.300000
2.594 0.300000
2.596 0.300000
2.598 0.300000
2.600 0.300000
2.602 0.300000
2.604 0.300000
2.606 0.300000
2.608 0.300000
2.610 0.300000
2.612 0.300000
2.614 0.300000
2.616 0.300000
2.618 0.300000
2.620 0.300000
2.622 0.300000
2.624 0.300000
2.626 0.300000
2.628 0.300000
2.630 0.300000
2.632 0.300000
2.634 0.300000
2.636 0.300000
2.638 0.300000
2.640 0.300000
2.642 0.300000
2.644 0.300000
2.646 0.300000
2.648 0.300000
2.650 0.300000
2.652 0.300000
2.654 0.300000
2.656 0.300000
2.658 0.300000
2.660 0.300000
2.662 0.300000
2.664 0.300000
2.666 0.300000
2.668 0.300000
2.670 0.300000
2.672 0.300000
2.674 0.300000
2.676 0.300000
2.678 0.300000
2.680 0.300000
2.682 0.300000
2.684 0.300000
2.686 0.300000
2.688 0.300000
2.690 0.300000
2.692 0.300000
2.694 0.300000
2.696 0.300000
2.698 0.300000
2.700 0.300000
2.702 0.300000
2.704 0.300000
2.706 0.300000
2.708 0.300000
2.710 0.300000
2.712 0.300000
2.714 0.300000
2.716 0.300000
2.718 0.300000
2.720 0.300000
2.722 0.300000
2.724 0.300000
2.726 0.300000
2.728 0.300000
2.730 0.300000
2.732 0.300000
2.734 0.300000
2.736 0.300000
2.738 0.300000
2.740 0.300000
2.742 0.300000
2.744 0.300000
2.746 0.300000
2.748 0.300000
2.750 0.300000
2.752 0.300000
2.754 0.300000
2.756 0.300000
2.758 0.300000
2.760 0.300000
2.762 0.300000
2.764 0.300000
2.766 0.300000
2.768 0.300000
2.770 0.300000
2.772 0.300000
2.774 0.300000
2.776 0.300000
2.778 0.300000
2.780 0.300000
2.782 0.300000
2.784 0.300000
2.786 0.300000
2.788 0.300000
2.790 0.300000
2.792 0.300000
2.794 0.300000
2.796 0.300000
2.798 0.300000
2.800 0.300000
2.802 0.300000
2.804 0.300000
2.806 0.300000
2.808 0.300000
2.810 0.300000
2.812 0.300000
2.814 0.300000
2.816 0.300000
2.818 0.300000
2.820 0.300000
2.822 0.300000
2.824 0.300000
2.826 0.300000
2.828 0.300000
2.830 0.300000
2.832 0.300000
2.834 0.300000
2.836 0.300000
2.838 0.300000
2.840 0.300000
2.842 0.300000
2.844 0.300000
2.846 0.300000
2.848 0.300000
2.850 0.300000
2.852 0.300000
2.854 0.300000
2.856 0.300000
2.858 0.300000
2.860 0.300000
2.862 0.300000
2.864 0.300000
2.866 0.300000
2.868 0.300000
2.870 0.300000
2.872 0.300000
2.874 0.300000
2.876 0.300000
2.878 0.300000
2.880 0.300000
2.882 0.300000
2.884 0.300000
2.886 0.300000
2.888 0.300000
2.890 0.300000
2.892 0.300000
2.894 0.300000
2.896 0.300000
2.898 0.300000
2.900 0.300000
2.902 0.300000
2.904 0.300000
2.906 0.300000
2.908 0.300000
2.910 0.300000
2.912 0.300000
2.914 0.300000
2.916 0.300000
2.918 0.300000
2.920 0.300000
2.922 0.300000
2.924 0.300000
2.926 0.300000
2.928 0.300000
2.930 0.300000
2.932 0.300000
2.934 0.300000
2.936 0.300000
2.938 0.300000
2.940 0.300000
2.942 0.300000
2.944 0.300000
2.946 0.300000
2.948 0.300000
2.950 0.300000
2.952 0.300000
2.954 0.300000
2.956 0.300000
2.958 0.300000
2.960 0.300000
2.962 0.300000
2.964 0.300000
2.966 0.300000
2.968 0.300000
2.970 0.300000
2.972 0.300000
2.974 0.300000
2.976 0.300000
2.978 0.300000
2.980 0.300000
2.982 0.300000
2.984 0.300000
2.986 0.300000
2.988 0.300000
2.990 0.300000
2.992 0.300000
2.994 0.300000
2.996 0.300000
2.998 0.300000
3.000 0.300000
3.002 0.300000
3.004 0.300000
3.006 0.300000
3.008 0.300000
3.010 0.300000
3.012 0.300000
3.014 0.300000
3.016 0.300000
3.018 0.300000
3.020 0.300000
3.022 0.300000
3.024 0.300000
3.026 0.300000
3.028 0.300000
3.030 0.300000
3.032 0.300000
3.034 0.300000
3.036 0.300000
3.038 0.300000
3.040 0.300000
3.042 0.300000
3.044 0.300000
3.046 0.300000
3.048 0.300000
3.050 0.300000
3.052 0.300000
3.054 0.300000
3.056 0.300000
3.058 0.300000
3.060 0.300000
3.062 0.300000
3.064 0.300000
3.066 0.300000
3.068 0.300000
3.070 0.300000
3.072 0.300000
3.074 0.300000
3.076 0.300000
3.078 0.300000
3.080 0.300000
3.082 0.300000
3.084 0.300000
3.086 0.300000
3.088 0.300000
3.090 0.300000
3.092 0.300000
3.094 0.300000
3.096 0.300000
3.098 0.300000
3.100 0.300000
3.102 0.300000
3.104 0.300000
3.106 0.300000
3.108 0.300000
3.110 0.300000
3.112 0.300000
3.114 0.300000
3.116 0.300000
3.118 0.300000
3.120 0.300000
3.122 0.300000
3.124 0.300000
3.126 0.300000
3.128 0.300000
3.130 0.300000
3.132 0.300000
3.134 0.300000
3.136 0.300000
3.138 0.300000
3.140 0.300000
3.142 0.300000
3.144 0.300000
3.146 0.300000
3.148 0.300000
3.150 0.300000
3.152 0.300000
3.154 0.300000
3.156 0.300000
3.158 0.300000
3.160 0.300000
3.162 0.300000
3.164 0.300000
3.166 0.300000
3.168 0.300000
3.170 0.300000
3.172 0.300000
3.174 0.300000
3.176 0.300000
3.178 0.300000
3.180 0.300000
3.182 0.300000
3.184 0.300000
3.186 0.300000
3.188 0.300000
3.190 0.300000
3.192 0.300000
3.194 0.300000
3.196 0.300000
3.198 0.300000
3.200 0.300000
3.202 0.300000
3.204 0.300000
3.206 0.300000
3.208 0.300000
3.210 0.300000
3.212 0.300000
3.214 0.300000
3.216 0.300000
3.218 0.300000
3.220 0.300000
3.222 0.300000
3.224 0.300000
3.226 0.300000
3.228 0.300000
3.230 0.300000
3.232 0.300000
3.234 0.300000
3.236 0.300000
3.238 0.300000
3.240 0.300000
3.242 0.300000
3.244 0.300000
3.246 0.300000
3.248 0.300000
3.250 0.300000
3.252 0.300000
3.254 0.300000
3.256 0.300000
3.258 0.300000
3.260 0.300000
3.262 0.300000
3.264 0.300000
3.266 0.300000
3.268 0.300000
3.270 0.300000
3.272 0.300000
3.274 0.300000
3.276 0.300000
3.278 0.300000
3.280 0.300000
3.282 0.300000
3.284 0.300000
3.286 0.300000
3.288 0.300000
3.290 0.300000
3.292 0.300000
3.294 0.300000
3.296 0.300000
3.298 0.300000
3.300 0.300000
3.302 0.300000
3.304 0.300000
3.306 0.300000
3.308 0.300000
3.310 0.300000
3.312 0.300000
3.314 0.300000
3.316 0.300000
3.318 0.300000
3.320 0.300000
3.322 0.300000
3.324 0.300000
3.326 0.300000
3.328 0.300000
3.330 0.300000
3.332 0.300000
3.334 0.300000
3.336 0.300000
3.338 0.300000
3.340 0.300000
3.342 0.300000
3.344 0.300000
3.346 0.300000
3.348 0.300000
3.350 0.300000
3.352 0.300000
3.354 0.300000
3.356 0.300000
3.358 0.300000
3.360 0.300000
3.362 0.300000
3.364 0.300000
3.366 0.300000
3.368 0.300000
3.370 0.300000
3.372 0.300000
3.374 0.300000
3.376 0.300000
3.378 0.300000
3.380 0.300000
3.382 0.300000
3.384 0.300000
3.386 0.300000
3.388 0.300000
3.390 0.300000
3.392 0.300000
3.394 0.300000
3.396 0.300000
3.398 0.300000
3.400 0.300000
3.402 0.300000
3.404 0.300000
3.406 0.300000
3.408 0.300000
3.410 0.300000
3.412 0.300000
3.414 0.300000
3.416 0.300000
3.418 0.300000
3.420 0.300000
3.422 0.300000
3.424 0.300000
3.426 0.300000
3.428 0.300000
3.430 0.300000
3.432 0.300000
3.434 0.300000
3.436 0.300000
3.438 0.300000
3.440 0.300000
3.442 0.300000
3.444 0.300000
3.446 0.300000
3.448 0.300000
3.450 0.300000
3.452 0.300000
3.454 0.300000
3.456 0.300000
3.458 0.300000
3.460 0.300000
3.462 0.300000
3.464 0.300000
3.466 0.300000
3.468 0.300000
3.470 0.300000
3.472 0.300000
3.474 0.300000
3.476 0.300000
3.478 0.300000
3.480 0.300000
3.482 0.300000
3.484 0.300000
3.486 0.300000
3.488 0.300000
3.490 0.300000
3.492 0.300000
3.494 0.300000
3.496 0.300000
3.498 0.300000
3.500 0.300000
3.502 0.300000
3.504 0.300000
3.506 0.300000
3.508 0.300000
3.510 0.300000
3.512 0.300000
3.514 0.300000
3.516 0.300000
3.518 0.300000
3.520 0.300000
3.522 0.300000
3.524 0.300000
3.526 0.300000
3.528 0.300000
3.530 0.300000
3.532 0.300000
3.534 0.300000
3.536 0.300000
3.538 0.300000
3.540 0.300000
3.542 0.300000
3.544 0.300000
3.546 0.300000
3.548 0.300000
3.550 0.300000
3.552 0.300000
3.554 0.300000
3.556 0.300000
3.558 0.300000
3.560 0.300000
3.562 0.300000
3.564 0.300000
3.566 0.300000
3.568 0.300000
3.570 0.300000
3.572 0.300000
3.574 0.300000
3.576 0.300000
3.578 0.300000
3.580 0.300000
3.582 0.300000
3.584 0.300000
3.586 0.300000
3.588 0.300000
3.590 0.300000
3.592 0.300000
3.594 0.300000
3.596 0.300000
3.598 0.300000
3.600 0.300000
3.602 0.300000
3.604 0.300000
3.606 0.300000
3.608 0.300000
3.610 0.300000
3.612 0.300000
3.614 0.300000
3.616 0.300000
3.618 0.300000
3.620 0.300000
3.622 0.300000
3.624 0.300000
3.626 0.300000
3.628 0.300000
3.630 0.300000
3.632 0.300000
3.634 0.300000
3.636 0.300000
3.638 0.300000
3.640 0.300000
3.642 0.300000
3.644 0.300000
3.646 0.300000
3.648 0.300000
3.650 0.300000
3.652 0.300000
3.654 0.300000
3.656 0.300000
3.658 0.300000
3.660 0.300000
3.662 0.300000
3.664 0.300000
3.666 0.300000
3.668 0.300000
3.670 0.300000
3.672 0.300000
3.674 0.300000
3.676 0.300000
3.678 0.300000
3.680 0.300000
3.682 0.300000
3.684 0.300000
3.686 0.300000
3.688 0.300000
3.690 0.300000
3.692 0.300000
3.694 0.300000
3.696 0.300000
3.698 0.300000
3.700 0.300000
3.702 0.300000
3.704 0.300000
3.706 0.300000
3.708 0.300000
3.710 0.300000
3.712 0.300000
3.714 0.300000
3.716 0.300000
3.718 0.300000
3.720 0.300000
3.722 0.300000
3.724 0.300000
3.726 0.300000
3.728 0.300000
3.730 0.300000
3.732 0.300000
3.734 0.300000
3.736 0.300000
3.738 0.300000
3.740 0.300000
3.742 0.300000
3.744 0.300000
3.746 0.300000
3.748 0.300000
3.750 0.300000
3.752 0.300000
3.754 0.300000
3.756 0.300000
3.758 0.300000
3.760 0.300000
3.762 0.300000
3.764 0.300000
3.766 0.300000
3.768 0.300000
3.770 0.300000
3.772 0.300000
3.774 0.300000
3.776 0.300000
3.778 0.300000
3.780 0.300000
3.782 0.300000
3.784 0.300000
3.786 0.300000
3.788 0.300000
3.790 0.300000
3.792 0.300000
3.794 0.300000
3.796 0.300000
3.798 0.300000
3.800 0.300000
3.802 0.300000
3.804 0.300000
3.806 0.300000
3.808 0.300000
3.810 0.300000
3.812 0.300000
3.814 0.300000
3.816 0.300000
3.818 0.300000
3.820 0.300000
3.822 0.300000
3.824 0.300000
3.826 0.300000
3.828 0.300000
3.830 0.300000
3.832 0.300000
3.834 0.300000
3.836 0.300000
3.838 0.300000
3.840 0.300000
3.842 0.300000
3.844 0.300000
3.846 0.300000
3.848 0.300000
3.850 0.300000
3.852 0.300000
3.854 0.300000
3.856 0.300000
3.858 0.300000
3.860 0.300000
3.862 0.300000
3.864 0.300000
3.866 0.300000
3.868 0.300000
3.870 0.300000
3.872 0.300000
3.874 0.300000
3.876 0.300000
3.878 0.300000
3.880 0.300000
3.882 0.300000
3.884 0.300000
3.886 0.300000
3.888 0.300000
3.890 0.300000
3.892 0.300000
3.894 0.300000
3.896 0.300000
3.898 0.300000
3.900 0.300000
3.902 0.300000
3.904 0.300000
3.906 0.300000
3.908 0.300000
3.910 0.300000
3.912 0.300000
3.914 0.300000
3.916 0.300000
3.918 0.300000
3.920 0.300000
3.922 0.300000
3.924 0.300000
3.926 0.300000
3.928 0.300000
3.930 0.300000
3.932 0.300000
3.934 0.300000
3.936 0.300000
3.938 0.300000
3.940 0.300000
3.942 0.300000
3.944 0.300000
3.946 0.300000
3.948 0.300000
3.950 0.300000
3.952 0.300000
3.954 0.300000
3.956 0.300000
3.958 0.300000
3.960 0.300000
3.962 0.300000
3.964 0.300000
3.966 0.300000
3.968 0.300000
3.970 0.300000
3.972 0.300000
3.974 0.300000
3.976 0.300000
3.978 0.300000
3.980 0.300000
3.982 0.300000
3.984 0.300000
3.986 0.300000
3.988 0.300000
3.990 0.300000
3.992 0.300000
3.994 0.300000
3.996 0.300000
3.998 0.300000
4.000 0.300000
4.002 0.300000
4.004 0.300000
4.006 0.300000
4.008 0.300000
4.010 0.300000
4.012 0.300000
4.014 0.300000
4.016 0.300000
4.018 0.300000
4.020 0.300000
4.022 0.300000
4.024 0.300000
4.026 0.300000
4.028 0.300000
4.030 0.300000
4.032 0.300000
4.034 0.300000
4.036 0.300000
4.038 0.300000
4.040 0.300000
4.042 0.300000
4.044 0.300000
4.046 0.300000
4.048 0.300000
4.050 0.300000
4.052 0.300000
4.054 0.300000
4.056 0.300000
4.058 0.300000
4.060 0.300000
4.062 0.300000
4.064 0.300000
4.066 0.300000
4.068 0.300000
4.070 0.300000
4.072 0.300000
4.074 0.300000
4.076 0.300000
4.078 0.300000
4.080 0.300000
4.082 0.300000
4.084 0.300000
4.086 0.300000
4.088 0.300000
4.090 0.300000
4.092 0.300000
4.094 0.300000
4.096 0.300000
4.098 0.300000
4.100 0.300000
4.102 0.300000
4.104 0.300000
4.106 0.300000
4.108 0.300000
4.110 0.300000
4.112 0.300000
4.114 0.300000
4.116 0.300000
4.118 0.300000
4.120 0.300000
4.122 0.300000
4.124 0.300000
4.126 0.300000
4.128 0.300000
4.130 0.300000
4.132 0.300000
4.134 0.300000
4.136 0.300000
4.138 0.300000
4.140 0.300000
4.142 0.300000
4.144 0.300000
4.146 0.300000
4.148 0.300000
4.150 0.300000
4.152 0.300000
4.154 0.300000
4.156 0.300000
4.158 0.300000
4.160 0.300000
4.162 0.300000
4.164 0.300000
4.166 0.300000
4.168 0.300000
4.170 0.300000
4.172 0.300000
4.174 0.300000
4.176 0.300000
4.178 0.300000
4.180 0.300000
4.182 0.300000
4.184 0.300000
4.186 0.300000
4.188 0.300000
4.190 0.300000
4.192 0.300000
4.194 0.300000
4.196 0.300000
4.198 0.300000
4.200 0.300000
4.202 0.300000
4.204 0.300000
4.206 0.300000
4.208 0.300000
4.210 0.300000
4.212 0.300000
4.214 0.300000
4.216 0.300000
4.218 0.300000
4.220 0.300000
4.222 0.300000
4.224 0.300000
4.226 0.300000
4.228 0.300000
4.230 0.300000
4.232 0.300000
4.234 0.300000
4.236 0.300000
4.238 0.300000
4.240 0.300000
4.242 0.300000
4.244 0.300000
4.246 0.300000
4.248 0.300000
4.250 0.300000
4.252 0.300000
4.254 0.300000
4.256 0.300000
4.258 0.300000
4.260 0.300000
4.262 0.300000
4.264 0.300000
4.266 0.300000
4.268 0.300000
4.270 0.300000
4.272 0.300000
4.274 0.300000
4.276 0.300000
4.278 0.300000
4.280 0.300000
4.282 0.300000
4.284 0.300000
4.286 0.300000
4.288 0.300000
4.290 0.300000
4.292 0.300000
4.294 0.300000
4.296 0.300000
4.298 0.300000
4.300 0.300000
4.302 0.300000
4.304 0.300000
4.306 0.300000
4.308 0.300000
4.310 0.300000
4.312 0.300000
4.314 0.300000
4.316 0.300000
4.318 0.300000
4.320 0.300000
4.322 0.300000
4.324 0.300000
4.326 0.300000
4.328 0.300000
4.330 0.300000
4.332 0.300000
4.334 0.300000
4.336 0.300000
4.338 0.300000
4.340 0.300000
4.342 0.300000
4.344 0.300000
4.346 0.300000
4.348 0.300000
4.350 0.300000
4.352 0.300000
4.354 0.300000
4.356 0.300000
4.358 0.300000
4.360 0.300000
4.362 0.300000
4.364 0.300000
4.366 0.300000
4.368 0.300000
4.370 0.300000
4.372 0.300000
4.374 0.300000
4.376 0.300000
4.378 0.300000
4.380 0.300000
4.382 0.300000
4.384 0.300000
4.386 0.300000
4.388 0.300000
4.390 0.300000
4.392 0.300000
4.394 0.300000
4.396 0.300000
4.398 0.300000
4.400 0.300000
4.402 0.300000
4.404 0.300000
4.406 0.300000
4.408 0.300000
4.410 0.300000
4.412 0.300000
4.414 0.300000
4.416 0.300000
4.418 0.300000
4.420 0.300000
4.422 0.300000
4.424 0.300000
4.426 0.300000
4.428 0.300000
4.430 0.300000
4.432 0.300000
4.434 0.300000
4.436 0.300000
4.438 0.300000
4.440 0.300000
4.442 0.300000
4.444 0.300000
4.446 0.300000
4.448 0.300000
4.450 0.300000
4.452 0.300000
4.454 0.300000
4.456 0.300000
4.458 0.300000
4.460 0.300000
4.462 0.300000
4.464 0.300000
4.466 0.300000
4.468 0.300000
4.470 0.300000
4.472 0.300000
4.474 0.300000
4.476 0.300000
4.478 0.300000
4.480 0.300000
4.482 0.300000
4.484 0.300000
4.486 0.300000
4.488 0.300000
4.490 0.300000
4.492 0.300000
4.494 0.300000
4.496 0.300000
4.498 0.300000
4.500 0.300000
4.502 0.300000
4.504 0.300000
4.506 0.300000
4.508 0.300000
4.510 0.300000
4.512 0.300000
4.514 0.300000
4.516 0.300000
4.518 0.300000
4.520 0.300000
4.522 0.300000
4.524 0.300000
4.526 0.300000
4.528 0.300000
4.530 0.300000
4.532 0.300000
4.534 0.300000
4.536 0.300000
4.538 0.300000
4.540 0.300000
4.542 0.300000
4.544 0.300000
4.546 0.300000
4.548 0.300000
4.550 0.300000
4.552 0.300000
4.554 0.300000
4.556 0.300000
4.558 0.300000
4.560 0.300000
4.562 0.300000
4.564 0.300000
4.566 0.300000
4.568 0.300000
4.570 0.300000
4.572 0.300000
4.574 0.300000
4.576 0.300000
4.578 0.300000
4.580 0.300000
4.582 0.300000
4.584 0.300000
4.586 0.300000
4.588 0.300000
4.590 0.300000
4.592 0.300000
4.594 0.300000
4.596 0.300000
4.598 0.300000
4.600 0.300000
4.602 0.300000
4.604 0.300000
4.606 0.300000
4.608 0.300000
4.610 0.300000
4.612 0.300000
4.614 0.300000
4.616 0.300000
4.618 0.300000
4.620 0.300000
4.622 0.300000
4.624 0.300000
4.626 0.300000
4.628 0.300000
4.630 0.300000
4.632 0.300000
4.634 0.300000
4.636 0.300000
4.638 0.300000
4.640 0.300000
4.642 0.300000
4.644 0.300000
4.646 0.300000
4.648 0.300000
4.650 0.300000
4.652 0.300000
4.654 0.300000
4.656 0.300000
4.658 0.300000
4.660 0.300000
4.662 0.300000
4.664 0.300000
4.666 0.300000
4.668 0.300000
4.670 0.300000
4.672 0.300000
4.674 0.300000
4.676 0.300000
4.678 0.300000
4.680 0.300000
4.682 0.300000
4.684 0.300000
4.686 0.300000
4.688 0.300000
4.690 0.300000
4.692 0.300000
4.694 0.300000
4.696 0.300000
4.698 0.300000
4.700 0.300000
4.702 0.300000
4.704 0.300000
4.706 0.300000
4.708 0.300000
4.710 0.300000
4.712 0.300000
4.714 0.300000
4.716 0.300000
4.718 0.300000
4.720 0.300000
4.722 0.300000
4.724 0.300000
4.726 0.300000
4.728 0.300000
4.730 0.300000
4.732 0.300000
4.734 0.300000
4.736 0.300000
4.738 0.300000
4.740 0.300000
4.742 0.300000
4.744 0.300000
4.746 0.300000
4.748 0.300000
4.750 0.300000
4.752 0.300000
4.754 0.300000
4.756 0.300000
4.758 0.300000
4.760 0.300000
4.762 0.300000
4.764 0.300000
4.766 0.300000
4.768 0.300000
4.770 0.300000
4.772 0.300000
4.774 0.300000
4.776 0.300000
4.778 0.300000
4.780 0.300000
4.782 0.300000
4.784 0.300000
4.786 0.300000
4.788 0.300000
4.790 0.300000
4.792 0.300000
4.794 0.300000
4.796 0.300000
4.798 0.300000
4.800 0.300000
4.802 0.300000
4.804 0.300000
4.806 0.300000
4.808 0.300000
4.810 0.300000
4.812 0.300000
4.814 0.300000
4.816 0.300000
4.818 0.300000
4.820 0.300000
4.822 0.300000
4.824 0.300000
4.826 0.300000
4.828 0.300000
4.830 0.300000
4.832 0.300000
4.834 0.300000
4.836 0.300000
4.838 0.300000
4.840 0.300000
4.842 0.300000
4.844 0.300000
4.846 0.300000
4.848 0.300000
4.850 0.300000
4.852 0.300000
4.854 0.300000
4.856 0.300000
4.858 0.300000
4.860 0.300000
4.862 0.300000
4.864 0.300000
4.866 0.300000
4.868 0.300000
4.870 0.300000
4.872 0.300000
4.874 0.300000
4.876 0.300000
4.878 0.300000
4.880 0.300000
4.882 0.300000
4.884 0.300000
4.886 0.300000
4.888 0.300000
4.890 0.300000
4.892 0.300000
4.894 0.300000
4.896 0.300000
4.898 0.300000
4.900 0.300000
4.902 0.300000
4.904 0.300000
4.906 0.300000
4.908 0.300000
4.910 0.300000
4.912 0.300000
4.914 0.300000
4.916 0.300000
4.918 0.300000
4.920 0.300000
4.922 0.300000
4.924 0.300000
4.926 0.300000
4.928 0.300000
4.930 0.300000
4.932 0.300000
4.934 0.300000
4.936 0.300000
4.938 0.300000
4.940 0.300000
4.942 0.300000
4.944 0.300000
4.946 0.300000
4.948 0.300000
4.950 0.300000
4.952 0.300000
4.954 0.300000
4.956 0.300000
4.958 0.300000
4.960 0.300000
4.962 0.300000
4.964 0.300000
4.966 0.300000
4.968 0.300000
4.970 0.300000
4.972 0.300000
4.974 0.300000
4.976 0.300000
4.978 0.300000
4.980 0.300000
4.982 0.300000
4.984 0.300000
4.986 0.300000
4.988 0.300000
4.990 0.300000
4.992 0.300000
4.994 0.300000
4.996 0.300000
4.998 0.300000
5.000 0.300000
5.002 0.300000
5.004 0.300000
5.006 0.300000
5.008 0.300000
5.010 0.300000
5.012 0.300000
5.014 0.300000
5.016 0.300000
5.018 0.300000
5.020 0.300000
5.022 0.300000
5.024 0.300000
5.026 0.300000
5.028 0.300000
5.030 0.300000
5.032 0.300000
5.034 0.300000
5.036 0.300000
5.038 0.300000
5.040 0.300000
5.042 0.300000
5.044 0.300000
5.046 0.300000
5.048 0.300000
5.050 0.300000
5.052 0.300000
5.054 0.300000
5.056 0.300000
5.058 0.300000
5.060 0.300000
5.062 0.300000
5.064 0.300000
5.066 0.300000
5.068 0.300000
5.070 0.300000
5.072 0.300000
5.074 0.300000
5.076 0.300000
5.078 0.300000
5.080 0.300000
5.082 0.300000
5.084 0.300000
5.086 0.300000
5.088 0.300000
5.090 0.300000
5.092 0.300000
5.094 0.300000
5.096 0.300000
5.098 0.300000
5.100 0.300000
5.102 0.300000
5.104 0.300000
5.106 0.300000
5.108 0.300000
5.110 0.300000
5.112 0.300000
5.114 0.300000
5.116 0.300000
5.118 0.300000
5.120 0.300000
5.122 0.300000
5.124 0.300000
5.126 0.300000
5.128 0.300000
5.130 0.300000
5.132 0.300000
5.134 0.300000
5.136 0.300000
5.138 0.300000
5.140 0.300000
5.142 0.300000
5.144 0.300000
5.146 0.300000
5.148 0.300000
5.150 0.300000
5.152 0.300000
5.154 0.300000
5.156 0.300000
5.158 0.300000
5.160 0.300000
5.162 0.300000
5.164 0.300000
5.166 0.300000
5.168 0.300000
5.170 0.300000
5.172 0.300000
5.174 0.300000
5.176 0.300000
5.178 0.300000
5.180 0.300000
5.182 0.300000
5.184 0.300000
5.186 0.300000
5.188 0.300000
5.190 0.300000
5.192 0.300000
5.194 0.300000
5.196 0.300000
5.198 0.300000
5.200 0.300000
5.202 0.300000
5.204 0.300000
5.206 0.300000
5.208 0.300000
5.210 0.300000
5.212 0.300000
5.214 0.300000
5.216 0.300000
5.218 0.300000
5.220 0.300000
5.222 0.300000
5.224 0.300000
5.226 0.300000
5.228 0.300000
5.230 0.300000
5.232 0.300000
5.234 0.300000
5.236 0.300000
5.238 0.300000
5.240 0.300000
5.242 0.300000
5.244 0.300000
5.246 0.300000
5.248 0.300000
5.250 0.300000
5.252 0.300000
5.254 0.300000
5.256 0.300000
5.258 0.300000
5.260 0.300000
5.262 0.300000
5.264 0.300000
5.266 0.300000
5.268 0.300000
5.270 0.300000
5.272 0.300000
5.274 0.300000
5.276 0.300000
5.278 0.300000
5.280 0.300000
5.282 0.300000
5.284 0.300000
5.286 0.300000
5.288 0.300000
5.290 0.300000
5.292 0.300000
5.294 0.300000
5.296 0.300000
5.298 0.300000
5.300 0.300000
5.302 0.300000
5.304 0.300000
5.306 0.300000
5.308 0.300000
5.310 0.300000
5.312 0.300000
5.314 0.300000
5.316 0.300000
5.318 0.300000
5.320 0.300000
5.322 0.300000
5.324 0.300000
5.326 0.300000
5.328 0.300000
5.330 0.300000
5.332 0.300000
5.334 0.300000
5.336 0.300000
5.338 0.300000
5.340 0.300000
5.342 0.300000
5.344 0.300000
5.346 0.300000
5.348 0.300000
5.350 0.300000
5.352 0.300000
5.354 0.300000
5.356 0.300000
5.358 0.300000
5.360 0.300000
5.362 0.300000
5.364 0.300000
5.366 0.300000
5.368 0.300000
5.370 0.300000
5.372 0.300000
5.374 0.300000
5.376 0.300000
5.378 0.300000
5.380 0.300000
5.382 0.300000
5.384 0.300000
5.386 0.300000
5.388 0.300000
5.390 0.300000
5.392 0.300000
5.394 0.300000
5.396 0.300000
5.398 0.300000
5.400 0.300000
5.402 0.300000
5.404 0.300000
5.406 0.300000
5.408 0.300000
5.410 0.300000
5.412 0.300000
5.414 0.300000
5.416 0.300000
5.418 0.300000
5.420 0.300000
5.422 0.300000
5.424 0.300000
5.426 0.300000
5.428 0.300000
5.430 0.300000
5.432 0.300000
5.434 0.300000
5.436 0.300000
5.438 0.300000
5.440 0.300000
5.442 0.300000
5.444 0.300000
5.446 0.300000
5.448 0.300000
5.450 0.300000
5.452 0.300000
5.454 0.300000
5.456 0.300000
5.458 0.300000
5.460 0.300000
5.462 0.300000
5.464 0.300000
5.466 0.300000
5.468 0.300000
5.470 0.300000
5.472 0.300000
5.474 0.300000
5.476 0.300000
5.478 0.300000
5.480 0.300000
5.482 0.300000
5.484 0.300000
5.486 0.300000
5.488 0.300000
5.490 0.300000
5.492 0.300000
5.494 0.300000
5.496 0.300000
5.498 0.300000
5.500 0.300000
5.502 0.300000
5.504 0.300000
5.506 0.300000
5.508 0.300000
5.510 0.300000
5.512 0.300000
5.514 0.300000
5.516 0.300000
5.518 0.300000
5.520 0.300000
5.522 0.300000
5.524 0.300000
5.526 0.300000
5.528 0.300000
5.530 0.300000
5.532 0.300000
5.534 0.300000
5.536 0.300000
5.538 0.300000
5.540 0.300000
5.542 0.300000
5.544 0.300000
5.546 0.300000
5.548 0.300000
5.550 0.300000
5.552 0.300000
5.554 0.300000
5.556 0.300000
5.558 0.300000
5.560 0.300000
5.562 0.300000
5.564 0.300000
5.566 0.300000
5.568 0.300000
5.570 0.300000
5.572 0.300000
5.574 0.300000
5.576 0.300000
5.578 0.300000
5.580 0.300000
5.582 0.300000
5.584 0.300000
5.586 0.300000
5.588 0.300000
5.590 0.300000
5.592 0.300000
5.594 0.300000
5.596 0.300000
5.598 0.300000
5.600 0.300000
5.602 0.300000
5.604 0.300000
5.606 0.300000
5.608 0.300000
5.610 0.300000
5.612 0.300000
5.614 0.300000
5.616 0.300000
5.618 0.300000
5.620 0.300000
5.622 0.300000
5.624 0.300000
5.626 0.300000
5.628 0.300000
5.630 0.300000
5.632 0.300000
5.634 0.300000
5.636 0.300000
5.638 0.300000
5.640 0.300000
5.642 0.300000
5.644 0.300000
5.646 0.300000
5.648 0.300000
5.650 0.300000
5.652 0.300000
5.654 0.300000
5.656 0.300000
5.658 0.300000
5.660 0.300000
5.662 0.300000
5.664 0.300000
5.666 0.300000
5.668 0.300000
5.670 0.300000
5.672 0.300000
5.674 0.300000
5.676 0.300000
5.678 0.300000
5.680 0.300000
5.682 0.300000
5.684 0.300000
5.686 0.300000
5.688 0.300000
5.690 0.300000
5.692 0.300000
5.694 0.300000
5.696 0.300000
5.698 0.300000
5.700 0.300000
5.702 0.300000
5.704 0.300000
5.706 0.300000
5.708 0.300000
5.710 0.300000
5.712 0.300000
5.714 0.300000
5.716 0.300000
5.718 0.300000
5.720 0.300000
5.722 0.300000
5.724 0.300000
5.726 0.300000
5.728 0.300000
5.730 0.300000
5.732 0.300000
5.734 0.300000
5.736 0.300000
5.738 0.300000
5.740 0.300000
5.742 0.300000
5.744 0.300000
5.746 0.300000
5.748 0.300000
5.750 0.300000
5.752 0.300000
5.754 0.300000
5.756 0.300000
5.758 0.300000
5.760 0.300000
5.762 0.300000
5.764 0.300000
5.766 0.300000
5.768 0.300000
5.770 0.300000
5.772 0.300000
5.774 0.300000
5.776 0.300000
5.778 0.300000
5.780 0.300000
5.782 0.300000
5.784 0.300000
5.786 0.300000
5.788 0.300000
5.790 0.300000
5.792 0.300000
5.794 0.300000
5.796 0.300000
5.798 0.300000
5.800 0.300000
5.802 0.300000
5.804 0.300000
5.806 0.300000
5.808 0.300000
5.810 0.300000
5.812 0.300000
5.814 0.300000
5.816 0.300000
5.818 0.300000
5.820 0.300000
5.822 0.300000
5.824 0.300000
5.826 0.300000
5.828 0.300000
5.830 0.300000
5.832 0.300000
5.834 0.300000
5.836 0.300000
5.838 0.300000
5.840 0.300000
5.842 0.300000
5.844 0.300000
5.846 0.300000
5.848 0.300000
5.850 0.300000
5.852 0.300000
5.854 0.300000
5.856 0.300000
5.858 0.300000
5.860 0.300000
5.862 0.300000
5.864 0.300000
5.866 0.300000
5.868 0.300000
5.870 0.300000
5.872 0.300000
5.874 0.300000
5.876 0.300000
5.878 0.300000
5.880 0.300000
5.882 0.300000
5.884 0.300000
5.886 0.300000
5.888 0.300000
5.890 0.300000
5.892 0.300000
5.894 0.300000
5.896 0.300000
5.898 0.300000
5.900 0.300000
5.902 0.300000
5.904 0.300000
5.906 0.300000
5.908 0.300000
5.910 0.300000
5.912 0.300000
5.914 0.300000
5.916 0.300000
5.918 0.300000
5.920 0.300000
5.922 0.300000
5.924 0.300000
5.926 0.300000
5.928 0.300000
5.930 0.300000
5.932 0.300000
5.934 0.300000
5.936 0.300000
5.938 0.300000
5.940 0.300000
5.942 0.300000
5.944 0.300000
5.946 0.300000
5.948 0.300000
5.950 0.300000
5.952 0.300000
5.954 0.300000
5.956 0.300000
5.958 0.300000
5.960 0.300000
5.962 0.300000
5.964 0.300000
5.966 0.300000
5.968 0.300000
5.970 0.300000
5.972 0.300000
5.974 0.300000
5.976 0.300000
5.978 0.300000
5.980 0.300000
5.982 0.300000
5.984 0.300000
5.986 0.300000
5.988 0.300000
5.990 0.300000
5.992 0.300000
5.994 0.300000
5.996 0.300000
5.998 0.300000
6.000 0.300000
6.002 0.300000
6.004 0.300000
6.006 0.300000
6.008 0.300000
6.010 0.300000
6.012 0.300000
6.014 0.300000
6.016 0.300000
6.018 0.300000
6.020 0.300000
6.022 0.300000
6.024 0.300000
6.026 0.300000
6.028 0.300000
6.030 0.300000
6.032 0.300000
6.034 0.300000
6.036 0.300000
6.038 0.300000
6.040 0.300000
6.042 0.300000
6.044 0.300000
6.046 0.300000
6.048 0.300000
6.050 0.300000
6.052 0.300000
6.054 0.300000
6.056 0.300000
6.058 0.300000
6.060 0.300000
6.062 0.300000
6.064 0.300000
6.066 0.300000
6.068 0.300000
6.070 0.300000
6.072 0.300000
6.074 0.300000
6.076 0.300000
6.078 0.300000
6.080 0.300000
6.082 0.300000
6.084 0.300000
6.086 0.300000
6.088 0.300000
6.090 0.300000
6.092 0.300000
6.094 0.300000
6.096 0.300000
6.098 0.300000
6.100 0.300000
6.102 0.300000
6.104 0.300000
6.106 0.300000
6.108 0.300000
6.110 0.300000
6.112 0.300000
6.114 0.300000
6.116 0.300000
6.118 0.300000
6.120 0.300000
6.122 0.300000
6.124 0.300000
6.126 0.300000
6.128 0.300000
6.130 0.300000
6.132 0.300000
6.134 0.300000
6.136 0.300000
6.138 0.300000
6.140 0.300000
6.142 0.300000
6.144 0.300000
6.146 0.300000
6.148 0.300000
6.150 0.300000
6.152 0.300000
6.154 0.300000
6.156 0.300000
6.158 0.300000
6.160 0.300000
6.162 0.300000
6.164 0.300000
6.166 0.300000
6.168 0.300000
6.170 0.300000
6.172 0.300000
6.174 0.300000
6.176 0.300000
6.178 0.300000
6.180 0.300000
6.182 0.300000
6.184 0.300000
6.186 0.300000
6.188 0.300000
6.190 0.300000
6.192 0.300000
6.194 0.300000
6.196 0.300000
6.198 0.300000
6.200 0.300000
6.202 0.300000
6.204 0.300000
6.206 0.300000
6.208 0.300000
6.210 0.300000
6.212 0.300000
6.214 0.300000
6.216 0.300000
6.218 0.300000
6.220 0.300000
6.222 0.300000
6.224 0.300000
6.226 0.300000
6.228 0.300000
6.230 0.300000
6.232 0.300000
6.234 0.300000
6.236 0.300000
6.238 0.300000
6.240 0.300000
6.242 0.300000
6.244 0.300000
6.246 0.300000
6.248 0.300000
6.250 0.300000
6.252 0.300000
6.254 0.300000
6.256 0.300000
6.258 0.300000
6.260 0.300000
6.262 0.300000
6.264 0.300000
6.266 0.300000
6.268 0.300000
6.270 0.300000
6.272 0.300000
6.274 0.300000
6.276 0.300000
6.278 0.300000
6.280 0.300000
6.282 0.300000
6.284 0.300000
6.286 0.300000
6.288 0.300000
6.290 0.300000
6.292 0.300000
6.294 0.300000
6.296 0.300000
6.298 0.300000
6.300 0.300000
6.302 0.300000
6.304 0.300000
6.306 0.300000
6.308 0.300000
6.310 0.300000
6.312 0.300000
6.314 0.300000
6.316 0.300000
6.318 0.300000
6.320 0.300000
6.322 0.300000
6.324 0.300000
6.326 0.300000
6.328 0.300000
6.330 0.300000
6.332 0.300000
6.334 0.300000
6.336 0.300000
6.338 0.300000
6.340 0.300000
6.342 0.300000
6.344 0.300000
6.346 0.300000
6.348 0.300000
6.350 0.300000
6.352 0.300000
6.354 0.300000
6.356 0.300000
6.358 0.300000
6.360 0.300000
6.362 0.300000
6.364 0.300000
6.366 0.300000
6.368 0.300000
6.370 0.300000
6.372 0.300000
6.374 0.300000
6.376 0.300000
6.378 0.300000
6.380 0.300000
6.382 0.300000
6.384 0.300000
6.386 0.300000
6.388 0.300000
6.390 0.300000
6.392 0.300000
6.394 0.300000
6.396 0.300000
6.398 0.300000
6.400 0.300000
6.402 0.300000
6.404 0.300000
6.406 0.300000
6.408 0.300000
6.410 0.300000
6.412 0.300000
6.414 0.300000
6.416 0.300000
6.418 0.300000
6.420 0.300000
6.422 0.300000
6.424 0.300000
6.426 0.300000
6.428 0.300000
6.430 0.300000
6.432 0.300000
6.434 0.300000
6.436 0.300000
6.438 0.300000
6.440 0.300000
6.442 0.300000
6.444 0.300000
6.446 0.300000
6.448 0.300000
6.450 0.300000
6.452 0.300000
6.454 0.300000
6.456 0.300000
6.458 0.300000
6.460 0.300000
6.462 0.300000
6.464 0.300000
6.466 0.300000
6.468 0.300000
6.470 0.300000
6.472 0.300000
6.474 0.300000
6.476 0.300000
6.478 0.300000
6.480 0.300000
6.482 0.300000
6.484 0.300000
6.486 0.300000
6.488 0.300000
6.490 0.300000
6.492 0.300000
6.494 0.300000
6.496 0.300000
6.498 0.300000
6.500 0.300000
6.502 0.300000
6.504 0.300000
6.506 0.300000
6.508 0.300000
6.510 0.300000
6.512 0.300000
6.514 0.300000
6.516 0.300000
6.518 0.300000
6.520 0.300000
6.522 0.300000
6.524 0.300000
6.526 0.300000
6.528 0.300000
6.530 0.300000
6.532 0.300000
6.534 0.300000
6.536 0.300000
6.538 0.300000
6.540 0.300000
6.542 0.300000
6.544 0.300000
6.546 0.300000
6.548 0.300000
6.550 0.300000
6.552 0.300000
6.554 0.300000
6.556 0.300000
6.558 0.300000
6.560 0.300000
6.562 0.300000
6.564 0.300000
6.566 0.300000
6.568 0.300000
6.570 0.300000
6.572 0.300000
6.574 0.300000
6.576 0.300000
6.578 0.300000
6.580 0.300000
6.582 0.300000
6.584 0.300000
6.586 0.300000
6.588 0.300000
6.590 0.300000
6.592 0.300000
6.594 0.300000
6.596 0.300000
6.598 0.300000
6.600 0.300000
6.602 0.300000
6.604 0.300000
6.606 0.300000
6.608 0.300000
6.610 0.300000
6.612 0.300000
6.614 0.300000
6.616 0.300000
6.618 0.300000
6.620 0.300000
6.622 0.300000
6.624 0.300000
6.626 0.300000
6.628 0.300000
6.630 0.300000
6.632 0.300000
6.634 0.300000
6.636 0.300000
6.638 0.300000
6.640 0.300000
6.642 0.300000
6.644 0.300000
6.646 0.300000
6.648 0.300000
6.650 0.300000
6.652 0.300000
6.654 0.300000
6.656 0.300000
6.658 0.300000
6.660 0.300000
6.662 0.300000
6.664 0.300000
6.666 0.300000
6.668 0.300000
6.670 0.300000
6.672 0.300000
6.674 0.300000
6.676 0.300000
6.678 0.300000
6.680 0.300000
6.682 0.300000
6.684 0.300000
6.686 0.300000
6.688 0.300000
6.690 0.300000
6.692 0.300000
6.694 0.300000
6.696 0.300000
6.698 0.300000
6.700 0.300000
6.702 0.300000
6.704 0.300000
6.706 0.300000
6.708 0.300000
6.710 0.300000
6.712 0.300000
6.714 0.300000
6.716 0.300000
6.718 0.300000
6.720 0.300000
6.722 0.300000
6.724 0.300000
6.726 0.300000
6.728 0.300000
6.730 0.300000
6.732 0.300000
6.734 0.300000
6.736 0.300000
6.738 0.300000
6.740 0.300000
6.742 0.300000
6.744 0.300000
6.746 0.300000
6.748 0.300000
6.750 0.300000
6.752 0.300000
6.754 0.300000
6.756 0.300000
6.758 0.300000
6.760 0.300000
6.762 0.300000
6.764 0.300000
6.766 0.300000
6.768 0.300000
6.770 0.300000
6.772 0.300000
6.774 0.300000
6.776 0.300000
6.778 0.300000
6.780 0.300000
6.782 0.300000
6.784 0.300000
6.786 0.300000
6.788 0.300000
6.790 0.300000
6.792 0.300000
6.794 0.300000
6.796 0.300000
6.798 0.300000
6.800 0.300000
6.802 0.300000
6.804 0.300000
6.806 0.300000
6.808 0.300000
6.810 0.300000
6.812 0.300000
6.814 0.300000
6.816 0.300000
6.818 0.300000
6.820 0.300000
6.822 0.300000
6.824 0.300000
6.826 0.300000
6.828 0.300000
6.830 0.300000
6.832 0.300000
6.834 0.300000
6.836 0.300000
6.838 0.300000
6.840 0.300000
6.842 0.300000
6.844 0.300000
6.846 0.300000
6.848 0.300000
6.850 0.300000
6.852 0.300000
6.854 0.300000
6.856 0.300000
6.858 0.300000
6.860 0.300000
6.862 0.300000
6.864 0.300000
6.866 0.300000
6.868 0.300000
6.870 0.300000
6.872 0.300000
6.874 0.300000
6.876 0.300000
6.878 0.300000
6.880 0.300000
6.882 0.300000
6.884 0.300000
6.886 0.300000
6.888 0.300000
6.890 0.300000
6.892 0.300000
6.894 0.300000
6.896 0.300000
6.898 0.300000
6.900 0.300000
6.902 0.300000
6.904 0.300000
6.906 0.300000
6.908 0.300000
6.910 0.300000
6.912 0.300000
6.914 0.300000
6.916 0.300000
6.918 0.300000
6.920 0.300000
6.922 0.300000
6.924 0.300000
6.926 0.300000
6.928 0.300000
6.930 0.300000
6.932 0.300000
6.934 0.300000
6.936 0.300000
6.938 0.300000
6.940 0.300000
6.942 0.300000
6.944 0.300000
6.946 0.300000
6.948 0.300000
6.950 0.300000
6.952 0.300000
6.954 0.300000
6.956 0.300000
6.958 0.300000
6.960 0.300000
6.962 0.300000
6.964 0.300000
6.966 0.300000
6.968 0.300000
6.970 0.300000
6.972 0.300000
6.974 0.300000
6.976 0.300000
6.978 0.300000
6.980 0.300000
6.982 0.300000
6.984 0.300000
6.986 0.300000
6.988 0.300000
6.990 0.300000
6.992 0.300000
6.994 0.300000
6.996 0.300000
6.998 0.300000
7.000 0.300000
7.002 0.300000
7.004 0.300000
7.006 0.300000
7.008 0.300000
7.010 0.300000
7.012 0.300000
7.014 0.300000
7.016 0.300000
7.018 0.300000
7.020 0.300000
7.022 0.300000
7.024 0.300000
7.026 0.300000
7.028 0.300000
7.030 0.300000
7.032 0.300000
7.034 0.300000
7.036 0.300000
7.038 0.300000
7.040 0.300000
7.042 0.300000
7.044 0.300000
7.046 0.300000
7.048 0.300000
7.050 0.300000
7.052 0.300000
7.054 0.300000
7.056 0.300000
7.058 0.300000
7.060 0.300000
7.062 0.300000
7.064 0.300000
7.066 0.300000
7.068 0.300000
7.070 0.300000
7.072 0.300000
7.074 0.300000
7.076 0.300000
7.078 0.300000
7.080 0.300000
7.082 0.300000
7.084 0.300000
7.086 0.300000
7.088 0.300000
7.090 0.300000
7.092 0.300000
7.094 0.300000
7.096 0.300000
7.098 0.300000
7.100 0.300000
7.102 0.300000
7.104 0.300000
7.106 0.300000
7.108 0.300000
7.110 0.300000
7.112 0.300000
7.114 0.300000
7.116 0.300000
7.118 0.300000
7.120 0.300000
7.122 0.300000
7.124 0.300000
7.126 0.300000
7.128 0.300000
7.130 0.300000
7.132 0.300000
7.134 0.300000
7.136 0.300000
7.138 0.300000
7.140 0.300000
7.142 0.300000
7.144 0.300000
7.146 0.300000
7.148 0.300000
7.150 0.300000
7.152 0.300000
7.154 0.300000
7.156 0.300000
7.158 0.300000
7.160 0.300000
7.162 0.300000
7.164 0.300000
7.166 0.300000
7.168 0.300000
7.170 0.300000
7.172 0.300000
7.174 0.300000
7.176 0.300000
7.178 0.300000
7.180 0.300000
7.182 0.300000
7.184 0.300000
7.186 0.300000
7.188 0.300000
7.190 0.300000
7.192 0.300000
7.194 0.300000
7.196 0.300000
7.198 0.300000
7.200 0.300000
7.202 0.300000
7.204 0.300000
7.206 0.300000
7.208 0.300000
7.210 0.300000
7.212 0.300000
7.214 0.300000
7.216 0.300000
7.218 0.300000
7.220 0.300000
7.222 0.300000
7.224 0.300000
7.226 0.300000
7.228 0.300000
7.230 0.300000
7.232 0.300000
7.234 0.300000
7.236 0.300000
7.238 0.300000
7.240 0.300000
7.242 0.300000
7.244 0.300000
7.246 0.300000
7.248 0.300000
7.250 0.300000
7.252 0.300000
7.254 0.300000
7.256 0.300000
7.258 0.300000
7.260 0.300000
7.262 0.300000
7.264 0.300000
7.266 0.300000
7.268 0.300000
7.270 0.300000
7.272 0.300000
7.274 0.300000
7.276 0.300000
7.278 0.300000
7.280 0.300000
7.282 0.300000
7.284 0.300000
7.286 0.300000
7.288 0.300000
7.290 0.300000
7.292 0.300000
7.294 0.300000
7.296 0.300000
7.298 0.300000
7.300 0.300000
7.302 0.300000
7.304 0.300000
7.306 0.300000
7.308 0.300000
7.310 0.300000
7.312 0.300000
7.314 0.300000
7.316 0.300000
7.318 0.300000
7.320 0.300000
7.322 0.300000
7.324 0.300000
7.326 0.300000
7.328 0.300000
7.330 0.300000
7.332 0.300000
7.334 0.300000
7.336 0.300000
7.338 0.300000
7.340 0.300000
7.342 0.300000
7.344 0.300000
7.346 0.300000
7.348 0.300000
7.350 0.300000
7.352 0.300000
7.354 0.300000
7.356 0.300000
7.358 0.300000
7.360 0.300000
7.362 0.300000
7.364 0.300000
7.366 0.300000
7.368 0.300000
7.370 0.300000
7.372 0.300000
7.374 0.300000
7.376 0.300000
7.378 0.300000
7.380 0.300000
7.382 0.300000
7.384 0.300000
7.386 0.300000
7.388 0.300000
7.390 0.300000
7.392 0.300000
7.394 0.300000
7.396 0.300000
7.398 0.300000
7.400 0.300000
7.402 0.300000
7.404 0.300000
7.406 0.300000
7.408 0.300000
7.410 0.300000
7.412 0.300000
7.414 0.300000
7.416 0.300000
7.418 0.300000
7.420 0.300000
7.422 0.300000
7.424 0.300000
7.426 0.300000
7.428 0.300000
7.430 0.300000
7.432 0.300000
7.434 0.300000
7.436 0.300000
7.438 0.300000
7.440 0.300000
7.442 0.300000
7.444 0.300000
7.446 0.300000
7.448 0.300000
7.450 0.300000
7.452 0.300000
7.454 0.300000
7.456 0.300000
7.458 0.300000
7.460 0.300000
7.462 0.300000
7.464 0.300000
7.466 0.300000
7.468 0.300000
7.470 0.300000
7.472 0.300000
7.474 0.300000
7.476 0.300000
7.478 0.300000
7.480 0.300000
7.482 0.300000
7.484 0.300000
7.486 0.300000
7.488 0.300000
7.490 0.300000
7.492 0.300000
7.494 0.300000
7.496 0.300000
7.498 0.300000
7.500 0.300000
7.502 0.300000
7.504 0.300000
7.506 0.300000
7.508 0.300000
7.510 0.300000
7.512 0.300000
7.514 0.300000
7.516 0.300000
7.518 0.300000
7.520 0.300000
7.522 0.300000
7.524 0.300000
7.526 0.300000
7.528 0.300000
7.530 0.300000
7.532 0.300000
7.534 0.300000
7.536 0.300000
7.538 0.300000
7.540 0.300000
7.542 0.300000
7.544 0.300000
7.546 0.300000
7.548 0.300000
7.550 0.300000
7.552 0.300000
7.554 0.300000
7.556 0.300000
7.558 0.300000
7.560 0.300000
7.562 0.300000
7.564 0.300000
7.566 0.300000
7.568 0.300000
7.570 0.300000
7.572 0.300000
7.574 0.300000
7.576 0.300000
7.578 0.300000
7.580 0.300000
7.582 0.300000
7.584 0.300000
7.586 0.300000
7.588 0.300000
7.590 0.300000
7.592 0.300000
7.594 0.300000
7.596 0.300000
7.598 0.300000
7.600 0.300000
7.602 0.300000
7.604 0.300000
7.606 0.300000
7.608 0.300000
7.610 0.300000
7.612 0.300000
7.614 0.300000
7.616 0.300000
7.618 0.300000
7.620 0.300000
7.622 0.300000
7.624 0.300000
7.626 0.300000
7.628 0.300000
7.630 0.300000
7.632 0.300000
7.634 0.300000
7.636 0.300000
7.638 0.300000
7.640 0.300000
7.642 0.300000
7.644 0.300000
7.646 0.300000
7.648 0.300000
7.650 0.300000
7.652 0.300000
7.654 0.300000
7.656 0.300000
7.658 0.300000
7.660 0.300000
7.662 0.300000
7.664 0.300000
7.666 0.300000
7.668 0.300000
7.670 0.300000
7.672 0.300000
7.674 0.300000
7.676 0.300000
7.678 0.300000
7.680 0.300000
7.682 0.300000
7.684 0.300000
7.686 0.300000
7.688 0.300000
7.690 0.300000
7.692 0.300000
7.694 0.300000
7.696 0.300000
7.698 0.300000
7.700 0.300000
7.702 0.300000
7.704 0.300000
7.706 0.300000
7.708 0.300000
7.710 0.300000
7.712 0.300000
7.714 0.300000
7.716 0.300000
7.718 0.300000
7.720 0.300000
7.722 0.300000
7.724 0.300000
7.726 0.300000
7.728 0.300000
7.730 0.300000
7.732 0.300000
7.734 0.300000
7.736 0.300000
7.738 0.300000
7.740 0.300000
7.742 0.300000
7.744 0.300000
7.746 0.300000
7.748 0.300000
7.750 0.300000
7.752 0.300000
7.754 0.300000
7.756 0.300000
7.758 0.300000
7.760 0.300000
7.762 0.300000
7.764 0.300000
7.766 0.300000
7.768 0.300000
7.770 0.300000
7.772 0.300000
7.774 0.300000
7.776 0.300000
7.778 0.300000
7.780 0.300000
7.782 0.300000
7.784 0.300000
7.786 0.300000
7.788 0.300000
7.790 0.300000
7.792 0.300000
7.794 0.300000
7.796 0.300000
7.798 0.300000
7.800 0.300000
7.802 0.300000
7.804 0.300000
7.806 0.300000
7.808 0.300000
7.810 0.300000
7.812 0.300000
7.814 0.300000
7.816 0.300000
7.818 0.300000
7.820 0.300000
7.822 0.300000
7.824 0.300000
7.826 0.300000
7.828 0.300000
7.830 0.300000
7.832 0.300000
7.834 0.300000
7.836 0.300000
7.838 0.300000
7.840 0.300000
7.842 0.300000
7.844 0.300000
7.846 0.300000
7.848 0.300000
7.850 0.300000
7.852 0.300000
7.854 0.300000
7.856 0.300000
7.858 0.300000
7.860 0.300000
7.862 0.300000
7.864 0.300000
7.866 0.300000
7.868 0.300000
7.870 0.300000
7.872 0.300000
7.874 0.300000
7.876 0.300000
7.878 0.300000
7.880 0.300000
7.882 0.300000
7.884 0.300000
7.886 0.300000
7.888 0.300000
7.890 0.300000
7.892 0.300000
7.894 0.300000
7.896 0.300000
7.898 0.300000
7.900 0.300000
7.902 0.300000
7.904 0.300000
7.906 0.300000
7.908 0.300000
7.910 0.300000
7.912 0.300000
7.914 0.300000
7.916 0.300000
7.918 0.300000
7.920 0.300000
7.922 0.300000
7.924 0.300000
7.926 0.300000
7.928 0.300000
7.930 0.300000
7.932 0.300000
7.934 0.300000
7.936 0.300000
7.938 0.300000
7.940 0.300000
7.942 0.300000
7.944 0.300000
7.946 0.300000
7.948 0.300000
7.950 0.300000
7.952 0.300000
7.954 0.300000
7.956 0.300000
7.958 0.300000
7.960 0.300000
7.962 0.300000
7.964 0.300000
7.966 0.300000
7.968 0.300000
7.970 0.300000
7.972 0.300000
7.974 0.300000
7.976 0.300000
7.978 0.300000
7.980 0.300000
7.982 0.300000
7.984 0.300000
7.986 0.300000
7.988 0.300000
7.990 0.300000
7.992 0.300000
7.994 0.300000
7.996 0.300000
7.998 0.300000
8.000 0.300000
8.002 0.300000
8.004 0.300000
8.006 0.300000
8.008 0.300000
8.010 0.300000
8.012 0.300000
8.014 0.300000
8.016 0.300000
8.018 0.300000
8.020 0.300000
8.022 0.300000
8.024 0.300000
8.026 0.300000
8.028 0.300000
8.030 0.300000
8.032 0.300000
8.034 0.300000
8.036 0.300000
8.038 0.300000
8.040 0.300000
8.042 0.300000
8.044 0.300000
8.046 0.300000
8.048 0.300000
8.050 0.300000
8.052 0.300000
8.054 0.300000
8.056 0.300000
8.058 0.300000
8.060 0.300000
8.062 0.300000
8.064 0.300000
8.066 0.300000
8.068 0.300000
8.070 0.300000
8.072 0.300000
8.074 0.300000
8.076 0.300000
8.078 0.300000
8.080 0.300000
8.082 0.300000
8.084 0.300000
8.086 0.300000
8.088 0.300000
8.090 0.300000
8.092 0.300000
8.094 0.300000
8.096 0.300000
8.098 0.300000
8.100 0.300000
8.102 0.300000
8.104 0.300000
8.106 0.300000
8.108 0.300000
8.110 0.300000
8.112 0.300000
8.114 0.300000
8.116 0.300000
8.118 0.300000
8.120 0.300000
8.122 0.300000
8.124 0.300000
8.126 0.300000
8.128 0.300000
8.130 0.300000
8.132 0.300000
8.134 0.300000
8.136 0.300000
8.138 0.300000
8.140 0.300000
8.142 0.300000
8.144 0.300000
8.146 0.300000
8.148 0.300000
8.150 0.300000
8.152 0.300000
8.154 0.300000
8.156 0.300000
8.158 0.300000
8.160 0.300000
8.162 0.300000
8.164 0.300000
8.166 0.300000
8.168 0.300000
8.170 0.300000
8.172 0.300000
8.174 0.300000
8.176 0.300000
8.178 0.300000
8.180 0.300000
8.182 0.300000
8.184 0.300000
8.186 0.300000
8.188 0.300000
8.190 0.300000
8.192 0.300000
8.194 0.300000
8.196 0.300000
8.198 0.300000
8.200 0.300000
8.202 0.300000
8.204 0.300000
8.206 0.300000
8.208 0.300000
8.210 0.300000
8.212 0.300000
8.214 0.300000
8.216 0.300000
8.218 0.300000
8.220 0.300000
8.222 0.300000
8.224 0.300000
8.226 0.300000
8.228 0.300000
8.230 0.300000
8.232 0.300000
8.234 0.300000
8.236 0.300000
8.238 0.300000
8.240 0.300000
8.242 0.300000
8.244 0.300000
8.246 0.300000
8.248 0.300000
8.250 0.300000
8.252 0.300000
8.254 0.300000
8.256 0.300000
8.258 0.300000
8.260 0.300000
8.262 0.300000
8.264 0.300000
8.266 0.300000
8.268 0.300000
8.270 0.300000
8.272 0.300000
8.274 0.300000
8.276 0.300000
8.278 0.300000
8.280 0.300000
8.282 0.300000
8.284 0.300000
8.286 0.300000
8.288 0.300000
8.290 0.300000
8.292 0.300000
8.294 0.300000
8.296 0.300000
8.298 0.300000
8.300 0.300000
8.302 0.300000
8.304 0.300000
8.306 0.300000
8.308 0.300000
8.310 0.300000
8.312 0.300000
8.314 0.300000
8.316 0.300000
8.318 0.300000
8.320 0.300000
8.322 0.300000
8.324 0.300000
8.326 0.300000
8.328 0.300000
8.330 0.300000
8.332 0.300000
8.334 0.300000
8.336 0.300000
8.338 0.300000
8.340 0.300000
8.342 0.300000
8.344 0.300000
8.346 0.300000
8.348 0.300000
8.350 0.300000
8.352 0.300000
8.354 0.300000
8.356 0.300000
8.358 0.300000
8.360 0.300000
8.362 0.300000
8.364 0.300000
8.366 0.300000
8.368 0.300000
8.370 0.300000
8.372 0.300000
8.374 0.300000
8.376 0.300000
8.378 0.300000
8.380 0.300000
8.382 0.300000
8.384 0.300000
8.386 0.300000
8.388 0.300000
8.390 0.300000
8.392 0.300000
8.394 0.300000
8.396 0.300000
8.398 0.300000
8.400 0.300000
8.402 0.300000
8.404 0.300000
8.406 0.300000
8.408 0.300000
8.410 0.300000
8.412 0.300000
8.414 0.300000
8.416 0.300000
8.418 0.300000
8.420 0.300000
8.422 0.300000
8.424 0.300000
8.426 0.300000
8.428 0.300000
8.430 0.300000
8.432 0.300000
8.434 0.300000
8.436 0.300000
8.438 0.300000
8.440 0.300000
8.442 0.300000
8.444 0.300000
8.446 0.300000
8.448 0.300000
8.450 0.300000
8.452 0.300000
8.454 0.300000
8.456 0.300000
8.458 0.300000
8.460 0.300000
8.462 0.300000
8.464 0.300000
8.466 0.300000
8.468 0.300000
8.470 0.300000
8.472 0.300000
8.474 0.300000
8.476 0.300000
8.478 0.300000
8.480 0.300000
8.482 0.300000
8.484 0.300000
8.486 0.300000
8.488 0.300000
8.490 0.300000
8.492 0.300000
8.494 0.300000
8.496 0.300000
8.498 0.300000
8.500 0.300000
8.502 0.300000
8.504 0.300000
8.506 0.300000
8.508 0.300000
8.510 0.300000
8.512 0.300000
8.514 0.300000
8.516 0.300000
8.518 0.300000
8.520 0.300000
8.522 0.300000
8.524 0.300000
8.526 0.300000
8.528 0.300000
8.530 0.300000
8.532 0.300000
8.534 0.300000
8.536 0.300000
8.538 0.300000
8.540 0.300000
8.542 0.300000
8.544 0.300000
8.546 0.300000
8.548 0.300000
8.550 0.300000
8.552 0.300000
8.554 0.300000
8.556 0.300000
8.558 0.300000
8.560 0.300000
8.562 0.300000
8.564 0.300000
8.566 0.300000
8.568 0.300000
8.570 0.300000
8.572 0.300000
8.574 0.300000
8.576 0.300000
8.578 0.300000
8.580 0.300000
8.582 0.300000
8.584 0.300000
8.586 0.300000
8.588 0.300000
8.590 0.300000
8.592 0.300000
8.594 0.300000
8.596 0.300000
8.598 0.300000
8.600 0.300000
8.602 0.300000
8.604 0.300000
8.606 0.300000
8.608 0.300000
8.610 0.300000
8.612 0.300000
8.614 0.300000
8.616 0.300000
8.618 0.300000
8.620 0.300000
8.622 0.300000
8.624 0.300000
8.626 0.300000
8.628 0.300000
8.630 0.300000
8.632 0.300000
8.634 0.300000
8.636 0.300000
8.638 0.300000
8.640 0.300000
8.642 0.300000
8.644 0.300000
8.646 0.300000
8.648 0.300000
8.650 0.300000
8.652 0.300000
8.654 0.300000
8.656 0.300000
8.658 0.300000
8.660 0.300000
8.662 0.300000
8.664 0.300000
8.666 0.300000
8.668 0.300000
8.670 0.300000
8.672 0.300000
8.674 0.300000
8.676 0.300000
8.678 0.300000
8.680 0.300000
8.682 0.300000
8.684 0.300000
8.686 0.300000
8.688 0.300000
8.690 0.300000
8.692 0.300000
8.694 0.300000
8.696 0.300000
8.698 0.300000
8.700 0.300000
8.702 0.300000
8.704 0.300000
8.706 0.300000
8.708 0.300000
8.710 0.300000
8.712 0.300000
8.714 0.300000
8.716 0.300000
8.718 0.300000
8.720 0.300000
8.722 0.300000
8.724 0.300000
8.726 0.300000
8.728 0.300000
8.730 0.300000
8.732 0.300000
8.734 0.300000
8.736 0.300000
8.738 0.300000
8.740 0.300000
8.742 0.300000
8.744 0.300000
8.746 0.300000
8.748 0.300000
8.750 0.300000
8.752 0.300000
8.754 0.300000
8.756 0.300000
8.758 0.300000
8.760 0.300000
8.762 0.300000
8.764 0.300000
8.766 0.300000
8.768 0.300000
8.770 0.300000
8.772 0.300000
8.774 0.300000
8.776 0.300000
8.778 0.300000
8.780 0.300000
8.782 0.300000
8.784 0.300000
8.786 0.300000
8.788 0.300000
8.790 0.300000
8.792 0.300000
8.794 0.300000
8.796 0.300000
8.798 0.300000
8.800 0.300000
8.802 0.300000
8.804 0.300000
8.806 0.300000
8.808 0.300000
8.810 0.300000
8.812 0.300000
8.814 0.300000
8.816 0.300000
8.818 0.300000
8.820 0.300000
8.822 0.300000
8.824 0.300000
8.826 0.300000
8.828 0.300000
8.830 0.300000
8.832 0.300000
8.834 0.300000
8.836 0.300000
8.838 0.300000
8.840 0.300000
8.842 0.300000
8.844 0.300000
8.846 0.300000
8.848 0.300000
8.850 0.300000
8.852 0.300000
8.854 0.300000
8.856 0.300000
8.858 0.300000
8.860 0.300000
8.862 0.300000
8.864 0.300000
8.866 0.300000
8.868 0.300000
8.870 0.300000
8.872 0.300000
8.874 0.300000
8.876 0.300000
8.878 0.300000
8.880 0.300000
8.882 0.300000
8.884 0.300000
8.886 0.300000
8.888 0.300000
8.890 0.300000
8.892 0.300000
8.894 0.300000
8.896 0.300000
8.898 0.300000
8.900 0.300000
8.902 0.300000
8.904 0.300000
8.906 0.300000
8.908 0.300000
8.910 0.300000
8.912 0.300000
8.914 0.300000
8.916 0.300000
8.918 0.300000
8.920 0.300000
8.922 0.300000
8.924 0.300000
8.926 0.300000
8.928 0.300000
8.930 0.300000
8.932 0.300000
8.934 0.300000
8.936 0.300000
8.938 0.300000
8.940 0.300000
8.942 0.300000
8.944 0.300000
8.946 0.300000
8.948 0.300000
8.950 0.300000
8.952 0.300000
8.954 0.300000
8.956 0.300000
8.958 0.300000
8.960 0.300000
8.962 0.300000
8.964 0.300000
8.966 0.300000
8.968 0.300000
8.970 0.300000
8.972 0.300000
8.974 0.300000
8.976 0.300000
8.978 0.300000
8.980 0.300000
8.982 0.300000
8.984 0.300000
8.986 0.300000
8.988 0.300000
8.990 0.300000
8.992 0.300000
8.994 0.300000
8.996 0.300000
8.998 0.300000
9.000 0.300000
9.002 0.300000
9.004 0.300000
9.006 0.300000
9.008 0.300000
9.010 0.300000
9.012 0.300000
9.014 0.300000
9.016 0.300000
9.018 0.300000
9.020 0.300000
9.022 0.300000
9.024 0.300000
9.026 0.300000
9.028 0.300000
9.030 0.300000
9.032 0.300000
9.034 0.300000
9.036 0.300000
9.038 0.300000
9.040 0.300000
9.042 0.300000
9.044 0.300000
9.046 0.300000
9.048 0.300000
9.050 0.300000
9.052 0.300000
9.054 0.300000
9.056 0.300000
9.058 0.300000
9.060 0.300000
9.062 0.300000
9.064 0.300000
9.066 0.300000
9.068 0.300000
9.070 0.300000
9.072 0.300000
9.074 0.300000
9.076 0.300000
9.078 0.300000
9.080 0.300000
9.082 0.300000
9.084 0.300000
9.086 0.300000
9.088 0.300000
9.090 0.300000
9.092 0.300000
9.094 0.300000
9.096 0.300000
9.098 0.300000
9.100 0.300000
9.102 0.300000
9.104 0.300000
9.106 0.300000
9.108 0.300000
9.110 0.300000
9.112 0.300000
9.114 0.300000
9.116 0.300000
9.118 0.300000
9.120 0.300000
9.122 0.300000
9.124 0.300000
9.126 0.300000
9.128 0.300000
9.130 0.300000
9.132 0.300000
9.134 0.300000
9.136 0.300000
9.138 0.300000
9.140 0.300000
9.142 0.300000
9.144 0.300000
9.146 0.300000
9.148 0.300000
9.150 0.300000
9.152 0.300000
9.154 0.300000
9.156 0.300000
9.158 0.300000
9.160 0.300000
9.162 0.300000
9.164 0.300000
9.166 0.300000
9.168 0.300000
9.170 0.300000
9.172 0.300000
9.174 0.300000
9.176 0.300000
9.178 0.300000
9.180 0.300000
9.182 0.300000
9.184 0.300000
9.186 0.300000
9.188 0.300000
9.190 0.300000
9.192 0.300000
9.194 0.300000
9.196 0.300000
9.198 0.300000
9.200 0.300000
9.202 0.300000
9.204 0.300000
9.206 0.300000
9.208 0.300000
9.210 0.300000
9.212 0.300000
9.214 0.300000
9.216 0.300000
9.218 0.300000
9.220 0.300000
9.222 0.300000
9.224 0.300000
9.226 0.300000
9.228 0.300000
9.230 0.300000
9.232 0.300000
9.234 0.300000
9.236 0.300000
9.238 0.300000
9.240 0.300000
9.242 0.300000
9.244 0.300000
9.246 0.300000
9.248 0.300000
9.250 0.300000
9.252 0.300000
9.254 0.300000
9.256 0.300000
9.258 0.300000
9.260 0.300000
9.262 0.300000
9.264 0.300000
9.266 0.300000
9.268 0.300000
9.270 0.300000
9.272 0.300000
9.274 0.300000
9.276 0.300000
9.278 0.300000
9.280 0.300000
9.282 0.300000
9.284 0.300000
9.286 0.300000
9.288 0.300000
9.290 0.300000
9.292 0.300000
9.294 0.300000
9.296 0.300000
9.298 0.300000
9.300 0.300000
9.302 0.300000
9.304 0.300000
9.306 0.300000
9.308 0.300000
9.310 0.300000
9.312 0.300000
9.314 0.300000
9.316 0.300000
9.318 0.300000
9.320 0.300000
9.322 0.300000
9.324 0.300000
9.326 0.300000
9.328 0.300000
9.330 0.300000
9.332 0.300000
9.334 0.300000
9.336 0.300000
9.338 0.300000
9.340 0.300000
9.342 0.300000
9.344 0.300000
9.346 0.300000
9.348 0.300000
9.350 0.300000
9.352 0.300000
9.354 0.300000
9.356 0.300000
9.358 0.300000
9.360 0.300000
9.362 0.300000
9.364 0.300000
9.366 0.300000
9.368 0.300000
9.370 0.300000
9.372 0.300000
9.374 0.300000
9.376 0.300000
9.378 0.300000
9.380 0.300000
9.382 0.300000
9.384 0.300000
9.386 0.300000
9.388 0.300000
9.390 0.300000
9.392 0.300000
9.394 0.300000
9.396 0.300000
9.398 0.300000
9.400 0.300000
9.402 0.300000
9.404 0.300000
9.406 0.300000
9.408 0.300000
9.410 0.300000
9.412 0.300000
9.414 0.300000
9.416 0.300000
9.418 0.300000
9.420 0.300000
9.422 0.300000
9.424 0.300000
9.426 0.300000
9.428 0.300000
9.430 0.300000
9.432 0.300000
9.434 0.300000
9.436 0.300000
9.438 0.300000
9.440 0.300000
9.442 0.300000
9.444 0.300000
9.446 0.300000
9.448 0.300000
9.450 0.300000
9.452 0.300000
9.454 0.300000
9.456 0.300000
9.458 0.300000
9.460 0.300000
9.462 0.300000
9.464 0.300000
9.466 0.300000
9.468 0.300000
9.470 0.300000
9.472 0.300000
9.474 0.300000
9.476 0.300000
9.478 0.300000
9.480 0.300000
9.482 0.300000
9.484 0.300000
9.486 0.300000
9.488 0.300000
9.490 0.300000
9.492 0.300000
9.494 0.300000
9.496 0.300000
9.498 0.300000
9.500 0.300000
9.502 0.300000
9.504 0.300000
9.506 0.300000
9.508 0.300000
9.510 0.300000
9.512 0.300000
9.514 0.300000
9.516 0.300000
9.518 0.300000
9.520 0.300000
9.522 0.300000
9.524 0.300000
9.526 0.300000
9.528 0.300000
9.530 0.300000
9.532 0.300000
9.534 0.300000
9.536 0.300000
9.538 0.300000
9.540 0.300000
9.542 0.300000
9.544 0.300000
9.546 0.300000
9.548 0.300000
9.550 0.300000
9.552 0.300000
9.554 0.300000
9.556 0.300000
9.558 0.300000
9.560 0.300000
9.562 0.300000
9.564 0.300000
9.566 0.300000
9.568 0.300000
9.570 0.300000
9.572 0.300000
9.574 0.300000
9.576 0.300000
9.578 0.300000
9.580 0.300000
9.582 0.300000
9.584 0.300000
9.586 0.300000
9.588 0.300000
9.590 0.300000
9.592 0.300000
9.594 0.300000
9.596 0.300000
9.598 0.300000
9.600 0.300000
9.602 0.300000
9.604 0.300000
9.606 0.300000
9.608 0.300000
9.610 0.300000
9.612 0.300000
9.614 0.300000
9.616 0.300000
9.618 0.300000
9.620 0.300000
9.622 0.300000
9.624 0.300000
9.626 0.300000
9.628 0.300000
9.630 0.300000
9.632 0.300000
9.634 0.300000
9.636 0.300000
9.638 0.300000
9.640 0.300000
9.642 0.300000
9.644 0.300000
9.646 0.300000
9.648 0.300000
9.650 0.300000
9.652 0.300000
9.654 0.300000
9.656 0.300000
9.658 0.300000
9.660 0.300000
9.662 0.300000
9.664 0.300000
9.666 0.300000
9.668 0.300000
9.670 0.300000
9.672 0.300000
9.674 0.300000
9.676 0.300000
9.678 0.300000
9.680 0.300000
9.682 0.300000
9.684 0.300000
9.686 0.300000
9.688 0.300000
9.690 0.300000
9.692 0.300000
9.694 0.300000
9.696 0.300000
9.698 0.300000
9.700 0.300000
9.702 0.300000
9.704 0.300000
9.706 0.300000
9.708 0.300000
9.710 0.300000
9.712 0.300000
9.714 0.300000
9.716 0.300000
9.718 0.300000
9.720 0.300000
9.722 0.300000
9.724 0.300000
9.726 0.300000
9.728 0.300000
9.730 0.300000
9.732 0.300000
9.734 0.300000
9.736 0.300000
9.738 0.300000
9.740 0.300000
9.742 0.300000
9.744 0.300000
9.746 0.300000
9.748 0.300000
9.750 0.300000
9.752 0.300000
9.754 0.300000
9.756 0.300000
9.758 0.300000
9.760 0.300000
9.762 0.300000
9.764 0.300000
9.766 0.300000
9.768 0.300000
9.770 0.300000
9.772 0.300000
9.774 0.300000
9.776 0.300000
9.778 0.300000
9.780 0.300000
9.782 0.300000
9.784 0.300000
9.786 0.300000
9.788 0.300000
9.790 0.300000
9.792 0.300000
9.794 0.300000
9.796 0.300000
9.798 0.300000
9.800 0.300000
9.802 0.300000
9.804 0.300000
9.806 0.300000
9.808 0.300000
9.810 0.300000
9.812 0.300000
9.814 0.300000
9.816 0.300000
9.818 0.300000
9.820 0.300000
9.822 0.300000
9.824 0.300000
9.826 0.300000
9.828 0.300000
9.830 0.300000
9.832 0.300000
9.834 0.300000
9.836 0.300000
9.838 0.300000
9.840 0.300000
9.842 0.300000
9.844 0.300000
9.846 0.300000
9.848 0.300000
9.850 0.300000
9.852 0.300000
9.854 0.300000
9.856 0.300000
9.858 0.300000
9.860 0.300000
9.862 0.300000
9.864 0.300000
9.866 0.300000
9.868 0.300000
9.870 0.300000
9.872 0.300000
9.874 0.300000
9.876 0.300000
9.878 0.300000
9.880 0.300000
9.882 0.300000
9.884 0.300000
9.886 0.300000
9.888 0.300000
9.890 0.300000
9.892 0.300000
9.894 0.300000
9.896 0.300000
9.898 0.300000
9.900 0.300000
9.902 0.300000
9.904 0.300000
9.906 0.300000
9.908 0.300000
9.910 0.300000
9.912 0.300000
9.914 0.300000
9.916 0.300000
9.918 0.300000
9.920 0.300000
9.922 0.300000
9.924 0.300000
9.926 0.300000
9.928 0.300000
9.930 0.300000
9.932 0.300000
9.934 0.300000
9.936 0.300000
9.938 0.300000
9.940 0.300000
9.942 0.300000
9.944 0.300000
9.946 0.300000
9.948 0.300000
9.950 0.300000
9.952 0.300000
9.954 0.300000
9.956 0.300000
9.958 0.300000
9.960 0.300000
9.962 0.300000
9.964 0.300000
9.966 0.300000
9.968 0.300000
9.970 0.300000
9.972 0.300000
9.974 0.300000
9.976 0.300000
9.978 0.300000
9.980 0.300000
9.982 0.300000
9.984 0.300000
9.986 0.300000
9.988 0.300000
9.990 0.300000
9.992 0.300000
9.994 0.300000
9.996 0.300000
9.998 0.300000
10.000 0.300000
10.002 0.300000
10.004 0.300000
10.006 0.300000
10.008 0.300000
10.010 0.300000
10.012 0.300000
10.014 0.300000
10.016 0.300000
10.018 0.300000
10.020 0.300000
10.022 0.300000
10.024 0.300000
10.026 0.300000
10.028 0.300000
10.030 0.300000
10.032 0.300000
10.034 0.300000
10.036 0.300000
10.038 0.300000
10.040 0.300000
10.042 0.300000
10.044 0.300000
10.046 0.300000
10.048 0.300000
10.050 0.300000
10.052 0.300000
10.054 0.300000
10.056 0.300000
10.058 0.300000
10.060 0.300000
10.062 0.300000
10.064 0.300000
10.066 0.300000
10.068 0.300000
10.070 0.300000
10.072 0.300000
10.074 0.300000
10.076 0.300000
10.078 0.300000
10.080 0.300000
10.082 0.300000
10.084 0.300000
10.086 0.300000
10.088 0.300000
10.090 0.300000
10.092 0.300000
10.094 0.300000
10.096 0.300000
10.098 0.300000
10.100 0.300000
10.102 0.300000
10.104 0.300000
10.106 0.300000
10.108 0.300000
10.110 0.300000
10.112 0.300000
10.114 0.300000
10.116 0.300000
10.118 0.300000
10.120 0.300000
10.122 0.300000
10.124 0.300000
10.126 0.300000
10.128 0.300000
10.130 0.300000
10.132 0.300000
10.134 0.300000
10.136 0.300000
10.138 0.300000
10.140 0.300000
10.142 0.300000
10.144 0.300000
10.146 0.300000
10.148 0.300000
10.150 0.300000
10.152 0.300000
10.154 0.300000
10.156 0.300000
10.158 0.300000
10.160 0.300000
10.162 0.300000
10.164 0.300000
10.166 0.300000
10.168 0.300000
10.170 0.300000
10.172 0.300000
10.174 0.300000
10.176 0.300000
10.178 0.300000
10.180 0.300000
10.182 0.300000
10.184 0.300000
10.186 0.300000
10.188 0.300000
10.190 0.300000
10.192 0.300000
10.194 0.300000
10.196 0.300000
10.198 0.300000
10.200 0.300000
10.202 0.300000
10.204 0.300000
10.206 0.300000
10.208 0.300000
10.210 0.300000
10.212 0.300000
10.214 0.300000
10.216 0.300000
10.218 0.300000
10.220 0.300000
10.222 0.300000
10.224 0.300000
10.226 0.300000
10.228 0.300000
10.230 0.300000
10.232 0.300000
10.234 0.300000
10.236 0.300000
10.238 0.300000
10.240 0.300000
10.242 0.300000
10.244 0.300000
10.246 0.300000
10.248 0.300000
10.250 0.300000
10.252 0.300000
10.254 0.300000
10.256 0.300000
10.258 0.300000
10.260 0.300000
10.262 0.300000
10.264 0.300000
10.266 0.300000
10.268 0.300000
10.270 0.300000
10.272 0.300000
10.274 0.300000
10.276 0.300000
10.278 0.300000
10.280 0.300000
10.282 0.300000
10.284 0.300000
10.286 0.300000
10.288 0.300000
10.290 0.300000
10.292 0.300000
10.294 0.300000
10.296 0.300000
10.298 0.300000
10.300 0.300000
10.302 0.300000
10.304 0.300000
10.306 0.300000
10.308 0.300000
10.310 0.300000
10.312 0.300000
10.314 0.300000
10.316 0.300000
10.318 0.300000
10.320 0.300000
10.322 0.300000
10.324 0.300000
10.326 0.300000
10.328 0.300000
10.330 0.300000
10.332 0.300000
10.334 0.300000
10.336 0.300000
10.338 0.300000
10.340 0.300000
10.342 0.300000
10.344 0.300000
10.346 0.300000
10.348 0.300000
10.350 0.300000
10.352 0.300000
10.354 0.300000
10.356 0.300000
10.358 0.300000
10.360 0.300000
10.362 0.300000
10.364 0.300000
10.366 0.300000
10.368 0.300000
10.370 0.300000
10.372 0.300000
10.374 0.300000
10.376 0.300000
10.378 0.300000
10.380 0.300000
10.382 0.300000
10.384 0.300000
10.386 0.300000
10.388 0.300000
10.390 0.300000
10.392 0.300000
10.394 0.300000
10.396 0.300000
10.398 0.300000
10.400 0.300000
10.402 0.300000
10.404 0.300000
10.406 0.300000
10.408 0.300000
10.410 0.300000
10.412 0.300000
10.414 0.300000
10.416 0.300000
10.418 0.300000
10.420 0.300000
10.422 0.300000
10.424 0.300000
10.426 0.300000
10.428 0.300000
10.430 0.300000
10.432 0.300000
10.434 0.300000
10.436 0.300000
10.438 0.300000
10.440 0.300000
10.442 0.300000
10.444 0.300000
10.446 0.300000
10.448 0.300000
10.450 0.300000
10.452 0.300000
10.454 0.300000
10.456 0.300000
10.458 0.300000
10.460 0.300000
10.462 0.300000
10.464 0.300000
10.466 0.300000
10.468 0.300000
10.470 0.300000
10.472 0.300000
10.474 0.300000
10.476 0.300000
10.478 0.300000
10.480 0.300000
10.482 0.300000
10.484 0.300000
10.486 0.300000
10.488 0.300000
10.490 0.300000
10.492 0.300000
10.494 0.300000
10.496 0.300000
10.498 0.300000
10.500 0.300000
10.502 0.300000
10.504 0.300000
10.506 0.300000
10.508 0.300000
10.510 0.300000
10.512 0.300000
10.514 0.300000
10.516 0.300000
10.518 0.300000
10.520 0.300000
10.522 0.300000
10.524 0.300000
10.526 0.300000
10.528 0.300000
10.530 0.300000
10.532 0.300000
10.534 0.300000
10.536 0.300000
10.538 0.300000
10.540 0.300000
10.542 0.300000
10.544 0.300000
10.546 0.300000
10.548 0.300000
10.550 0.300000
10.552 0.300000
10.554 0.300000
10.556 0.300000
10.558 0.300000
10.560 0.300000
10.562 0.300000
10.564 0.300000
10.566 0.300000
10.568 0.300000
10.570 0.300000
10.572 0.300000
10.574 0.300000
10.576 0.300000
10.578 0.300000
10.580 0.300000
10.582 0.300000
10.584 0.300000
10.586 0.300000
10.588 0.300000
10.590 0.300000
10.592 0.300000
10.594 0.300000
10.596 0.300000
10.598 0.300000
10.600 0.300000
10.602 0.300000
10.604 0.300000
10.606 0.300000
10.608 0.300000
10.610 0.300000
10.612 0.300000
10.614 0.300000
10.616 0.300000
10.618 0.300000
10.620 0.300000
10.622 0.300000
10.624 0.300000
10.626 0.300000
10.628 0.300000
