0.000 -1.541943
0.002 -1.541943
0.004 -1.541943
0.006 -1.541943
0.008 -1.541942
0.010 -1.541941
0.012 -1.541939
0.014 -1.541936
0.016 -1.541932
0.018 -1.541929
0.020 -1.541925
0.022 -1.541920
0.024 -1.541915
0.026 -1.541908
0.028 -1.541902
0.030 -1.541894
0.032 -1.541886
0.034 -1.541877
0.036 -1.541867
0.038 -1.541857
0.040 -1.541846
0.042 -1.541834
0.044 -1.541822
0.046 -1.541806
0.048 -1.541791
0.050 -1.541777
0.052 -1.541762
0.054 -1.541747
0.056 -1.541731
0.058 -1.541714
0.060 -1.541696
0.062 -1.541677
0.064 -1.541657
0.066 -1.541632
0.068 -1.541610
0.070 -1.541588
0.072 -1.541567
0.074 -1.541544
0.076 -1.541516
0.078 -1.541490
0.080 -1.541465
0.082 -1.541440
0.084 -1.541414
0.086 -1.541387
0.088 -1.541359
0.090 -1.541329
0.092 -1.541298
0.094 -1.541266
0.096 -1.541234
0.098 -1.541200
0.100 -1.541166
0.102 -1.541131
0.104 -1.541096
0.106 -1.541052
0.108 -1.541006
0.110 -1.540959
0.112 -1.540922
0.114 -1.540888
0.116 -1.540854
0.118 -1.540810
0.120 -1.540769
0.122 -1.540729
0.124 -1.540688
0.126 -1.540646
0.128 -1.540601
0.130 -1.540547
0.132 -1.540498
0.134 -1.540442
0.136 -1.540393
0.138 -1.540347
0.140 -1.540292
0.142 -1.540242
0.144 -1.540185
0.146 -1.540133
0.148 -1.540085
0.150 -1.540035
0.152 -1.539984
0.154 -1.539930
0.156 -1.539864
0.158 -1.539803
0.160 -1.539745
0.162 -1.539688
0.164 -1.539630
0.166 -1.539571
0.168 -1.539510
0.170 -1.539448
0.172 -1.539384
0.174 -1.539319
0.176 -1.539252
0.178 -1.539186
0.180 -1.539118
0.182 -1.539049
0.184 -1.538980
0.186 -1.538910
0.188 -1.538839
0.190 -1.538768
0.192 -1.538695
0.194 -1.538622
0.196 -1.538534
0.198 -1.538455
0.200 -1.538381
0.202 -1.538309
0.204 -1.538235
0.206 -1.538147
0.208 -1.538066
0.210 -1.537988
0.212 -1.537912
0.214 -1.537834
0.216 -1.537755
0.218 -1.537659
0.220 -1.537571
0.222 -1.537488
0.224 -1.537406
0.226 -1.537323
0.228 -1.537239
0.230 -1.537152
0.232 -1.537049
0.234 -1.536954
0.236 -1.536865
0.238 -1.536777
0.240 -1.536689
0.242 -1.536599
0.244 -1.536507
0.246 -1.536397
0.248 -1.536280
0.250 -1.536180
0.252 -1.536089
0.254 -1.535984
0.256 -1.535890
0.258 -1.535799
0.260 -1.535707
0.262 -1.535612
0.264 -1.535496
0.266 -1.535389
0.268 -1.535287
0.270 -1.535169
0.272 -1.535063
0.274 -1.534962
0.276 -1.534844
0.278 -1.534737
0.280 -1.534635
0.282 -1.534534
0.284 -1.534411
0.286 -1.534298
0.288 -1.534190
0.290 -1.534083
0.292 -1.533975
0.294 -1.533864
0.296 -1.533750
0.298 -1.533634
0.300 -1.533496
0.302 -1.533371
0.304 -1.533254
0.306 -1.533119
0.308 -1.532999
0.310 -1.532885
0.312 -1.532772
0.314 -1.532636
0.316 -1.532491
0.318 -1.532366
0.320 -1.532250
0.322 -1.532137
0.324 -1.532021
0.326 -1.531901
0.328 -1.531776
0.330 -1.531647
0.332 -1.531516
0.334 -1.531383
0.336 -1.531249
0.338 -1.531114
0.340 -1.530957
0.342 -1.530792
0.344 -1.530653
0.346 -1.530504
0.348 -1.530352
0.350 -1.530225
0.352 -1.530106
0.354 -1.529987
0.356 -1.529862
0.358 -1.529730
0.360 -1.529568
0.362 -1.529419
0.364 -1.529277
0.366 -1.529138
0.368 -1.528974
0.370 -1.528826
0.372 -1.528685
0.374 -1.528547
0.376 -1.528406
0.378 -1.528263
0.380 -1.528116
0.382 -1.527966
0.384 -1.527813
0.386 -1.527660
0.388 -1.527479
0.390 -1.527290
0.392 -1.527131
0.394 -1.526987
0.396 -1.526820
0.398 -1.526644
0.400 -1.526467
0.402 -1.526292
0.404 -1.526148
0.406 -1.526015
0.408 -1.525881
0.410 -1.525739
0.412 -1.525588
0.414 -1.525401
0.416 -1.525201
0.418 -1.525002
0.420 -1.524809
0.422 -1.524626
0.424 -1.524478
0.426 -1.524342
0.428 -1.524205
0.430 -1.524058
0.432 -1.523901
0.434 -1.523705
0.436 -1.523525
0.438 -1.523353
0.440 -1.523184
0.442 -1.523015
0.444 -1.522815
0.446 -1.522633
0.448 -1.522462
0.450 -1.522263
0.452 -1.522055
0.454 -1.521848
0.456 -1.521646
0.458 -1.521482
0.460 -1.521301
0.462 -1.521141
0.464 -1.520986
0.466 -1.520794
0.468 -1.520616
0.470 -1.520443
0.472 -1.520268
0.474 -1.520090
0.476 -1.519906
0.478 -1.519719
0.480 -1.519528
0.482 -1.519336
0.484 -1.519142
0.486 -1.518948
0.488 -1.518753
0.490 -1.518558
0.492 -1.518362
0.494 -1.518166
0.496 -1.518002
0.498 -1.517813
0.500 -1.517576
0.502 -1.517357
0.504 -1.517150
0.506 -1.516951
0.508 -1.516754
0.510 -1.516558
0.512 -1.516359
0.514 -1.516158
0.516 -1.515954
0.518 -1.515748
0.520 -1.515540
0.522 -1.515332
0.524 -1.515123
0.526 -1.514878
0.528 -1.514622
0.530 -1.514406
0.532 -1.514211
0.534 -1.514021
0.536 -1.513793
0.538 -1.513584
0.540 -1.513383
0.542 -1.513182
0.544 -1.512977
0.546 -1.512767
0.548 -1.512552
0.550 -1.512334
0.552 -1.512113
0.554 -1.511891
0.556 -1.511668
0.558 -1.511444
0.560 -1.511183
0.562 -1.510949
0.564 -1.510729
0.566 -1.510516
0.568 -1.510303
0.570 -1.510085
0.572 -1.509825
0.574 -1.509551
0.576 -1.509316
0.578 -1.509103
0.580 -1.508857
0.582 -1.508636
0.584 -1.508425
0.586 -1.508173
0.588 -1.507944
0.590 -1.507725
0.592 -1.507506
0.594 -1.507283
0.596 -1.507054
0.598 -1.506820
0.600 -1.506582
0.602 -1.506342
0.604 -1.506099
0.606 -1.505856
0.608 -1.505613
0.610 -1.505369
0.612 -1.505125
0.614 -1.504880
0.616 -1.504593
0.618 -1.504336
0.620 -1.504095
0.622 -1.503819
0.624 -1.503572
0.626 -1.503339
0.628 -1.503109
0.630 -1.502875
0.632 -1.502635
0.634 -1.502388
0.636 -1.502136
0.638 -1.501881
0.640 -1.501624
0.642 -1.501366
0.644 -1.501107
0.646 -1.500849
0.648 -1.500590
0.650 -1.500331
0.652 -1.500071
0.654 -1.499767
0.656 -1.499493
0.658 -1.499237
0.660 -1.498988
0.662 -1.498739
0.664 -1.498485
0.666 -1.498227
0.668 -1.497919
0.670 -1.497640
0.672 -1.497377
0.674 -1.497121
0.676 -1.496865
0.678 -1.496606
0.680 -1.496341
0.682 -1.496072
0.684 -1.495754
0.686 -1.495467
0.688 -1.495198
0.690 -1.494936
0.692 -1.494675
0.694 -1.494409
0.696 -1.494139
0.698 -1.493817
0.700 -1.493479
0.702 -1.493192
0.704 -1.492931
0.706 -1.492679
0.708 -1.492424
0.710 -1.492160
0.712 -1.491887
0.714 -1.491606
0.716 -1.491320
0.718 -1.491032
0.720 -1.490741
0.722 -1.490451
0.724 -1.490161
0.726 -1.489870
0.728 -1.489579
0.730 -1.489288
0.732 -1.488996
0.734 -1.488704
0.736 -1.488410
0.738 -1.488116
0.740 -1.487821
0.742 -1.487475
0.744 -1.487164
0.746 -1.486874
0.748 -1.486591
0.750 -1.486309
0.752 -1.486022
0.754 -1.485679
0.756 -1.485367
0.758 -1.485072
0.760 -1.484784
0.762 -1.484495
0.764 -1.484202
0.766 -1.483903
0.768 -1.483600
0.770 -1.483293
0.772 -1.482984
0.774 -1.482674
0.776 -1.482362
0.778 -1.482051
0.780 -1.481739
0.782 -1.481427
0.784 -1.481114
0.786 -1.480800
0.788 -1.480486
0.790 -1.480118
0.792 -1.479787
0.794 -1.479425
0.796 -1.479109
0.798 -1.478763
0.800 -1.478460
0.802 -1.478174
0.804 -1.477888
0.806 -1.477594
0.808 -1.477288
0.810 -1.476973
0.812 -1.476650
0.814 -1.476323
0.816 -1.475994
0.818 -1.475664
0.820 -1.475335
0.822 -1.475005
0.824 -1.474676
0.826 -1.474346
0.828 -1.474016
0.830 -1.473630
0.832 -1.473227
0.834 -1.472832
0.836 -1.472508
0.838 -1.472219
0.840 -1.471935
0.842 -1.471641
0.844 -1.471333
0.846 -1.471009
0.848 -1.470674
0.850 -1.470333
0.852 -1.469988
0.854 -1.469586
0.856 -1.469225
0.858 -1.468888
0.860 -1.468563
0.862 -1.468238
0.864 -1.467851
0.866 -1.467499
0.868 -1.467108
0.870 -1.466765
0.872 -1.466443
0.874 -1.466127
0.876 -1.465805
0.878 -1.465473
0.880 -1.465131
0.882 -1.464782
0.884 -1.464369
0.886 -1.463997
0.888 -1.463589
0.890 -1.463234
0.892 -1.462905
0.894 -1.462583
0.896 -1.462255
0.898 -1.461917
0.900 -1.461569
0.902 -1.461152
0.904 -1.460774
0.906 -1.460418
0.908 -1.460072
0.910 -1.459727
0.912 -1.459377
0.914 -1.459022
0.916 -1.458661
0.918 -1.458296
0.920 -1.457928
0.922 -1.457558
0.924 -1.457188
0.926 -1.456817
0.928 -1.456446
0.930 -1.456075
0.932 -1.455703
0.934 -1.455330
0.936 -1.454957
0.938 -1.454645
0.940 -1.454288
0.942 -1.453965
0.944 -1.453586
0.946 -1.453178
0.948 -1.452763
0.950 -1.452352
0.952 -1.451950
0.954 -1.451558
0.956 -1.451173
0.958 -1.450792
0.960 -1.450411
0.962 -1.449967
0.964 -1.449566
0.966 -1.449191
0.968 -1.448826
0.970 -1.448461
0.972 -1.448089
0.974 -1.447710
0.976 -1.447325
0.978 -1.446935
0.980 -1.446476
0.982 -1.446063
0.984 -1.445678
0.986 -1.445304
0.988 -1.444930
0.990 -1.444552
0.992 -1.444166
0.994 -1.443774
0.996 -1.443378
0.998 -1.442978
1.000 -1.442576
1.002 -1.442174
1.004 -1.441772
1.006 -1.441369
1.008 -1.440966
1.010 -1.440562
1.012 -1.440158
1.014 -1.439753
1.016 -1.439348
1.018 -1.438802
1.020 -1.438238
1.022 -1.437698
1.024 -1.437198
1.026 -1.436804
1.028 -1.436526
1.030 -1.436273
1.032 -1.435994
1.034 -1.435670
1.036 -1.435301
1.038 -1.434829
1.040 -1.434387
1.042 -1.433964
1.044 -1.433553
1.046 -1.433145
1.048 -1.432736
1.050 -1.432323
1.052 -1.431836
1.054 -1.431326
1.056 -1.430823
1.058 -1.430342
1.060 -1.429882
1.062 -1.429441
1.064 -1.429011
1.066 -1.428586
1.068 -1.428161
1.070 -1.427735
1.072 -1.427376
1.074 -1.427035
1.076 -1.426682
1.078 -1.426304
1.080 -1.425900
1.082 -1.425478
1.084 -1.425042
1.086 -1.424601
1.088 -1.424159
1.090 -1.423645
1.092 -1.423184
1.094 -1.422683
1.096 -1.422249
1.098 -1.421846
1.100 -1.421451
1.102 -1.421049
1.104 -1.420634
1.106 -1.420207
1.108 -1.419770
1.110 -1.419256
1.112 -1.418791
1.114 -1.418358
1.116 -1.417940
1.118 -1.417452
1.120 -1.417012
1.122 -1.416597
1.124 -1.416117
1.126 -1.415686
1.128 -1.415279
1.130 -1.414877
1.132 -1.414469
1.134 -1.414054
1.136 -1.413629
1.138 -1.413128
1.140 -1.412603
1.142 -1.412159
1.144 -1.411758
1.146 -1.411372
1.148 -1.410913
1.150 -1.410494
1.152 -1.410092
1.154 -1.409694
1.156 -1.409290
1.158 -1.408878
1.160 -1.408460
1.162 -1.408036
1.164 -1.407610
1.166 -1.407184
1.168 -1.406758
1.170 -1.406334
1.172 -1.405911
1.174 -1.405490
1.176 -1.405070
1.178 -1.404651
1.180 -1.404233
1.182 -1.403816
1.184 -1.403399
1.186 -1.402983
1.188 -1.402567
1.190 -1.402085
1.192 -1.401653
1.194 -1.401249
1.196 -1.400792
1.198 -1.400318
1.200 -1.399916
1.202 -1.399549
1.204 -1.399190
1.206 -1.398823
1.208 -1.398377
1.210 -1.397900
1.212 -1.397489
1.214 -1.397114
1.216 -1.396684
1.218 -1.396298
1.220 -1.395930
1.222 -1.395564
1.224 -1.395191
1.226 -1.394809
1.228 -1.394418
1.230 -1.393957
1.232 -1.393540
1.234 -1.393150
1.236 -1.392773
1.238 -1.392399
1.240 -1.392022
1.242 -1.391640
1.244 -1.391253
1.246 -1.390928
1.248 -1.390555
1.250 -1.390155
1.252 -1.389745
1.254 -1.389335
1.256 -1.388931
1.258 -1.388535
1.260 -1.388083
1.262 -1.387682
1.264 -1.387310
1.266 -1.386950
1.268 -1.386531
1.270 -1.386151
1.272 -1.385792
1.274 -1.385440
1.276 -1.385084
1.278 -1.384723
1.280 -1.384355
1.282 -1.383983
1.284 -1.383608
1.286 -1.383233
1.288 -1.382859
1.290 -1.382486
1.292 -1.382054
1.294 -1.381667
1.296 -1.381307
1.298 -1.380959
1.300 -1.380614
1.302 -1.380264
1.304 -1.379850
1.306 -1.379414
1.308 -1.378984
1.310 -1.378632
1.312 -1.378317
1.314 -1.377951
1.316 -1.377560
1.318 -1.377223
1.320 -1.376908
1.322 -1.376595
1.324 -1.376272
1.326 -1.375938
1.328 -1.375535
1.330 -1.375051
1.332 -1.374614
1.334 -1.374220
1.336 -1.373858
1.338 -1.373514
1.340 -1.373235
1.342 -1.372972
1.344 -1.372641
1.346 -1.372271
1.348 -1.371945
1.350 -1.371636
1.352 -1.371328
1.354 -1.371013
1.356 -1.370689
1.358 -1.370356
1.360 -1.370018
1.362 -1.369677
1.364 -1.369336
1.366 -1.368940
1.368 -1.368531
1.370 -1.368187
1.372 -1.367879
1.374 -1.367528
1.376 -1.367159
1.378 -1.366789
1.380 -1.366428
1.382 -1.366132
1.384 -1.365862
1.386 -1.365537
1.388 -1.365237
1.390 -1.364944
1.392 -1.364647
1.394 -1.364342
1.396 -1.364028
1.398 -1.363655
1.400 -1.363264
1.402 -1.362933
1.404 -1.362635
1.406 -1.362295
1.408 -1.361992
1.410 -1.361652
1.412 -1.361350
1.414 -1.361065
1.416 -1.360729
1.418 -1.360372
1.420 -1.360014
1.422 -1.359718
1.424 -1.359450
1.426 -1.359134
1.428 -1.358846
1.430 -1.358517
1.432 -1.358171
1.434 -1.357876
1.436 -1.357554
1.438 -1.357221
1.440 -1.356940
1.442 -1.356680
1.444 -1.356420
1.446 -1.356150
1.448 -1.355869
1.450 -1.355577
1.452 -1.355278
1.454 -1.354927
1.456 -1.354561
1.458 -1.354203
1.460 -1.353914
1.462 -1.353657
1.464 -1.353358
1.466 -1.353040
1.468 -1.352717
1.470 -1.352447
1.472 -1.352199
1.474 -1.351903
1.476 -1.351633
1.478 -1.351372
1.480 -1.351109
1.482 -1.350839
1.484 -1.350563
1.486 -1.350281
1.488 -1.349948
1.490 -1.349649
1.492 -1.349370
1.494 -1.349101
1.496 -1.348787
1.498 -1.348505
1.500 -1.348239
1.502 -1.347979
1.504 -1.347718
1.506 -1.347452
1.508 -1.347181
1.510 -1.346862
1.512 -1.346573
1.514 -1.346258
1.516 -1.345939
1.518 -1.345629
1.520 -1.345377
1.522 -1.345150
1.524 -1.344926
1.526 -1.344692
1.528 -1.344446
1.530 -1.344188
1.532 -1.343923
1.534 -1.343698
1.536 -1.343530
1.538 -1.343413
1.540 -1.343156
1.542 -1.342828
1.544 -1.342480
1.546 -1.342099
1.548 -1.341773
1.550 -1.341447
1.552 -1.341179
1.554 -1.340944
1.556 -1.340719
1.558 -1.340492
1.560 -1.340215
1.562 -1.339959
1.564 -1.339715
1.566 -1.339433
1.568 -1.339137
1.570 -1.338888
1.572 -1.338660
1.574 -1.338439
1.576 -1.338215
1.578 -1.337983
1.580 -1.337743
1.582 -1.337499
1.584 -1.337251
1.586 -1.337003
1.588 -1.336796
1.590 -1.336562
1.592 -1.336311
1.594 -1.336055
1.596 -1.335759
1.598 -1.335455
1.600 -1.335204
1.602 -1.334980
1.604 -1.334768
1.606 -1.334556
1.608 -1.334337
1.610 -1.334073
1.612 -1.333831
1.614 -1.333603
1.616 -1.333380
1.618 -1.333119
1.620 -1.332845
1.622 -1.332575
1.624 -1.332316
1.626 -1.332069
1.628 -1.331870
1.630 -1.331689
1.632 -1.331505
1.634 -1.331311
1.636 -1.331105
1.638 -1.330887
1.640 -1.330664
1.642 -1.330437
1.644 -1.330210
1.646 -1.329948
1.648 -1.329678
1.650 -1.329415
1.652 -1.329166
1.654 -1.328967
1.656 -1.328790
1.658 -1.328614
1.660 -1.328430
1.662 -1.328234
1.664 -1.327993
1.666 -1.327771
1.668 -1.327561
1.670 -1.327357
1.672 -1.327154
1.674 -1.326951
1.676 -1.326711
1.678 -1.326460
1.680 -1.326214
1.682 -1.326013
1.684 -1.325800
1.686 -1.325617
1.688 -1.325444
1.690 -1.325268
1.692 -1.325052
1.694 -1.324818
1.696 -1.324617
1.698 -1.324432
1.700 -1.324219
1.702 -1.323995
1.704 -1.323772
1.706 -1.323554
1.708 -1.323378
1.710 -1.323218
1.712 -1.323057
1.714 -1.322890
1.716 -1.322680
1.718 -1.322485
1.720 -1.322267
1.722 -1.322076
1.724 -1.321898
1.726 -1.321725
1.728 -1.321550
1.730 -1.321373
1.732 -1.321191
1.734 -1.321007
1.736 -1.320822
1.738 -1.320637
1.740 -1.320452
1.742 -1.320237
1.744 -1.320046
1.746 -1.319869
1.748 -1.319698
1.750 -1.319529
1.752 -1.319359
1.754 -1.319186
1.756 -1.318982
1.758 -1.318797
1.760 -1.318626
1.762 -1.318430
1.764 -1.318257
1.766 -1.318095
1.768 -1.317937
1.770 -1.317749
1.772 -1.317549
1.774 -1.317323
1.776 -1.317124
1.778 -1.316947
1.780 -1.316782
1.782 -1.316650
1.784 -1.316500
1.786 -1.316365
1.788 -1.316230
1.790 -1.316061
1.792 -1.315905
1.794 -1.315753
1.796 -1.315574
1.798 -1.315414
1.800 -1.315236
1.802 -1.315081
1.804 -1.314936
1.806 -1.314794
1.808 -1.314650
1.810 -1.314503
1.812 -1.314353
1.814 -1.314174
1.816 -1.313988
1.818 -1.313805
1.820 -1.313632
1.822 -1.313469
1.824 -1.313313
1.826 -1.313189
1.828 -1.313074
1.830 -1.312956
1.832 -1.312831
1.834 -1.312672
1.836 -1.312525
1.838 -1.312360
1.840 -1.312191
1.842 -1.312050
1.844 -1.311899
1.846 -1.311770
1.848 -1.311649
1.850 -1.311527
1.852 -1.311310
1.854 -1.311063
1.856 -1.310826
1.858 -1.310639
1.860 -1.310512
1.862 -1.310436
1.864 -1.310393
1.866 -1.310346
1.868 -1.310278
1.870 -1.310183
1.872 -1.310068
1.874 -1.309939
1.876 -1.309803
1.878 -1.309667
1.880 -1.309532
1.882 -1.309401
1.884 -1.309272
1.886 -1.309147
1.888 -1.309023
1.890 -1.308901
1.892 -1.308759
1.894 -1.308612
1.896 -1.308489
1.898 -1.308379
1.900 -1.308254
1.902 -1.308142
1.904 -1.308036
1.906 -1.307930
1.908 -1.307823
1.910 -1.307713
1.912 -1.307600
1.914 -1.307487
1.916 -1.307373
1.918 -1.307260
1.920 -1.307147
1.922 -1.307036
1.924 -1.306926
1.926 -1.306817
1.928 -1.306709
1.930 -1.306601
1.932 -1.306495
1.934 -1.306371
1.936 -1.306261
1.938 -1.306142
1.940 -1.306039
1.942 -1.305945
1.944 -1.305836
1.946 -1.305739
1.948 -1.305664
1.950 -1.305612
1.952 -1.305526
1.954 -1.305422
1.956 -1.305310
1.958 -1.305198
1.960 -1.305090
1.962 -1.304987
1.964 -1.304874
1.966 -1.304775
1.968 -1.304686
1.970 -1.304601
1.972 -1.304516
1.974 -1.304431
1.976 -1.304345
1.978 -1.304258
1.980 -1.304170
1.982 -1.304068
1.984 -1.303977
1.986 -1.303893
1.988 -1.303813
1.990 -1.303733
1.992 -1.303654
1.994 -1.303574
1.996 -1.303494
1.998 -1.303399
2.000 -1.303315
2.002 -1.303238
2.004 -1.303163
2.006 -1.303090
2.008 -1.303017
2.010 -1.302943
2.012 -1.302869
2.014 -1.302794
2.016 -1.302721
2.018 -1.302635
2.020 -1.302547
2.022 -1.302462
2.024 -1.302394
2.026 -1.302322
2.028 -1.302250
2.030 -1.302178
2.032 -1.302119
2.034 -1.302065
2.036 -1.302011
2.038 -1.301955
2.040 -1.301895
2.042 -1.301823
2.044 -1.301758
2.046 -1.301697
2.048 -1.301628
2.050 -1.301558
2.052 -1.301480
2.054 -1.301393
2.056 -1.301309
2.058 -1.301242
2.060 -1.301196
2.062 -1.301158
2.064 -1.301121
2.066 -1.301080
2.068 -1.301035
2.070 -1.300986
2.072 -1.300935
2.074 -1.300884
2.076 -1.300841
2.078 -1.300801
2.080 -1.300761
2.082 -1.300720
2.084 -1.300677
2.086 -1.300633
2.088 -1.300588
2.090 -1.300536
2.092 -1.300490
2.094 -1.300448
2.096 -1.300409
2.098 -1.300370
2.100 -1.300332
2.102 -1.300294
2.104 -1.300257
2.106 -1.300219
2.108 -1.300183
2.110 -1.300140
2.112 -1.300097
2.114 -1.300062
2.116 -1.300026
2.118 -1.299995
2.120 -1.299968
2.122 -1.299941
2.124 -1.299914
2.126 -1.299886
2.128 -1.299858
2.130 -1.299826
2.132 -1.299792
2.134 -1.299761
2.136 -1.299731
2.138 -1.299704
2.140 -1.299680
2.142 -1.299657
2.144 -1.299635
2.146 -1.299618
2.148 -1.299603
2.150 -1.299587
2.152 -1.299571
2.154 -1.299554
2.156 -1.299537
2.158 -1.299520
2.160 -1.299503
2.162 -1.299488
2.164 -1.299470
2.166 -1.299456
2.168 -1.299443
2.170 -1.299432
2.172 -1.299422
2.174 -1.299410
2.176 -1.299400
2.178 -1.299390
2.180 -1.299381
2.182 -1.299374
2.184 -1.299369
2.186 -1.299363
2.188 -1.299359
2.190 -1.299355
2.192 -1.299352
2.194 -1.299350
2.196 -1.299348
2.198 -1.299348
2.200 -1.299348
2.202 -1.299349
2.204 -1.299350
2.206 -1.299352
2.208 -1.299354
2.210 -1.299357
2.212 -1.299359
2.214 -1.299362
2.216 -1.299365
2.218 -1.299369
2.220 -1.299372
2.222 -1.299375
2.224 -1.299379
2.226 -1.299383
2.228 -1.299387
2.230 -1.299391
2.232 -1.299395
2.234 -1.299400
2.236 -1.299404
2.238 -1.299409
2.240 -1.299413
2.242 -1.299418
2.244 -1.299423
2.246 -1.299428
2.248 -1.299433
2.250 -1.299438
2.252 -1.299443
2.254 -1.299448
2.256 -1.299454
2.258 -1.299459
2.260 -1.299464
2.262 -1.299470
2.264 -1.299475
2.266 -1.299481
2.268 -1.299486
2.270 -1.299492
2.272 -1.299497
2.274 -1.299503
2.276 -1.299508
2.278 -1.299514
2.280 -1.299520
2.282 -1.299525
2.284 -1.299531
2.286 -1.299536
2.288 -1.299542
2.290 -1.299548
2.292 -1.299553
2.294 -1.299559
2.296 -1.299564
2.298 -1.299570
2.300 -1.299576
2.302 -1.299581
2.304 -1.299587
2.306 -1.299592
2.308 -1.299598
2.310 -1.299603
2.312 -1.299608
2.314 -1.299614
2.316 -1.299619
2.318 -1.299625
2.320 -1.299630
2.322 -1.299635
2.324 -1.299640
2.326 -1.299646
2.328 -1.299651
2.330 -1.299656
2.332 -1.299661
2.334 -1.299666
2.336 -1.299671
2.338 -1.299676
2.340 -1.299681
2.342 -1.299686
2.344 -1.299691
2.346 -1.299695
2.348 -1.299700
2.350 -1.299705
2.352 -1.299709
2.354 -1.299714
2.356 -1.299719
2.358 -1.299723
2.360 -1.299728
2.362 -1.299732
2.364 -1.299736
2.366 -1.299741
2.368 -1.299745
2.370 -1.299749
2.372 -1.299753
2.374 -1.299758
2.376 -1.299762
2.378 -1.299766
2.380 -1.299770
2.382 -1.299774
2.384 -1.299777
2.386 -1.299781
2.388 -1.299785
2.390 -1.299789
2.392 -1.299793
2.394 -1.299796
2.396 -1.299800
2.398 -1.299803
2.400 -1.299807
2.402 -1.299810
2.404 -1.299814
2.406 -1.299817
2.408 -1.299820
2.410 -1.299824
2.412 -1.299827
2.414 -1.299830
2.416 -1.299833
2.418 -1.299836
2.420 -1.299839
2.422 -1.299842
2.424 -1.299845
2.426 -1.299848
2.428 -1.299851
2.430 -1.299854
2.432 -1.299857
2.434 -1.299860
2.436 -1.299862
2.438 -1.299865
2.440 -1.299868
2.442 -1.299870
2.444 -1.299873
2.446 -1.299875
2.448 -1.299878
2.450 -1.299880
2.452 -1.299882
2.454 -1.299885
2.456 -1.299887
2.458 -1.299889
2.460 -1.299892
2.462 -1.299894
2.464 -1.299896
2.466 -1.299898
2.468 -1.299900
2.470 -1.299902
2.472 -1.299904
2.474 -1.299906
2.476 -1.299908
2.478 -1.299910
2.480 -1.299912
2.482 -1.299914
2.484 -1.299916
2.486 -1.299917
2.488 -1.299919
2.490 -1.299921
2.492 -1.299923
2.494 -1.299924
2.496 -1.299926
2.498 -1.299928
2.500 -1.299929
2.502 -1.299931
2.504 -1.299932
2.506 -1.299934
2.508 -1.299935
2.510 -1.299937
2.512 -1.299938
2.514 -1.299939
2.516 -1.299941
2.518 -1.299942
2.520 -1.299943
2.522 -1.299945
2.524 -1.299946
2.526 -1.299947
2.528 -1.299948
2.530 -1.299950
2.532 -1.299951
2.534 -1.299952
2.536 -1.299953
2.538 -1.299954
2.540 -1.299955
2.542 -1.299956
2.544 -1.299957
2.546 -1.299958
2.548 -1.299959
2.550 -1.299960
2.552 -1.299961
2.554 -1.299962
2.556 -1.299963
2.558 -1.299964
2.560 -1.299965
2.562 -1.299966
2.564 -1.299967
2.566 -1.299967
2.568 -1.299968
2.570 -1.299969
2.572 -1.299970
2.574 -1.299971
2.576 -1.299971
2.578 -1.299972
2.580 -1.299973
2.582 -1.299973
2.584 -1.299974
2.586 -1.299975
2.588 -1.299975
2.590 -1.299976
2.592 -1.299977
2.594 -1.299977
2.596 -1.299978
2.598 -1.299979
2.600 -1.299979
2.602 -1.299980
2.604 -1.299980
2.606 -1.299981
2.608 -1.299981
2.610 -1.299982
2.612 -1.299982
2.614 -1.299983
2.616 -1.299983
2.618 -1.299984
2.620 -1.299984
2.622 -1.299985
2.624 -1.299985
2.626 -1.299985
2.628 -1.299986
2.630 -1.299986
2.632 -1.299987
2.634 -1.299987
2.636 -1.299987
2.638 -1.299988
2.640 -1.299988
2.642 -1.299989
2.644 -1.299989
2.646 -1.299989
2.648 -1.299990
2.650 -1.299990
2.652 -1.299990
2.654 -1.299990
2.656 -1.299991
2.658 -1.299991
2.660 -1.299991
2.662 -1.299992
2.664 -1.299992
2.666 -1.299992
2.668 -1.299992
2.670 -1.299993
2.672 -1.299993
2.674 -1.299993
2.676 -1.299993
2.678 -1.299994
2.680 -1.299994
2.682 -1.299994
2.684 -1.299994
2.686 -1.299994
2.688 -1.299995
2.690 -1.299995
2.692 -1.299995
2.694 -1.299995
2.696 -1.299995
2.698 -1.299996
2.700 -1.299996
2.702 -1.299996
2.704 -1.299996
2.706 -1.299996
2.708 -1.299996
2.710 -1.299996
2.712 -1.299997
2.714 -1.299997
2.716 -1.299997
2.718 -1.299997
2.720 -1.299997
2.722 -1.299997
2.724 -1.299997
2.726 -1.299998
2.728 -1.299998
2.730 -1.299998
2.732 -1.299998
2.734 -1.299998
2.736 -1.299998
2.738 -1.299998
2.740 -1.299998
2.742 -1.299998
2.744 -1.299998
2.746 -1.299999
2.748 -1.299999
2.750 -1.299999
2.752 -1.299999
2.754 -1.299999
2.756 -1.299999
2.758 -1.299999
2.760 -1.299999
2.762 -1.299999
2.764 -1.299999
2.766 -1.299999
2.768 -1.299999
2.770 -1.299999
2.772 -1.299999
2.774 -1.300000
2.776 -1.300000
2.778 -1.300000
2.780 -1.300000
2.782 -1.300000
2.784 -1.300000
2.786 -1.300000
2.788 -1.300000
2.790 -1.300000
2.792 -1.300000
2.794 -1.300000
2.796 -1.300000
2.798 -1.300000
2.800 -1.300000
2.802 -1.300000
2.804 -1.300000
2.806 -1.300000
2.808 -1.300000
2.810 -1.300000
2.812 -1.300000
2.814 -1.300000
2.816 -1.300000
2.818 -1.300000
2.820 -1.300000
2.822 -1.300000
2.824 -1.300000
2.826 -1.300000
2.828 -1.300000
2.830 -1.300000
2.832 -1.300001
2.834 -1.300001
2.836 -1.300001
2.838 -1.300001
2.840 -1.300001
2.842 -1.300001
2.844 -1.300001
2.846 -1.300001
2.848 -1.300001
2.850 -1.300001
2.852 -1.300001
2.854 -1.300001
2.856 -1.300001
2.858 -1.300001
2.860 -1.300001
2.862 -1.300001
2.864 -1.300001
2.866 -1.300001
2.868 -1.300001
2.870 -1.300001
2.872 -1.300001
2.874 -1.300001
2.876 -1.300001
2.878 -1.300001
2.880 -1.300001
2.882 -1.300001
2.884 -1.300001
2.886 -1.300001
2.888 -1.300001
2.890 -1.300001
2.892 -1.300001
2.894 -1.300001
2.896 -1.300001
2.898 -1.300001
2.900 -1.300001
2.902 -1.300001
2.904 -1.300001
2.906 -1.300001
2.908 -1.300001
2.910 -1.300001
2.912 -1.300001
2.914 -1.300001
2.916 -1.300001
2.918 -1.300001
2.920 -1.300001
2.922 -1.300001
2.924 -1.300001
2.926 -1.300001
2.928 -1.300001
2.930 -1.300001
2.932 -1.300001
2.934 -1.300001
2.936 -1.300001
2.938 -1.300001
2.940 -1.300001
2.942 -1.300001
2.944 -1.300001
2.946 -1.300001
2.948 -1.300001
2.950 -1.300001
2.952 -1.300001
2.954 -1.300001
2.956 -1.300001
2.958 -1.300001
2.960 -1.300001
2.962 -1.300001
2.964 -1.300001
2.966 -1.300001
2.968 -1.300001
2.970 -1.300001
2.972 -1.300001
2.974 -1.300001
2.976 -1.300001
2.978 -1.300001
2.980 -1.300001
2.982 -1.300001
2.984 -1.300001
2.986 -1.300001
2.988 -1.300001
2.990 -1.300001
2.992 -1.300001
2.994 -1.300001
2.996 -1.300001
2.998 -1.300001
3.000 -1.300001
3.002 -1.300001
3.004 -1.300001
3.006 -1.300001
3.008 -1.300001
3.010 -1.300001
3.012 -1.300001
3.014 -1.300001
3.016 -1.300001
3.018 -1.300001
3.020 -1.300001
3.022 -1.300001
3.024 -1.300001
3.026 -1.300001
3.028 -1.300001
3.030 -1.300001
3.032 -1.300001
3.034 -1.300001
3.036 -1.300001
3.038 -1.300001
3.040 -1.300001
3.042 -1.300001
3.044 -1.300001
3.046 -1.300001
3.048 -1.300001
3.050 -1.300001
3.052 -1.300001
3.054 -1.300001
3.056 -1.300001
3.058 -1.300001
3.060 -1.300001
3.062 -1.300001
3.064 -1.300001
3.066 -1.300001
3.068 -1.300001
3.070 -1.300001
3.072 -1.300001
3.074 -1.300001
3.076 -1.300001
3.078 -1.300001
3.080 -1.300001
3.082 -1.300001
3.084 -1.300001
3.086 -1.300001
3.088 -1.300001
3.090 -1.300001
3.092 -1.300001
3.094 -1.300001
3.096 -1.300001
3.098 -1.300001
3.100 -1.300001
3.102 -1.300001
3.104 -1.300001
3.106 -1.300001
3.108 -1.300001
3.110 -1.300001
3.112 -1.300001
3.114 -1.300001
3.116 -1.300001
3.118 -1.300001
3.120 -1.300001
3.122 -1.300001
3.124 -1.300001
3.126 -1.300001
3.128 -1.300001
3.130 -1.300001
3.132 -1.300001
3.134 -1.300001
3.136 -1.300001
3.138 -1.300001
3.140 -1.300001
3.142 -1.300001
3.144 -1.300001
3.146 -1.300001
3.148 -1.300001
3.150 -1.300001
3.152 -1.300001
3.154 -1.300001
3.156 -1.300001
3.158 -1.300001
3.160 -1.300001
3.162 -1.300001
3.164 -1.300001
3.166 -1.300001
3.168 -1.300001
3.170 -1.300001
3.172 -1.300001
3.174 -1.300001
3.176 -1.300001
3.178 -1.300001
3.180 -1.300001
3.182 -1.300001
3.184 -1.300001
3.186 -1.300001
3.188 -1.300001
3.190 -1.300001
3.192 -1.300001
3.194 -1.300001
3.196 -1.300001
3.198 -1.300001
3.200 -1.300001
3.202 -1.300001
3.204 -1.300001
3.206 -1.300001
3.208 -1.300001
3.210 -1.300001
3.212 -1.300001
3.214 -1.300001
3.216 -1.300001
3.218 -1.300001
3.220 -1.300001
3.222 -1.300001
3.224 -1.300001
3.226 -1.300001
3.228 -1.300001
3.230 -1.300001
3.232 -1.300001
3.234 -1.300001
3.236 -1.300001
3.238 -1.300001
3.240 -1.300001
3.242 -1.300001
3.244 -1.300001
3.246 -1.300001
3.248 -1.300001
3.250 -1.300001
3.252 -1.300001
3.254 -1.300001
3.256 -1.300001
3.258 -1.300001
3.260 -1.300001
3.262 -1.300001
3.264 -1.300001
3.266 -1.300001
3.268 -1.300001
3.270 -1.300001
3.272 -1.300001
3.274 -1.300001
3.276 -1.300001
3.278 -1.300001
3.280 -1.300001
3.282 -1.300001
3.284 -1.300001
3.286 -1.300001
3.288 -1.300001
3.290 -1.300001
3.292 -1.300001
3.294 -1.300001
3.296 -1.300001
3.298 -1.300001
3.300 -1.300001
3.302 -1.300001
3.304 -1.300001
3.306 -1.300001
3.308 -1.300001
3.310 -1.300001
3.312 -1.300001
3.314 -1.300001
3.316 -1.300001
3.318 -1.300001
3.320 -1.300001
3.322 -1.300001
3.324 -1.300001
3.326 -1.300001
3.328 -1.300001
3.330 -1.300001
3.332 -1.300001
3.334 -1.300001
3.336 -1.300001
3.338 -1.300001
3.340 -1.300001
3.342 -1.300001
3.344 -1.300001
3.346 -1.300001
3.348 -1.300001
3.350 -1.300001
3.352 -1.300001
3.354 -1.300001
3.356 -1.300001
3.358 -1.300001
3.360 -1.300001
3.362 -1.300001
3.364 -1.300001
3.366 -1.300001
3.368 -1.300001
3.370 -1.300001
3.372 -1.300001
3.374 -1.300001
3.376 -1.300001
3.378 -1.300001
3.380 -1.300001
3.382 -1.300001
3.384 -1.300001
3.386 -1.300001
3.388 -1.300001
3.390 -1.300001
3.392 -1.300001
3.394 -1.300001
3.396 -1.300001
3.398 -1.300001
3.400 -1.300001
3.402 -1.300001
3.404 -1.300001
3.406 -1.300001
3.408 -1.300001
3.410 -1.300001
3.412 -1.300001
3.414 -1.300001
3.416 -1.300001
3.418 -1.300001
3.420 -1.300001
3.422 -1.300001
3.424 -1.300001
3.426 -1.300001
3.428 -1.300001
3.430 -1.300001
3.432 -1.300001
3.434 -1.300001
3.436 -1.300001
3.438 -1.300001
3.440 -1.300001
3.442 -1.300001
3.444 -1.300001
3.446 -1.300001
3.448 -1.300001
3.450 -1.300001
3.452 -1.300001
3.454 -1.300001
3.456 -1.300001
3.458 -1.300001
3.460 -1.300001
3.462 -1.300001
3.464 -1.300001
3.466 -1.300001
3.468 -1.300001
3.470 -1.300001
3.472 -1.300001
3.474 -1.300001
3.476 -1.300001
3.478 -1.300001
3.480 -1.300001
3.482 -1.300001
3.484 -1.300001
3.486 -1.300001
3.488 -1.300001
3.490 -1.300001
3.492 -1.300001
3.494 -1.300001
3.496 -1.300001
3.498 -1.300001
3.500 -1.300001
3.502 -1.300001
3.504 -1.300001
3.506 -1.300001
3.508 -1.300001
3.510 -1.300001
3.512 -1.300001
3.514 -1.300001
3.516 -1.300001
3.518 -1.300001
3.520 -1.300001
3.522 -1.300001
3.524 -1.300001
3.526 -1.300001
3.528 -1.300001
3.530 -1.300001
3.532 -1.300001
3.534 -1.300001
3.536 -1.300000
3.538 -1.300000
3.540 -1.300000
3.542 -1.300000
3.544 -1.300000
3.546 -1.300000
3.548 -1.300000
3.550 -1.300000
3.552 -1.300000
3.554 -1.300000
3.556 -1.300000
3.558 -1.300000
3.560 -1.300000
3.562 -1.300000
3.564 -1.300000
3.566 -1.300000
3.568 -1.300000
3.570 -1.300000
3.572 -1.300000
3.574 -1.300000
3.576 -1.300000
3.578 -1.300000
3.580 -1.300000
3.582 -1.300000
3.584 -1.300000
3.586 -1.300000
3.588 -1.300000
3.590 -1.300000
3.592 -1.300000
3.594 -1.300000
3.596 -1.300000
3.598 -1.300000
3.600 -1.300000
3.602 -1.300000
3.604 -1.300000
3.606 -1.300000
3.608 -1.300000
3.610 -1.300000
3.612 -1.300000
3.614 -1.300000
3.616 -1.300000
3.618 -1.300000
3.620 -1.300000
3.622 -1.300000
3.624 -1.300000
3.626 -1.300000
3.628 -1.300000
3.630 -1.300000
3.632 -1.300000
3.634 -1.300000
3.636 -1.300000
3.638 -1.300000
3.640 -1.300000
3.642 -1.300000
3.644 -1.300000
3.646 -1.300000
3.648 -1.300000
3.650 -1.300000
3.652 -1.300000
3.654 -1.300000
3.656 -1.300000
3.658 -1.300000
3.660 -1.300000
3.662 -1.300000
3.664 -1.300000
3.666 -1.300000
3.668 -1.300000
3.670 -1.300000
3.672 -1.300000
3.674 -1.300000
3.676 -1.300000
3.678 -1.300000
3.680 -1.300000
3.682 -1.300000
3.684 -1.300000
3.686 -1.300000
3.688 -1.300000
3.690 -1.300000
3.692 -1.300000
3.694 -1.300000
3.696 -1.300000
3.698 -1.300000
3.700 -1.300000
3.702 -1.300000
3.704 -1.300000
3.706 -1.300000
3.708 -1.300000
3.710 -1.300000
3.712 -1.300000
3.714 -1.300000
3.716 -1.300000
3.718 -1.300000
3.720 -1.300000
3.722 -1.300000
3.724 -1.300000
3.726 -1.300000
3.728 -1.300000
3.730 -1.300000
3.732 -1.300000
3.734 -1.300000
3.736 -1.300000
3.738 -1.300000
3.740 -1.300000
3.742 -1.300000
3.744 -1.300000
3.746 -1.300000
3.748 -1.300000
3.750 -1.300000
3.752 -1.300000
3.754 -1.300000
3.756 -1.300000
3.758 -1.300000
3.760 -1.300000
3.762 -1.300000
3.764 -1.300000
3.766 -1.300000
3.768 -1.300000
3.770 -1.300000
3.772 -1.300000
3.774 -1.300000
3.776 -1.300000
3.778 -1.300000
3.780 -1.300000
3.782 -1.300000
3.784 -1.300000
3.786 -1.300000
3.788 -1.300000
3.790 -1.300000
3.792 -1.300000
3.794 -1.300000
3.796 -1.300000
3.798 -1.300000
3.800 -1.300000
3.802 -1.300000
3.804 -1.300000
3.806 -1.300000
3.808 -1.300000
3.810 -1.300000
3.812 -1.300000
3.814 -1.300000
3.816 -1.300000
3.818 -1.300000
3.820 -1.300000
3.822 -1.300000
3.824 -1.300000
3.826 -1.300000
3.828 -1.300000
3.830 -1.300000
3.832 -1.300000
3.834 -1.300000
3.836 -1.300000
3.838 -1.300000
3.840 -1.300000
3.842 -1.300000
3.844 -1.300000
3.846 -1.300000
3.848 -1.300000
3.850 -1.300000
3.852 -1.300000
3.854 -1.300000
3.856 -1.300000
3.858 -1.300000
3.860 -1.300000
3.862 -1.300000
3.864 -1.300000
3.866 -1.300000
3.868 -1.300000
3.870 -1.300000
3.872 -1.300000
3.874 -1.300000
3.876 -1.300000
3.878 -1.300000
3.880 -1.300000
3.882 -1.300000
3.884 -1.300000
3.886 -1.300000
3.888 -1.300000
3.890 -1.300000
3.892 -1.300000
3.894 -1.300000
3.896 -1.300000
3.898 -1.300000
3.900 -1.300000
3.902 -1.300000
3.904 -1.300000
3.906 -1.300000
3.908 -1.300000
3.910 -1.300000
3.912 -1.300000
3.914 -1.300000
3.916 -1.300000
3.918 -1.300000
3.920 -1.300000
3.922 -1.300000
3.924 -1.300000
3.926 -1.300000
3.928 -1.300000
3.930 -1.300000
3.932 -1.300000
3.934 -1.300000
3.936 -1.300000
3.938 -1.300000
3.940 -1.300000
3.942 -1.300000
3.944 -1.300000
3.946 -1.300000
3.948 -1.300000
3.950 -1.300000
3.952 -1.300000
3.954 -1.300000
3.956 -1.300000
3.958 -1.300000
3.960 -1.300000
3.962 -1.300000
3.964 -1.300000
3.966 -1.300000
3.968 -1.300000
3.970 -1.300000
3.972 -1.300000
3.974 -1.300000
3.976 -1.300000
3.978 -1.300000
3.980 -1.300000
3.982 -1.300000
3.984 -1.300000
3.986 -1.300000
3.988 -1.300000
3.990 -1.300000
3.992 -1.300000
3.994 -1.300000
3.996 -1.300000
3.998 -1.300000
4.000 -1.300000
4.002 -1.300000
4.004 -1.300000
4.006 -1.300000
4.008 -1.300000
4.010 -1.300000
4.012 -1.300000
4.014 -1.300000
4.016 -1.300000
4.018 -1.300000
4.020 -1.300000
4.022 -1.300000
4.024 -1.300000
4.026 -1.300000
4.028 -1.300000
4.030 -1.300000
4.032 -1.300000
4.034 -1.300000
4.036 -1.300000
4.038 -1.300000
4.040 -1.300000
4.042 -1.300000
4.044 -1.300000
4.046 -1.300000
4.048 -1.300000
4.050 -1.300000
4.052 -1.300000
4.054 -1.300000
4.056 -1.300000
4.058 -1.300000
4.060 -1.300000
4.062 -1.300000
4.064 -1.300000
4.066 -1.300000
4.068 -1.300000
4.070 -1.300000
4.072 -1.300000
4.074 -1.300000
4.076 -1.300000
4.078 -1.300000
4.080 -1.300000
4.082 -1.300000
4.084 -1.300000
4.086 -1.300000
4.088 -1.300000
4.090 -1.300000
4.092 -1.300000
4.094 -1.300000
4.096 -1.300000
4.098 -1.300000
4.100 -1.300000
4.102 -1.300000
4.104 -1.300000
4.106 -1.300000
4.108 -1.300000
4.110 -1.300000
4.112 -1.300000
4.114 -1.300000
4.116 -1.300000
4.118 -1.300000
4.120 -1.300000
4.122 -1.300000
4.124 -1.300000
4.126 -1.300000
4.128 -1.300000
4.130 -1.300000
4.132 -1.300000
4.134 -1.300000
4.136 -1.300000
4.138 -1.300000
4.140 -1.300000
4.142 -1.300000
4.144 -1.300000
4.146 -1.300000
4.148 -1.300000
4.150 -1.300000
4.152 -1.300000
4.154 -1.300000
4.156 -1.300000
4.158 -1.300000
4.160 -1.300000
4.162 -1.300000
4.164 -1.300000
4.166 -1.300000
4.168 -1.300000
4.170 -1.300000
4.172 -1.300000
4.174 -1.300000
4.176 -1.300000
4.178 -1.300000
4.180 -1.300000
4.182 -1.300000
4.184 -1.300000
4.186 -1.300000
4.188 -1.300000
4.190 -1.300000
4.192 -1.300000
4.194 -1.300000
4.196 -1.300000
4.198 -1.300000
4.200 -1.300000
4.202 -1.300000
4.204 -1.300000
4.206 -1.300000
4.208 -1.300000
4.210 -1.300000
4.212 -1.300000
4.214 -1.300000
4.216 -1.300000
4.218 -1.300000
4.220 -1.300000
4.222 -1.300000
4.224 -1.300000
4.226 -1.300000
4.228 -1.300000
4.230 -1.300000
4.232 -1.300000
4.234 -1.300000
4.236 -1.300000
4.238 -1.300000
4.240 -1.300000
4.242 -1.300000
4.244 -1.300000
4.246 -1.300000
4.248 -1.300000
4.250 -1.300000
4.252 -1.300000
4.254 -1.300000
4.256 -1.300000
4.258 -1.300000
4.260 -1.300000
4.262 -1.300000
4.264 -1.300000
4.266 -1.300000
4.268 -1.300000
4.270 -1.300000
4.272 -1.300000
4.274 -1.300000
4.276 -1.300000
4.278 -1.300000
4.280 -1.300000
4.282 -1.300000
4.284 -1.300000
4.286 -1.300000
4.288 -1.300000
4.290 -1.300000
4.292 -1.300000
4.294 -1.300000
4.296 -1.300000
4.298 -1.300000
4.300 -1.300000
4.302 -1.300000
4.304 -1.300000
4.306 -1.300000
4.308 -1.300000
4.310 -1.300000
4.312 -1.300000
4.314 -1.300000
4.316 -1.300000
4.318 -1.300000
4.320 -1.300000
4.322 -1.300000
4.324 -1.300000
4.326 -1.300000
4.328 -1.300000
4.330 -1.300000
4.332 -1.300000
4.334 -1.300000
4.336 -1.300000
4.338 -1.300000
4.340 -1.300000
4.342 -1.300000
4.344 -1.300000
4.346 -1.300000
4.348 -1.300000
4.350 -1.300000
4.352 -1.300000
4.354 -1.300000
4.356 -1.300000
4.358 -1.300000
4.360 -1.300000
4.362 -1.300000
4.364 -1.300000
4.366 -1.300000
4.368 -1.300000
4.370 -1.300000
4.372 -1.300000
4.374 -1.300000
4.376 -1.300000
4.378 -1.300000
4.380 -1.300000
4.382 -1.300000
4.384 -1.300000
4.386 -1.300000
4.388 -1.300000
4.390 -1.300000
4.392 -1.300000
4.394 -1.300000
4.396 -1.300000
4.398 -1.300000
4.400 -1.300000
4.402 -1.300000
4.404 -1.300000
4.406 -1.300000
4.408 -1.300000
4.410 -1.300000
4.412 -1.300000
4.414 -1.300000
4.416 -1.300000
4.418 -1.300000
4.420 -1.300000
4.422 -1.300000
4.424 -1.300000
4.426 -1.300000
4.428 -1.300000
4.430 -1.300000
4.432 -1.300000
4.434 -1.300000
4.436 -1.300000
4.438 -1.300000
4.440 -1.300000
4.442 -1.300000
4.444 -1.300000
4.446 -1.300000
4.448 -1.300000
4.450 -1.300000
4.452 -1.300000
4.454 -1.300000
4.456 -1.300000
4.458 -1.300000
4.460 -1.300000
4.462 -1.300000
4.464 -1.300000
4.466 -1.300000
4.468 -1.300000
4.470 -1.300000
4.472 -1.300000
4.474 -1.300000
4.476 -1.300000
4.478 -1.300000
4.480 -1.300000
4.482 -1.300000
4.484 -1.300000
4.486 -1.300000
4.488 -1.300000
4.490 -1.300000
4.492 -1.300000
4.494 -1.300000
4.496 -1.300000
4.498 -1.300000
4.500 -1.300000
4.502 -1.300000
4.504 -1.300000
4.506 -1.300000
4.508 -1.300000
4.510 -1.300000
4.512 -1.300000
4.514 -1.300000
4.516 -1.300000
4.518 -1.300000
4.520 -1.300000
4.522 -1.300000
4.524 -1.300000
4.526 -1.300000
4.528 -1.300000
4.530 -1.300000
4.532 -1.300000
4.534 -1.300000
4.536 -1.300000
4.538 -1.300000
4.540 -1.300000
4.542 -1.300000
4.544 -1.300000
4.546 -1.300000
4.548 -1.300000
4.550 -1.300000
4.552 -1.300000
4.554 -1.300000
4.556 -1.300000
4.558 -1.300000
4.560 -1.300000
4.562 -1.300000
4.564 -1.300000
4.566 -1.300000
4.568 -1.300000
4.570 -1.300000
4.572 -1.300000
4.574 -1.300000
4.576 -1.300000
4.578 -1.300000
4.580 -1.300000
4.582 -1.300000
4.584 -1.300000
4.586 -1.300000
4.588 -1.300000
4.590 -1.300000
4.592 -1.300000
4.594 -1.300000
4.596 -1.300000
4.598 -1.300000
4.600 -1.300000
4.602 -1.300000
4.604 -1.300000
4.606 -1.300000
4.608 -1.300000
4.610 -1.300000
4.612 -1.300000
4.614 -1.300000
4.616 -1.300000
4.618 -1.300000
4.620 -1.300000
4.622 -1.300000
4.624 -1.300000
4.626 -1.300000
4.628 -1.300000
4.630 -1.300000
4.632 -1.300000
4.634 -1.300000
4.636 -1.300000
4.638 -1.300000
4.640 -1.300000
4.642 -1.300000
4.644 -1.300000
4.646 -1.300000
4.648 -1.300000
4.650 -1.300000
4.652 -1.300000
4.654 -1.300000
4.656 -1.300000
4.658 -1.300000
4.660 -1.300000
4.662 -1.300000
4.664 -1.300000
4.666 -1.300000
4.668 -1.300000
4.670 -1.300000
4.672 -1.300000
4.674 -1.300000
4.676 -1.300000
4.678 -1.300000
4.680 -1.300000
4.682 -1.300000
4.684 -1.300000
4.686 -1.300000
4.688 -1.300000
4.690 -1.300000
4.692 -1.300000
4.694 -1.300000
4.696 -1.300000
4.698 -1.300000
4.700 -1.300000
4.702 -1.300000
4.704 -1.300000
4.706 -1.300000
4.708 -1.300000
4.710 -1.300000
4.712 -1.300000
4.714 -1.300000
4.716 -1.300000
4.718 -1.300000
4.720 -1.300000
4.722 -1.300000
4.724 -1.300000
4.726 -1.300000
4.728 -1.300000
4.730 -1.300000
4.732 -1.300000
4.734 -1.300000
4.736 -1.300000
4.738 -1.300000
4.740 -1.300000
4.742 -1.300000
4.744 -1.300000
4.746 -1.300000
4.748 -1.300000
4.750 -1.300000
4.752 -1.300000
4.754 -1.300000
4.756 -1.300000
4.758 -1.300000
4.760 -1.300000
4.762 -1.300000
4.764 -1.300000
4.766 -1.300000
4.768 -1.300000
4.770 -1.300000
4.772 -1.300000
4.774 -1.300000
4.776 -1.300000
4.778 -1.300000
4.780 -1.300000
4.782 -1.300000
4.784 -1.300000
4.786 -1.300000
4.788 -1.300000
4.790 -1.300000
4.792 -1.300000
4.794 -1.300000
4.796 -1.300000
4.798 -1.300000
4.800 -1.300000
4.802 -1.300000
4.804 -1.300000
4.806 -1.300000
4.808 -1.300000
4.810 -1.300000
4.812 -1.300000
4.814 -1.300000
4.816 -1.300000
4.818 -1.300000
4.820 -1.300000
4.822 -1.300000
4.824 -1.300000
4.826 -1.300000
4.828 -1.300000
4.830 -1.300000
4.832 -1.300000
4.834 -1.300000
4.836 -1.300000
4.838 -1.300000
4.840 -1.300000
4.842 -1.300000
4.844 -1.300000
4.846 -1.300000
4.848 -1.300000
4.850 -1.300000
4.852 -1.300000
4.854 -1.300000
4.856 -1.300000
4.858 -1.300000
4.860 -1.300000
4.862 -1.300000
4.864 -1.300000
4.866 -1.300000
4.868 -1.300000
4.870 -1.300000
4.872 -1.300000
4.874 -1.300000
4.876 -1.300000
4.878 -1.300000
4.880 -1.300000
4.882 -1.300000
4.884 -1.300000
4.886 -1.300000
4.888 -1.300000
4.890 -1.300000
4.892 -1.300000
4.894 -1.300000
4.896 -1.300000
4.898 -1.300000
4.900 -1.300000
4.902 -1.300000
4.904 -1.300000
4.906 -1.300000
4.908 -1.300000
4.910 -1.300000
4.912 -1.300000
4.914 -1.300000
4.916 -1.300000
4.918 -1.300000
4.920 -1.300000
4.922 -1.300000
4.924 -1.300000
4.926 -1.300000
4.928 -1.300000
4.930 -1.300000
4.932 -1.300000
4.934 -1.300000
4.936 -1.300000
4.938 -1.300000
4.940 -1.300000
4.942 -1.300000
4.944 -1.300000
4.946 -1.300000
4.948 -1.300000
4.950 -1.300000
4.952 -1.300000
4.954 -1.300000
4.956 -1.300000
4.958 -1.300000
4.960 -1.300000
4.962 -1.300000
4.964 -1.300000
4.966 -1.300000
4.968 -1.300000
4.970 -1.300000
4.972 -1.300000
4.974 -1.300000
4.976 -1.300000
4.978 -1.300000
4.980 -1.300000
4.982 -1.300000
4.984 -1.300000
4.986 -1.300000
4.988 -1.300000
4.990 -1.300000
4.992 -1.300000
4.994 -1.300000
4.996 -1.300000
4.998 -1.300000
5.000 -1.300000
5.002 -1.300000
5.004 -1.300000
5.006 -1.300000
5.008 -1.300000
5.010 -1.300000
5.012 -1.300000
5.014 -1.300000
5.016 -1.300000
5.018 -1.300000
5.020 -1.300000
5.022 -1.300000
5.024 -1.300000
5.026 -1.300000
5.028 -1.300000
5.030 -1.300000
5.032 -1.300000
5.034 -1.300000
5.036 -1.300000
5.038 -1.300000
5.040 -1.300000
5.042 -1.300000
5.044 -1.300000
5.046 -1.300000
5.048 -1.300000
5.050 -1.300000
5.052 -1.300000
5.054 -1.300000
5.056 -1.300000
5.058 -1.300000
5.060 -1.300000
5.062 -1.300000
5.064 -1.300000
5.066 -1.300000
5.068 -1.300000
5.070 -1.300000
5.072 -1.300000
5.074 -1.300000
5.076 -1.300000
5.078 -1.300000
5.080 -1.300000
5.082 -1.300000
5.084 -1.300000
5.086 -1.300000
5.088 -1.300000
5.090 -1.300000
5.092 -1.300000
5.094 -1.300000
5.096 -1.300000
5.098 -1.300000
5.100 -1.300000
5.102 -1.300000
5.104 -1.300000
5.106 -1.300000
5.108 -1.300000
5.110 -1.300000
5.112 -1.300000
5.114 -1.300000
5.116 -1.300000
5.118 -1.300000
5.120 -1.300000
5.122 -1.300000
5.124 -1.300000
5.126 -1.300000
5.128 -1.300000
5.130 -1.300000
5.132 -1.300000
5.134 -1.300000
5.136 -1.300000
5.138 -1.300000
5.140 -1.300000
5.142 -1.300000
5.144 -1.300000
5.146 -1.300000
5.148 -1.300000
5.150 -1.300000
5.152 -1.300000
5.154 -1.300000
5.156 -1.300000
5.158 -1.300000
5.160 -1.300000
5.162 -1.300000
5.164 -1.300000
5.166 -1.300000
5.168 -1.300000
5.170 -1.300000
5.172 -1.300000
5.174 -1.300000
5.176 -1.300000
5.178 -1.300000
5.180 -1.300000
5.182 -1.300000
5.184 -1.300000
5.186 -1.300000
5.188 -1.300000
5.190 -1.300000
5.192 -1.300000
5.194 -1.300000
5.196 -1.300000
5.198 -1.300000
5.200 -1.300000
5.202 -1.300000
5.204 -1.300000
5.206 -1.300000
5.208 -1.300000
5.210 -1.300000
5.212 -1.300000
5.214 -1.300000
5.216 -1.300000
5.218 -1.300000
5.220 -1.300000
5.222 -1.300000
5.224 -1.300000
5.226 -1.300000
5.228 -1.300000
5.230 -1.300000
5.232 -1.300000
5.234 -1.300000
5.236 -1.300000
5.238 -1.300000
5.240 -1.300000
5.242 -1.300000
5.244 -1.300000
5.246 -1.300000
5.248 -1.300000
5.250 -1.300000
5.252 -1.300000
5.254 -1.300000
5.256 -1.300000
5.258 -1.300000
5.260 -1.300000
5.262 -1.300000
5.264 -1.300000
5.266 -1.300000
5.268 -1.300000
5.270 -1.300000
5.272 -1.300000
5.274 -1.300000
5.276 -1.300000
5.278 -1.300000
5.280 -1.300000
5.282 -1.300000
5.284 -1.300000
5.286 -1.300000
5.288 -1.300000
5.290 -1.300000
5.292 -1.300000
5.294 -1.300000
5.296 -1.300000
5.298 -1.300000
5.300 -1.300000
5.302 -1.300000
5.304 -1.300000
5.306 -1.300000
5.308 -1.300000
5.310 -1.300000
5.312 -1.300000
5.314 -1.300000
5.316 -1.300000
5.318 -1.300000
5.320 -1.300000
5.322 -1.300000
5.324 -1.300000
5.326 -1.300000
5.328 -1.300000
5.330 -1.300000
5.332 -1.300000
5.334 -1.300000
5.336 -1.300000
5.338 -1.300000
5.340 -1.300000
5.342 -1.300000
5.344 -1.300000
5.346 -1.300000
5.348 -1.300000
5.350 -1.300000
5.352 -1.300000
5.354 -1.300000
5.356 -1.300000
5.358 -1.300000
5.360 -1.300000
5.362 -1.300000
5.364 -1.300000
5.366 -1.300000
5.368 -1.300000
5.370 -1.300000
5.372 -1.300000
5.374 -1.300000
5.376 -1.300000
5.378 -1.300000
5.380 -1.300000
5.382 -1.300000
5.384 -1.300000
5.386 -1.300000
5.388 -1.300000
5.390 -1.300000
5.392 -1.300000
5.394 -1.300000
5.396 -1.300000
5.398 -1.300000
5.400 -1.300000
5.402 -1.300000
5.404 -1.300000
5.406 -1.300000
5.408 -1.300000
5.410 -1.300000
5.412 -1.300000
5.414 -1.300000
5.416 -1.300000
5.418 -1.300000
5.420 -1.300000
5.422 -1.300000
5.424 -1.300000
5.426 -1.300000
5.428 -1.300000
5.430 -1.300000
5.432 -1.300000
5.434 -1.300000
5.436 -1.300000
5.438 -1.300000
5.440 -1.300000
5.442 -1.300000
5.444 -1.300000
5.446 -1.300000
5.448 -1.300000
5.450 -1.300000
5.452 -1.300000
5.454 -1.300000
5.456 -1.300000
5.458 -1.300000
5.460 -1.300000
5.462 -1.300000
5.464 -1.300000
5.466 -1.300000
5.468 -1.300000
5.470 -1.300000
5.472 -1.300000
5.474 -1.300000
5.476 -1.300000
5.478 -1.300000
5.480 -1.300000
5.482 -1.300000
5.484 -1.300000
5.486 -1.300000
5.488 -1.300000
5.490 -1.300000
5.492 -1.300000
5.494 -1.300000
5.496 -1.300000
5.498 -1.300000
5.500 -1.300000
5.502 -1.300000
5.504 -1.300000
5.506 -1.300000
5.508 -1.300000
5.510 -1.300000
5.512 -1.300000
5.514 -1.300000
5.516 -1.300000
5.518 -1.300000
5.520 -1.300000
5.522 -1.300000
5.524 -1.300000
5.526 -1.300000
5.528 -1.300000
5.530 -1.300000
5.532 -1.300000
5.534 -1.300000
5.536 -1.300000
5.538 -1.300000
5.540 -1.300000
5.542 -1.300000
5.544 -1.300000
5.546 -1.300000
5.548 -1.300000
5.550 -1.300000
5.552 -1.300000
5.554 -1.300000
5.556 -1.300000
5.558 -1.300000
5.560 -1.300000
5.562 -1.300000
5.564 -1.300000
5.566 -1.300000
5.568 -1.300000
5.570 -1.300000
5.572 -1.300000
5.574 -1.300000
5.576 -1.300000
5.578 -1.300000
5.580 -1.300000
5.582 -1.300000
5.584 -1.300000
5.586 -1.300000
5.588 -1.300000
5.590 -1.300000
5.592 -1.300000
5.594 -1.300000
5.596 -1.300000
5.598 -1.300000
5.600 -1.300000
5.602 -1.300000
5.604 -1.300000
5.606 -1.300000
5.608 -1.300000
5.610 -1.300000
5.612 -1.300000
5.614 -1.300000
5.616 -1.300000
5.618 -1.300000
5.620 -1.300000
5.622 -1.300000
5.624 -1.300000
5.626 -1.300000
5.628 -1.300000
5.630 -1.300000
5.632 -1.300000
5.634 -1.300000
5.636 -1.300000
5.638 -1.300000
5.640 -1.300000
5.642 -1.300000
5.644 -1.300000
5.646 -1.300000
5.648 -1.300000
5.650 -1.300000
5.652 -1.300000
5.654 -1.300000
5.656 -1.300000
5.658 -1.300000
5.660 -1.300000
5.662 -1.300000
5.664 -1.300000
5.666 -1.300000
5.668 -1.300000
5.670 -1.300000
5.672 -1.300000
5.674 -1.300000
5.676 -1.300000
5.678 -1.300000
5.680 -1.300000
5.682 -1.300000
5.684 -1.300000
5.686 -1.300000
5.688 -1.300000
5.690 -1.300000
5.692 -1.300000
5.694 -1.300000
5.696 -1.300000
5.698 -1.300000
5.700 -1.300000
5.702 -1.300000
5.704 -1.300000
5.706 -1.300000
5.708 -1.300000
5.710 -1.300000
5.712 -1.300000
5.714 -1.300000
5.716 -1.300000
5.718 -1.300000
5.720 -1.300000
5.722 -1.300000
5.724 -1.300000
5.726 -1.300000
5.728 -1.300000
5.730 -1.300000
5.732 -1.300000
5.734 -1.300000
5.736 -1.300000
5.738 -1.300000
5.740 -1.300000
5.742 -1.300000
5.744 -1.300000
5.746 -1.300000
5.748 -1.300000
5.750 -1.300000
5.752 -1.300000
5.754 -1.300000
5.756 -1.300000
5.758 -1.300000
5.760 -1.300000
5.762 -1.300000
5.764 -1.300000
5.766 -1.300000
5.768 -1.300000
5.770 -1.300000
5.772 -1.300000
5.774 -1.300000
5.776 -1.300000
5.778 -1.300000
5.780 -1.300000
5.782 -1.300000
5.784 -1.300000
5.786 -1.300000
5.788 -1.300000
5.790 -1.300000
5.792 -1.300000
5.794 -1.300000
5.796 -1.300000
5.798 -1.300000
5.800 -1.300000
5.802 -1.300000
5.804 -1.300000
5.806 -1.300000
5.808 -1.300000
5.810 -1.300000
5.812 -1.300000
5.814 -1.300000
5.816 -1.300000
5.818 -1.300000
5.820 -1.300000
5.822 -1.300000
5.824 -1.300000
5.826 -1.300000
5.828 -1.300000
5.830 -1.300000
5.832 -1.300000
5.834 -1.300000
5.836 -1.300000
5.838 -1.300000
5.840 -1.300000
5.842 -1.300000
5.844 -1.300000
5.846 -1.300000
5.848 -1.300000
5.850 -1.300000
5.852 -1.300000
5.854 -1.300000
5.856 -1.300000
5.858 -1.300000
5.860 -1.300000
5.862 -1.300000
5.864 -1.300000
5.866 -1.300000
5.868 -1.300000
5.870 -1.300000
5.872 -1.300000
5.874 -1.300000
5.876 -1.300000
5.878 -1.300000
5.880 -1.300000
5.882 -1.300000
5.884 -1.300000
5.886 -1.300000
5.888 -1.300000
5.890 -1.300000
5.892 -1.300000
5.894 -1.300000
5.896 -1.300000
5.898 -1.300000
5.900 -1.300000
5.902 -1.300000
5.904 -1.300000
5.906 -1.300000
5.908 -1.300000
5.910 -1.300000
5.912 -1.300000
5.914 -1.300000
5.916 -1.300000
5.918 -1.300000
5.920 -1.300000
5.922 -1.300000
5.924 -1.300000
5.926 -1.300000
5.928 -1.300000
5.930 -1.300000
5.932 -1.300000
5.934 -1.300000
5.936 -1.300000
5.938 -1.300000
5.940 -1.300000
5.942 -1.300000
5.944 -1.300000
5.946 -1.300000
5.948 -1.300000
5.950 -1.300000
5.952 -1.300000
5.954 -1.300000
5.956 -1.300000
5.958 -1.300000
5.960 -1.300000
5.962 -1.300000
5.964 -1.300000
5.966 -1.300000
5.968 -1.300000
5.970 -1.300000
5.972 -1.300000
5.974 -1.300000
5.976 -1.300000
5.978 -1.300000
5.980 -1.300000
5.982 -1.300000
5.984 -1.300000
5.986 -1.300000
5.988 -1.300000
5.990 -1.300000
5.992 -1.300000
5.994 -1.300000
5.996 -1.300000
5.998 -1.300000
6.000 -1.300000
6.002 -1.300000
6.004 -1.300000
6.006 -1.300000
6.008 -1.300000
6.010 -1.300000
6.012 -1.300000
6.014 -1.300000
6.016 -1.300000
6.018 -1.300000
6.020 -1.300000
6.022 -1.300000
6.024 -1.300000
6.026 -1.300000
6.028 -1.300000
6.030 -1.300000
6.032 -1.300000
6.034 -1.300000
6.036 -1.300000
6.038 -1.300000
6.040 -1.300000
6.042 -1.300000
6.044 -1.300000
6.046 -1.300000
6.048 -1.300000
6.050 -1.300000
6.052 -1.300000
6.054 -1.300000
6.056 -1.300000
6.058 -1.300000
6.060 -1.300000
6.062 -1.300000
6.064 -1.300000
6.066 -1.300000
6.068 -1.300000
6.070 -1.300000
6.072 -1.300000
6.074 -1.300000
6.076 -1.300000
6.078 -1.300000
6.080 -1.300000
6.082 -1.300000
6.084 -1.300000
6.086 -1.300000
6.088 -1.300000
6.090 -1.300000
6.092 -1.300000
6.094 -1.300000
6.096 -1.300000
6.098 -1.300000
6.100 -1.300000
6.102 -1.300000
6.104 -1.300000
6.106 -1.300000
6.108 -1.300000
6.110 -1.300000
6.112 -1.300000
6.114 -1.300000
6.116 -1.300000
6.118 -1.300000
6.120 -1.300000
6.122 -1.300000
6.124 -1.300000
6.126 -1.300000
6.128 -1.300000
6.130 -1.300000
6.132 -1.300000
6.134 -1.300000
6.136 -1.300000
6.138 -1.300000
6.140 -1.300000
6.142 -1.300000
6.144 -1.300000
6.146 -1.300000
6.148 -1.300000
6.150 -1.300000
6.152 -1.300000
6.154 -1.300000
6.156 -1.300000
6.158 -1.300000
6.160 -1.300000
6.162 -1.300000
6.164 -1.300000
6.166 -1.300000
6.168 -1.300000
6.170 -1.300000
6.172 -1.300000
6.174 -1.300000
6.176 -1.300000
6.178 -1.300000
6.180 -1.300000
6.182 -1.300000
6.184 -1.300000
6.186 -1.300000
6.188 -1.300000
6.190 -1.300000
6.192 -1.300000
6.194 -1.300000
6.196 -1.300000
6.198 -1.300000
6.200 -1.300000
6.202 -1.300000
6.204 -1.300000
6.206 -1.300000
6.208 -1.300000
6.210 -1.300000
6.212 -1.300000
6.214 -1.300000
6.216 -1.300000
6.218 -1.300000
6.220 -1.300000
6.222 -1.300000
6.224 -1.300000
6.226 -1.300000
6.228 -1.300000
6.230 -1.300000
6.232 -1.300000
6.234 -1.300000
6.236 -1.300000
6.238 -1.300000
6.240 -1.300000
6.242 -1.300000
6.244 -1.300000
6.246 -1.300000
6.248 -1.300000
6.250 -1.300000
6.252 -1.300000
6.254 -1.300000
6.256 -1.300000
6.258 -1.300000
6.260 -1.300000
6.262 -1.300000
6.264 -1.300000
6.266 -1.300000
6.268 -1.300000
6.270 -1.300000
6.272 -1.300000
6.274 -1.300000
6.276 -1.300000
6.278 -1.300000
6.280 -1.300000
6.282 -1.300000
6.284 -1.300000
6.286 -1.300000
6.288 -1.300000
6.290 -1.300000
6.292 -1.300000
6.294 -1.300000
6.296 -1.300000
6.298 -1.300000
6.300 -1.300000
6.302 -1.300000
6.304 -1.300000
6.306 -1.300000
6.308 -1.300000
6.310 -1.300000
6.312 -1.300000
6.314 -1.300000
6.316 -1.300000
6.318 -1.300000
6.320 -1.300000
6.322 -1.300000
6.324 -1.300000
6.326 -1.300000
6.328 -1.300000
6.330 -1.300000
6.332 -1.300000
6.334 -1.300000
6.336 -1.300000
6.338 -1.300000
6.340 -1.300000
6.342 -1.300000
6.344 -1.300000
6.346 -1.300000
6.348 -1.300000
6.350 -1.300000
6.352 -1.300000
6.354 -1.300000
6.356 -1.300000
6.358 -1.300000
6.360 -1.300000
6.362 -1.300000
6.364 -1.300000
6.366 -1.300000
6.368 -1.300000
6.370 -1.300000
6.372 -1.300000
6.374 -1.300000
6.376 -1.300000
6.378 -1.300000
6.380 -1.300000
6.382 -1.300000
6.384 -1.300000
6.386 -1.300000
6.388 -1.300000
6.390 -1.300000
6.392 -1.300000
6.394 -1.300000
6.396 -1.300000
6.398 -1.300000
6.400 -1.300000
6.402 -1.300000
6.404 -1.300000
6.406 -1.300000
6.408 -1.300000
6.410 -1.300000
6.412 -1.300000
6.414 -1.300000
6.416 -1.300000
6.418 -1.300000
6.420 -1.300000
6.422 -1.300000
6.424 -1.300000
6.426 -1.300000
6.428 -1.300000
6.430 -1.300000
6.432 -1.300000
6.434 -1.300000
6.436 -1.300000
6.438 -1.300000
6.440 -1.300000
6.442 -1.300000
6.444 -1.300000
6.446 -1.300000
6.448 -1.300000
6.450 -1.300000
6.452 -1.300000
6.454 -1.300000
6.456 -1.300000
6.458 -1.300000
6.460 -1.300000
6.462 -1.300000
6.464 -1.300000
6.466 -1.300000
6.468 -1.300000
6.470 -1.300000
6.472 -1.300000
6.474 -1.300000
6.476 -1.300000
6.478 -1.300000
6.480 -1.300000
6.482 -1.300000
6.484 -1.300000
6.486 -1.300000
6.488 -1.300000
6.490 -1.300000
6.492 -1.300000
6.494 -1.300000
6.496 -1.300000
6.498 -1.300000
6.500 -1.300000
6.502 -1.300000
6.504 -1.300000
6.506 -1.300000
6.508 -1.300000
6.510 -1.300000
6.512 -1.300000
6.514 -1.300000
6.516 -1.300000
6.518 -1.300000
6.520 -1.300000
6.522 -1.300000
6.524 -1.300000
6.526 -1.300000
6.528 -1.300000
6.530 -1.300000
6.532 -1.300000
6.534 -1.300000
6.536 -1.300000
6.538 -1.300000
6.540 -1.300000
6.542 -1.300000
6.544 -1.300000
6.546 -1.300000
6.548 -1.300000
6.550 -1.300000
6.552 -1.300000
6.554 -1.300000
6.556 -1.300000
6.558 -1.300000
6.560 -1.300000
6.562 -1.300000
6.564 -1.300000
6.566 -1.300000
6.568 -1.300000
6.570 -1.300000
6.572 -1.300000
6.574 -1.300000
6.576 -1.300000
6.578 -1.300000
6.580 -1.300000
6.582 -1.300000
6.584 -1.300000
6.586 -1.300000
6.588 -1.300000
6.590 -1.300000
6.592 -1.300000
6.594 -1.300000
6.596 -1.300000
6.598 -1.300000
6.600 -1.300000
6.602 -1.300000
6.604 -1.300000
6.606 -1.300000
6.608 -1.300000
6.610 -1.300000
6.612 -1.300000
6.614 -1.300000
6.616 -1.300000
6.618 -1.300000
6.620 -1.300000
6.622 -1.300000
6.624 -1.300000
6.626 -1.300000
6.628 -1.300000
6.630 -1.300000
6.632 -1.300000
6.634 -1.300000
6.636 -1.300000
6.638 -1.300000
6.640 -1.300000
6.642 -1.300000
6.644 -1.300000
6.646 -1.300000
6.648 -1.300000
6.650 -1.300000
6.652 -1.300000
6.654 -1.300000
6.656 -1.300000
6.658 -1.300000
6.660 -1.300000
6.662 -1.300000
6.664 -1.300000
6.666 -1.300000
6.668 -1.300000
6.670 -1.300000
6.672 -1.300000
6.674 -1.300000
6.676 -1.300000
6.678 -1.300000
6.680 -1.300000
6.682 -1.300000
6.684 -1.300000
6.686 -1.300000
6.688 -1.300000
6.690 -1.300000
6.692 -1.300000
6.694 -1.300000
6.696 -1.300000
6.698 -1.300000
6.700 -1.300000
6.702 -1.300000
6.704 -1.300000
6.706 -1.300000
6.708 -1.300000
6.710 -1.300000
6.712 -1.300000
6.714 -1.300000
6.716 -1.300000
6.718 -1.300000
6.720 -1.300000
6.722 -1.300000
6.724 -1.300000
6.726 -1.300000
6.728 -1.300000
6.730 -1.300000
6.732 -1.300000
6.734 -1.300000
6.736 -1.300000
6.738 -1.300000
6.740 -1.300000
6.742 -1.300000
6.744 -1.300000
6.746 -1.300000
6.748 -1.300000
6.750 -1.300000
6.752 -1.300000
6.754 -1.300000
6.756 -1.300000
6.758 -1.300000
6.760 -1.300000
6.762 -1.300000
6.764 -1.300000
6.766 -1.300000
6.768 -1.300000
6.770 -1.300000
6.772 -1.300000
6.774 -1.300000
6.776 -1.300000
6.778 -1.300000
6.780 -1.300000
6.782 -1.300000
6.784 -1.300000
6.786 -1.300000
6.788 -1.300000
6.790 -1.300000
6.792 -1.300000
6.794 -1.300000
6.796 -1.300000
6.798 -1.300000
6.800 -1.300000
6.802 -1.300000
6.804 -1.300000
6.806 -1.300000
6.808 -1.300000
6.810 -1.300000
6.812 -1.300000
6.814 -1.300000
6.816 -1.300000
6.818 -1.300000
6.820 -1.300000
6.822 -1.300000
6.824 -1.300000
6.826 -1.300000
6.828 -1.300000
6.830 -1.300000
6.832 -1.300000
6.834 -1.300000
6.836 -1.300000
6.838 -1.300000
6.840 -1.300000
6.842 -1.300000
6.844 -1.300000
6.846 -1.300000
6.848 -1.300000
6.850 -1.300000
6.852 -1.300000
6.854 -1.300000
6.856 -1.300000
6.858 -1.300000
6.860 -1.300000
6.862 -1.300000
6.864 -1.300000
6.866 -1.300000
6.868 -1.300000
6.870 -1.300000
6.872 -1.300000
6.874 -1.300000
6.876 -1.300000
6.878 -1.300000
6.880 -1.300000
6.882 -1.300000
6.884 -1.300000
6.886 -1.300000
6.888 -1.300000
6.890 -1.300000
6.892 -1.300000
6.894 -1.300000
6.896 -1.300000
6.898 -1.300000
6.900 -1.300000
6.902 -1.300000
6.904 -1.300000
6.906 -1.300000
6.908 -1.300000
6.910 -1.300000
6.912 -1.300000
6.914 -1.300000
6.916 -1.300000
6.918 -1.300000
6.920 -1.300000
6.922 -1.300000
6.924 -1.300000
6.926 -1.300000
6.928 -1.300000
6.930 -1.300000
6.932 -1.300000
6.934 -1.300000
6.936 -1.300000
6.938 -1.300000
6.940 -1.300000
6.942 -1.300000
6.944 -1.300000
6.946 -1.300000
6.948 -1.300000
6.950 -1.300000
6.952 -1.300000
6.954 -1.300000
6.956 -1.300000
6.958 -1.300000
6.960 -1.300000
6.962 -1.300000
6.964 -1.300000
6.966 -1.300000
6.968 -1.300000
6.970 -1.300000
6.972 -1.300000
6.974 -1.300000
6.976 -1.300000
6.978 -1.300000
6.980 -1.300000
6.982 -1.300000
6.984 -1.300000
6.986 -1.300000
6.988 -1.300000
6.990 -1.300000
6.992 -1.300000
6.994 -1.300000
6.996 -1.300000
6.998 -1.300000
7.000 -1.300000
7.002 -1.300000
7.004 -1.300000
7.006 -1.300000
7.008 -1.300000
7.010 -1.300000
7.012 -1.300000
7.014 -1.300000
7.016 -1.300000
7.018 -1.300000
7.020 -1.300000
7.022 -1.300000
7.024 -1.300000
7.026 -1.300000
7.028 -1.300000
7.030 -1.300000
7.032 -1.300000
7.034 -1.300000
7.036 -1.300000
7.038 -1.300000
7.040 -1.300000
7.042 -1.300000
7.044 -1.300000
7.046 -1.300000
7.048 -1.300000
7.050 -1.300000
7.052 -1.300000
7.054 -1.300000
7.056 -1.300000
7.058 -1.300000
7.060 -1.300000
7.062 -1.300000
7.064 -1.300000
7.066 -1.300000
7.068 -1.300000
7.070 -1.300000
7.072 -1.300000
7.074 -1.300000
7.076 -1.300000
7.078 -1.300000
7.080 -1.300000
7.082 -1.300000
7.084 -1.300000
7.086 -1.300000
7.088 -1.300000
7.090 -1.300000
7.092 -1.300000
7.094 -1.300000
7.096 -1.300000
7.098 -1.300000
7.100 -1.300000
7.102 -1.300000
7.104 -1.300000
7.106 -1.300000
7.108 -1.300000
7.110 -1.300000
7.112 -1.300000
7.114 -1.300000
7.116 -1.300000
7.118 -1.300000
7.120 -1.300000
7.122 -1.300000
7.124 -1.300000
7.126 -1.300000
7.128 -1.300000
7.130 -1.300000
7.132 -1.300000
7.134 -1.300000
7.136 -1.300000
7.138 -1.300000
7.140 -1.300000
7.142 -1.300000
7.144 -1.300000
7.146 -1.300000
7.148 -1.300000
7.150 -1.300000
7.152 -1.300000
7.154 -1.300000
7.156 -1.300000
7.158 -1.300000
7.160 -1.300000
7.162 -1.300000
7.164 -1.300000
7.166 -1.300000
7.168 -1.300000
7.170 -1.300000
7.172 -1.300000
7.174 -1.300000
7.176 -1.300000
7.178 -1.300000
7.180 -1.300000
7.182 -1.300000
7.184 -1.300000
7.186 -1.300000
7.188 -1.300000
7.190 -1.300000
7.192 -1.300000
7.194 -1.300000
7.196 -1.300000
7.198 -1.300000
7.200 -1.300000
7.202 -1.300000
7.204 -1.300000
7.206 -1.300000
7.208 -1.300000
7.210 -1.300000
7.212 -1.300000
7.214 -1.300000
7.216 -1.300000
7.218 -1.300000
7.220 -1.300000
7.222 -1.300000
7.224 -1.300000
7.226 -1.300000
7.228 -1.300000
7.230 -1.300000
7.232 -1.300000
7.234 -1.300000
7.236 -1.300000
7.238 -1.300000
7.240 -1.300000
7.242 -1.300000
7.244 -1.300000
7.246 -1.300000
7.248 -1.300000
7.250 -1.300000
7.252 -1.300000
7.254 -1.300000
7.256 -1.300000
7.258 -1.300000
7.260 -1.300000
7.262 -1.300000
7.264 -1.300000
7.266 -1.300000
7.268 -1.300000
7.270 -1.300000
7.272 -1.300000
7.274 -1.300000
7.276 -1.300000
7.278 -1.300000
7.280 -1.300000
7.282 -1.300000
7.284 -1.300000
7.286 -1.300000
7.288 -1.300000
7.290 -1.300000
7.292 -1.300000
7.294 -1.300000
7.296 -1.300000
7.298 -1.300000
7.300 -1.300000
7.302 -1.300000
7.304 -1.300000
7.306 -1.300000
7.308 -1.300000
7.310 -1.300000
7.312 -1.300000
7.314 -1.300000
7.316 -1.300000
7.318 -1.300000
7.320 -1.300000
7.322 -1.300000
7.324 -1.300000
7.326 -1.300000
7.328 -1.300000
7.330 -1.300000
7.332 -1.300000
7.334 -1.300000
7.336 -1.300000
7.338 -1.300000
7.340 -1.300000
7.342 -1.300000
7.344 -1.300000
7.346 -1.300000
7.348 -1.300000
7.350 -1.300000
7.352 -1.300000
7.354 -1.300000
7.356 -1.300000
7.358 -1.300000
7.360 -1.300000
7.362 -1.300000
7.364 -1.300000
7.366 -1.300000
7.368 -1.300000
7.370 -1.300000
7.372 -1.300000
7.374 -1.300000
7.376 -1.300000
7.378 -1.300000
7.380 -1.300000
7.382 -1.300000
7.384 -1.300000
7.386 -1.300000
7.388 -1.300000
7.390 -1.300000
7.392 -1.300000
7.394 -1.300000
7.396 -1.300000
7.398 -1.300000
7.400 -1.300000
7.402 -1.300000
7.404 -1.300000
7.406 -1.300000
7.408 -1.300000
7.410 -1.300000
7.412 -1.300000
7.414 -1.300000
7.416 -1.300000
7.418 -1.300000
7.420 -1.300000
7.422 -1.300000
7.424 -1.300000
7.426 -1.300000
7.428 -1.300000
7.430 -1.300000
7.432 -1.300000
7.434 -1.300000
7.436 -1.300000
7.438 -1.300000
7.440 -1.300000
7.442 -1.300000
7.444 -1.300000
7.446 -1.300000
7.448 -1.300000
7.450 -1.300000
7.452 -1.300000
7.454 -1.300000
7.456 -1.300000
7.458 -1.300000
7.460 -1.300000
7.462 -1.300000
7.464 -1.300000
7.466 -1.300000
7.468 -1.300000
7.470 -1.300000
7.472 -1.300000
7.474 -1.300000
7.476 -1.300000
7.478 -1.300000
7.480 -1.300000
7.482 -1.300000
7.484 -1.300000
7.486 -1.300000
7.488 -1.300000
7.490 -1.300000
7.492 -1.300000
7.494 -1.300000
7.496 -1.300000
7.498 -1.300000
7.500 -1.300000
7.502 -1.300000
7.504 -1.300000
7.506 -1.300000
7.508 -1.300000
7.510 -1.300000
7.512 -1.300000
7.514 -1.300000
7.516 -1.300000
7.518 -1.300000
7.520 -1.300000
7.522 -1.300000
7.524 -1.300000
7.526 -1.300000
7.528 -1.300000
7.530 -1.300000
7.532 -1.300000
7.534 -1.300000
7.536 -1.300000
7.538 -1.300000
7.540 -1.300000
7.542 -1.300000
7.544 -1.300000
7.546 -1.300000
7.548 -1.300000
7.550 -1.300000
7.552 -1.300000
7.554 -1.300000
7.556 -1.300000
7.558 -1.300000
7.560 -1.300000
7.562 -1.300000
7.564 -1.300000
7.566 -1.300000
7.568 -1.300000
7.570 -1.300000
7.572 -1.300000
7.574 -1.300000
7.576 -1.300000
7.578 -1.300000
7.580 -1.300000
7.582 -1.300000
7.584 -1.300000
7.586 -1.300000
7.588 -1.300000
7.590 -1.300000
7.592 -1.300000
7.594 -1.300000
7.596 -1.300000
7.598 -1.300000
7.600 -1.300000
7.602 -1.300000
7.604 -1.300000
7.606 -1.300000
7.608 -1.300000
7.610 -1.300000
7.612 -1.300000
7.614 -1.300000
7.616 -1.300000
7.618 -1.300000
7.620 -1.300000
7.622 -1.300000
7.624 -1.300000
7.626 -1.300000
7.628 -1.300000
7.630 -1.300000
7.632 -1.300000
7.634 -1.300000
7.636 -1.300000
7.638 -1.300000
7.640 -1.300000
7.642 -1.300000
7.644 -1.300000
7.646 -1.300000
7.648 -1.300000
7.650 -1.300000
7.652 -1.300000
7.654 -1.300000
7.656 -1.300000
7.658 -1.300000
7.660 -1.300000
7.662 -1.300000
7.664 -1.300000
7.666 -1.300000
7.668 -1.300000
7.670 -1.300000
7.672 -1.300000
7.674 -1.300000
7.676 -1.300000
7.678 -1.300000
7.680 -1.300000
7.682 -1.300000
7.684 -1.300000
7.686 -1.300000
7.688 -1.300000
7.690 -1.300000
7.692 -1.300000
7.694 -1.300000
7.696 -1.300000
7.698 -1.300000
7.700 -1.300000
7.702 -1.300000
7.704 -1.300000
7.706 -1.300000
7.708 -1.300000
7.710 -1.300000
7.712 -1.300000
7.714 -1.300000
7.716 -1.300000
7.718 -1.300000
7.720 -1.300000
7.722 -1.300000
7.724 -1.300000
7.726 -1.300000
7.728 -1.300000
7.730 -1.300000
7.732 -1.300000
7.734 -1.300000
7.736 -1.300000
7.738 -1.300000
7.740 -1.300000
7.742 -1.300000
7.744 -1.300000
7.746 -1.300000
7.748 -1.300000
7.750 -1.300000
7.752 -1.300000
7.754 -1.300000
7.756 -1.300000
7.758 -1.300000
7.760 -1.300000
7.762 -1.300000
7.764 -1.300000
7.766 -1.300000
7.768 -1.300000
7.770 -1.300000
7.772 -1.300000
7.774 -1.300000
7.776 -1.300000
7.778 -1.300000
7.780 -1.300000
7.782 -1.300000
7.784 -1.300000
7.786 -1.300000
7.788 -1.300000
7.790 -1.300000
7.792 -1.300000
7.794 -1.300000
7.796 -1.300000
7.798 -1.300000
7.800 -1.300000
7.802 -1.300000
7.804 -1.300000
7.806 -1.300000
7.808 -1.300000
7.810 -1.300000
7.812 -1.300000
7.814 -1.300000
7.816 -1.300000
7.818 -1.300000
7.820 -1.300000
7.822 -1.300000
7.824 -1.300000
7.826 -1.300000
7.828 -1.300000
7.830 -1.300000
7.832 -1.300000
7.834 -1.300000
7.836 -1.300000
7.838 -1.300000
7.840 -1.300000
7.842 -1.300000
7.844 -1.300000
7.846 -1.300000
7.848 -1.300000
7.850 -1.300000
7.852 -1.300000
7.854 -1.300000
7.856 -1.300000
7.858 -1.300000
7.860 -1.300000
7.862 -1.300000
7.864 -1.300000
7.866 -1.300000
7.868 -1.300000
7.870 -1.300000
7.872 -1.300000
7.874 -1.300000
7.876 -1.300000
7.878 -1.300000
7.880 -1.300000
7.882 -1.300000
7.884 -1.300000
7.886 -1.300000
7.888 -1.300000
7.890 -1.300000
7.892 -1.300000
7.894 -1.300000
7.896 -1.300000
7.898 -1.300000
7.900 -1.300000
7.902 -1.300000
7.904 -1.300000
7.906 -1.300000
7.908 -1.300000
7.910 -1.300000
7.912 -1.300000
7.914 -1.300000
7.916 -1.300000
7.918 -1.300000
7.920 -1.300000
7.922 -1.300000
7.924 -1.300000
7.926 -1.300000
7.928 -1.300000
7.930 -1.300000
7.932 -1.300000
7.934 -1.300000
7.936 -1.300000
7.938 -1.300000
7.940 -1.300000
7.942 -1.300000
7.944 -1.300000
7.946 -1.300000
7.948 -1.300000
7.950 -1.300000
7.952 -1.300000
7.954 -1.300000
7.956 -1.300000
7.958 -1.300000
7.960 -1.300000
7.962 -1.300000
7.964 -1.300000
7.966 -1.300000
7.968 -1.300000
7.970 -1.300000
7.972 -1.300000
7.974 -1.300000
7.976 -1.300000
7.978 -1.300000
7.980 -1.300000
7.982 -1.300000
7.984 -1.300000
7.986 -1.300000
7.988 -1.300000
7.990 -1.300000
7.992 -1.300000
7.994 -1.300000
7.996 -1.300000
7.998 -1.300000
8.000 -1.300000
8.002 -1.300000
8.004 -1.300000
8.006 -1.300000
8.008 -1.300000
8.010 -1.300000
8.012 -1.300000
8.014 -1.300000
8.016 -1.300000
8.018 -1.300000
8.020 -1.300000
8.022 -1.300000
8.024 -1.300000
8.026 -1.300000
8.028 -1.300000
8.030 -1.300000
8.032 -1.300000
8.034 -1.300000
8.036 -1.300000
8.038 -1.300000
8.040 -1.300000
8.042 -1.300000
8.044 -1.300000
8.046 -1.300000
8.048 -1.300000
8.050 -1.300000
8.052 -1.300000
8.054 -1.300000
8.056 -1.300000
8.058 -1.300000
8.060 -1.300000
8.062 -1.300000
8.064 -1.300000
8.066 -1.300000
8.068 -1.300000
8.070 -1.300000
8.072 -1.300000
8.074 -1.300000
8.076 -1.300000
8.078 -1.300000
8.080 -1.300000
8.082 -1.300000
8.084 -1.300000
8.086 -1.300000
8.088 -1.300000
8.090 -1.300000
8.092 -1.300000
8.094 -1.300000
8.096 -1.300000
8.098 -1.300000
8.100 -1.300000
8.102 -1.300000
8.104 -1.300000
8.106 -1.300000
8.108 -1.300000
8.110 -1.300000
8.112 -1.300000
8.114 -1.300000
8.116 -1.300000
8.118 -1.300000
8.120 -1.300000
8.122 -1.300000
8.124 -1.300000
8.126 -1.300000
8.128 -1.300000
8.130 -1.300000
8.132 -1.300000
8.134 -1.300000
8.136 -1.300000
8.138 -1.300000
8.140 -1.300000
8.142 -1.300000
8.144 -1.300000
8.146 -1.300000
8.148 -1.300000
8.150 -1.300000
8.152 -1.300000
8.154 -1.300000
8.156 -1.300000
8.158 -1.300000
8.160 -1.300000
8.162 -1.300000
8.164 -1.300000
8.166 -1.300000
8.168 -1.300000
8.170 -1.300000
8.172 -1.300000
8.174 -1.300000
8.176 -1.300000
8.178 -1.300000
8.180 -1.300000
8.182 -1.300000
8.184 -1.300000
8.186 -1.300000
8.188 -1.300000
8.190 -1.300000
8.192 -1.300000
8.194 -1.300000
8.196 -1.300000
8.198 -1.300000
8.200 -1.300000
8.202 -1.300000
8.204 -1.300000
8.206 -1.300000
8.208 -1.300000
8.210 -1.300000
8.212 -1.300000
8.214 -1.300000
8.216 -1.300000
8.218 -1.300000
8.220 -1.300000
8.222 -1.300000
8.224 -1.300000
8.226 -1.300000
8.228 -1.300000
8.230 -1.300000
8.232 -1.300000
8.234 -1.300000
8.236 -1.300000
8.238 -1.300000
8.240 -1.300000
8.242 -1.300000
8.244 -1.300000
8.246 -1.300000
8.248 -1.300000
8.250 -1.300000
8.252 -1.300000
8.254 -1.300000
8.256 -1.300000
8.258 -1.300000
8.260 -1.300000
8.262 -1.300000
8.264 -1.300000
8.266 -1.300000
8.268 -1.300000
8.270 -1.300000
8.272 -1.300000
8.274 -1.300000
8.276 -1.300000
8.278 -1.300000
8.280 -1.300000
8.282 -1.300000
8.284 -1.300000
8.286 -1.300000
8.288 -1.300000
8.290 -1.300000
8.292 -1.300000
8.294 -1.300000
8.296 -1.300000
8.298 -1.300000
8.300 -1.300000
8.302 -1.300000
8.304 -1.300000
8.306 -1.300000
8.308 -1.300000
8.310 -1.300000
8.312 -1.300000
8.314 -1.300000
8.316 -1.300000
8.318 -1.300000
8.320 -1.300000
8.322 -1.300000
8.324 -1.300000
8.326 -1.300000
8.328 -1.300000
8.330 -1.300000
8.332 -1.300000
8.334 -1.300000
8.336 -1.300000
8.338 -1.300000
8.340 -1.300000
8.342 -1.300000
8.344 -1.300000
8.346 -1.300000
8.348 -1.300000
8.350 -1.300000
8.352 -1.300000
8.354 -1.300000
8.356 -1.300000
8.358 -1.300000
8.360 -1.300000
8.362 -1.300000
8.364 -1.300000
8.366 -1.300000
8.368 -1.300000
8.370 -1.300000
8.372 -1.300000
8.374 -1.300000
8.376 -1.300000
8.378 -1.300000
8.380 -1.300000
8.382 -1.300000
8.384 -1.300000
8.386 -1.300000
8.388 -1.300000
8.390 -1.300000
8.392 -1.300000
8.394 -1.300000
8.396 -1.300000
8.398 -1.300000
8.400 -1.300000
8.402 -1.300000
8.404 -1.300000
8.406 -1.300000
8.408 -1.300000
8.410 -1.300000
8.412 -1.300000
8.414 -1.300000
8.416 -1.300000
8.418 -1.300000
8.420 -1.300000
8.422 -1.300000
8.424 -1.300000
8.426 -1.300000
8.428 -1.300000
8.430 -1.300000
8.432 -1.300000
8.434 -1.300000
8.436 -1.300000
8.438 -1.300000
8.440 -1.300000
8.442 -1.300000
8.444 -1.300000
8.446 -1.300000
8.448 -1.300000
8.450 -1.300000
8.452 -1.300000
8.454 -1.300000
8.456 -1.300000
8.458 -1.300000
8.460 -1.300000
8.462 -1.300000
8.464 -1.300000
8.466 -1.300000
8.468 -1.300000
8.470 -1.300000
8.472 -1.300000
8.474 -1.300000
8.476 -1.300000
8.478 -1.300000
8.480 -1.300000
8.482 -1.300000
8.484 -1.300000
8.486 -1.300000
8.488 -1.300000
8.490 -1.300000
8.492 -1.300000
8.494 -1.300000
8.496 -1.300000
8.498 -1.300000
8.500 -1.300000
8.502 -1.300000
8.504 -1.300000
8.506 -1.300000
8.508 -1.300000
8.510 -1.300000
8.512 -1.300000
8.514 -1.300000
8.516 -1.300000
8.518 -1.300000
8.520 -1.300000
8.522 -1.300000
8.524 -1.300000
8.526 -1.300000
8.528 -1.300000
8.530 -1.300000
8.532 -1.300000
8.534 -1.300000
8.536 -1.300000
8.538 -1.300000
8.540 -1.300000
8.542 -1.300000
8.544 -1.300000
8.546 -1.300000
8.548 -1.300000
8.550 -1.300000
8.552 -1.300000
8.554 -1.300000
8.556 -1.300000
8.558 -1.300000
8.560 -1.300000
8.562 -1.300000
8.564 -1.300000
8.566 -1.300000
8.568 -1.300000
8.570 -1.300000
8.572 -1.300000
8.574 -1.300000
8.576 -1.300000
8.578 -1.300000
8.580 -1.300000
8.582 -1.300000
8.584 -1.300000
8.586 -1.300000
8.588 -1.300000
8.590 -1.300000
8.592 -1.300000
8.594 -1.300000
8.596 -1.300000
8.598 -1.300000
8.600 -1.300000
8.602 -1.300000
8.604 -1.300000
8.606 -1.300000
8.608 -1.300000
8.610 -1.300000
8.612 -1.300000
8.614 -1.300000
8.616 -1.300000
8.618 -1.300000
8.620 -1.300000
8.622 -1.300000
8.624 -1.300000
8.626 -1.300000
8.628 -1.300000
8.630 -1.300000
8.632 -1.300000
8.634 -1.300000
8.636 -1.300000
8.638 -1.300000
8.640 -1.300000
8.642 -1.300000
8.644 -1.300000
8.646 -1.300000
8.648 -1.300000
8.650 -1.300000
8.652 -1.300000
8.654 -1.300000
8.656 -1.300000
8.658 -1.300000
8.660 -1.300000
8.662 -1.300000
8.664 -1.300000
8.666 -1.300000
8.668 -1.300000
8.670 -1.300000
8.672 -1.300000
8.674 -1.300000
8.676 -1.300000
8.678 -1.300000
8.680 -1.300000
8.682 -1.300000
8.684 -1.300000
8.686 -1.300000
8.688 -1.300000
8.690 -1.300000
8.692 -1.300000
8.694 -1.300000
8.696 -1.300000
8.698 -1.300000
8.700 -1.300000
8.702 -1.300000
8.704 -1.300000
8.706 -1.300000
8.708 -1.300000
8.710 -1.300000
8.712 -1.300000
8.714 -1.300000
8.716 -1.300000
8.718 -1.300000
8.720 -1.300000
8.722 -1.300000
8.724 -1.300000
8.726 -1.300000
8.728 -1.300000
8.730 -1.300000
8.732 -1.300000
8.734 -1.300000
8.736 -1.300000
8.738 -1.300000
8.740 -1.300000
8.742 -1.300000
8.744 -1.300000
8.746 -1.300000
8.748 -1.300000
8.750 -1.300000
8.752 -1.300000
8.754 -1.300000
8.756 -1.300000
8.758 -1.300000
8.760 -1.300000
8.762 -1.300000
8.764 -1.300000
8.766 -1.300000
8.768 -1.300000
8.770 -1.300000
8.772 -1.300000
8.774 -1.300000
8.776 -1.300000
8.778 -1.300000
8.780 -1.300000
8.782 -1.300000
8.784 -1.300000
8.786 -1.300000
8.788 -1.300000
8.790 -1.300000
8.792 -1.300000
8.794 -1.300000
8.796 -1.300000
8.798 -1.300000
8.800 -1.300000
8.802 -1.300000
8.804 -1.300000
8.806 -1.300000
8.808 -1.300000
8.810 -1.300000
8.812 -1.300000
8.814 -1.300000
8.816 -1.300000
8.818 -1.300000
8.820 -1.300000
8.822 -1.300000
8.824 -1.300000
8.826 -1.300000
8.828 -1.300000
8.830 -1.300000
8.832 -1.300000
8.834 -1.300000
8.836 -1.300000
8.838 -1.300000
8.840 -1.300000
8.842 -1.300000
8.844 -1.300000
8.846 -1.300000
8.848 -1.300000
8.850 -1.300000
8.852 -1.300000
8.854 -1.300000
8.856 -1.300000
8.858 -1.300000
8.860 -1.300000
8.862 -1.300000
8.864 -1.300000
8.866 -1.300000
8.868 -1.300000
8.870 -1.300000
8.872 -1.300000
8.874 -1.300000
8.876 -1.300000
8.878 -1.300000
8.880 -1.300000
8.882 -1.300000
8.884 -1.300000
8.886 -1.300000
8.888 -1.300000
8.890 -1.300000
8.892 -1.300000
8.894 -1.300000
8.896 -1.300000
8.898 -1.300000
8.900 -1.300000
8.902 -1.300000
8.904 -1.300000
8.906 -1.300000
8.908 -1.300000
8.910 -1.300000
8.912 -1.300000
8.914 -1.300000
8.916 -1.300000
8.918 -1.300000
8.920 -1.300000
8.922 -1.300000
8.924 -1.300000
8.926 -1.300000
8.928 -1.300000
8.930 -1.300000
8.932 -1.300000
8.934 -1.300000
8.936 -1.300000
8.938 -1.300000
8.940 -1.300000
8.942 -1.300000
8.944 -1.300000
8.946 -1.300000
8.948 -1.300000
8.950 -1.300000
8.952 -1.300000
8.954 -1.300000
8.956 -1.300000
8.958 -1.300000
8.960 -1.300000
8.962 -1.300000
8.964 -1.300000
8.966 -1.300000
8.968 -1.300000
8.970 -1.300000
8.972 -1.300000
8.974 -1.300000
8.976 -1.300000
8.978 -1.300000
8.980 -1.300000
8.982 -1.300000
8.984 -1.300000
8.986 -1.300000
8.988 -1.300000
8.990 -1.300000
8.992 -1.300000
8.994 -1.300000
8.996 -1.300000
8.998 -1.300000
9.000 -1.300000
9.002 -1.300000
9.004 -1.300000
9.006 -1.300000
9.008 -1.300000
9.010 -1.300000
9.012 -1.300000
9.014 -1.300000
9.016 -1.300000
9.018 -1.300000
9.020 -1.300000
9.022 -1.300000
9.024 -1.300000
9.026 -1.300000
9.028 -1.300000
9.030 -1.300000
9.032 -1.300000
9.034 -1.300000
9.036 -1.300000
9.038 -1.300000
9.040 -1.300000
9.042 -1.300000
9.044 -1.300000
9.046 -1.300000
9.048 -1.300000
9.050 -1.300000
9.052 -1.300000
9.054 -1.300000
9.056 -1.300000
9.058 -1.300000
9.060 -1.300000
9.062 -1.300000
9.064 -1.300000
9.066 -1.300000
9.068 -1.300000
9.070 -1.300000
9.072 -1.300000
9.074 -1.300000
9.076 -1.300000
9.078 -1.300000
9.080 -1.300000
9.082 -1.300000
9.084 -1.300000
9.086 -1.300000
9.088 -1.300000
9.090 -1.300000
9.092 -1.300000
9.094 -1.300000
9.096 -1.300000
9.098 -1.300000
9.100 -1.300000
9.102 -1.300000
9.104 -1.300000
9.106 -1.300000
9.108 -1.300000
9.110 -1.300000
9.112 -1.300000
9.114 -1.300000
9.116 -1.300000
9.118 -1.300000
9.120 -1.300000
9.122 -1.300000
9.124 -1.300000
9.126 -1.300000
9.128 -1.300000
9.130 -1.300000
9.132 -1.300000
9.134 -1.300000
9.136 -1.300000
9.138 -1.300000
9.140 -1.300000
9.142 -1.300000
9.144 -1.300000
9.146 -1.300000
9.148 -1.300000
9.150 -1.300000
9.152 -1.300000
9.154 -1.300000
9.156 -1.300000
9.158 -1.300000
9.160 -1.300000
9.162 -1.300000
9.164 -1.300000
9.166 -1.300000
9.168 -1.300000
9.170 -1.300000
9.172 -1.300000
9.174 -1.300000
9.176 -1.300000
9.178 -1.300000
9.180 -1.300000
9.182 -1.300000
9.184 -1.300000
9.186 -1.300000
9.188 -1.300000
9.190 -1.300000
9.192 -1.300000
9.194 -1.300000
9.196 -1.300000
9.198 -1.300000
9.200 -1.300000
9.202 -1.300000
9.204 -1.300000
9.206 -1.300000
9.208 -1.300000
9.210 -1.300000
9.212 -1.300000
9.214 -1.300000
9.216 -1.300000
9.218 -1.300000
9.220 -1.300000
9.222 -1.300000
9.224 -1.300000
9.226 -1.300000
9.228 -1.300000
9.230 -1.300000
9.232 -1.300000
9.234 -1.300000
9.236 -1.300000
9.238 -1.300000
9.240 -1.300000
9.242 -1.300000
9.244 -1.300000
9.246 -1.300000
9.248 -1.300000
9.250 -1.300000
9.252 -1.300000
9.254 -1.300000
9.256 -1.300000
9.258 -1.300000
9.260 -1.300000
9.262 -1.300000
9.264 -1.300000
9.266 -1.300000
9.268 -1.300000
9.270 -1.300000
9.272 -1.300000
9.274 -1.300000
9.276 -1.300000
9.278 -1.300000
9.280 -1.300000
9.282 -1.300000
9.284 -1.300000
9.286 -1.300000
9.288 -1.300000
9.290 -1.300000
9.292 -1.300000
9.294 -1.300000
9.296 -1.300000
9.298 -1.300000
9.300 -1.300000
9.302 -1.300000
9.304 -1.300000
9.306 -1.300000
9.308 -1.300000
9.310 -1.300000
9.312 -1.300000
9.314 -1.300000
9.316 -1.300000
9.318 -1.300000
9.320 -1.300000
9.322 -1.300000
9.324 -1.300000
9.326 -1.300000
9.328 -1.300000
9.330 -1.300000
9.332 -1.300000
9.334 -1.300000
9.336 -1.300000
9.338 -1.300000
9.340 -1.300000
9.342 -1.300000
9.344 -1.300000
9.346 -1.300000
9.348 -1.300000
9.350 -1.300000
9.352 -1.300000
9.354 -1.300000
9.356 -1.300000
9.358 -1.300000
9.360 -1.300000
9.362 -1.300000
9.364 -1.300000
9.366 -1.300000
9.368 -1.300000
9.370 -1.300000
9.372 -1.300000
9.374 -1.300000
9.376 -1.300000
9.378 -1.300000
9.380 -1.300000
9.382 -1.300000
9.384 -1.300000
9.386 -1.300000
9.388 -1.300000
9.390 -1.300000
9.392 -1.300000
9.394 -1.300000
9.396 -1.300000
9.398 -1.300000
9.400 -1.300000
9.402 -1.300000
9.404 -1.300000
9.406 -1.300000
9.408 -1.300000
9.410 -1.300000
9.412 -1.300000
9.414 -1.300000
9.416 -1.300000
9.418 -1.300000
9.420 -1.300000
9.422 -1.300000
9.424 -1.300000
9.426 -1.300000
9.428 -1.300000
9.430 -1.300000
9.432 -1.300000
9.434 -1.300000
9.436 -1.300000
9.438 -1.300000
9.440 -1.300000
9.442 -1.300000
9.444 -1.300000
9.446 -1.300000
9.448 -1.300000
9.450 -1.300000
9.452 -1.300000
9.454 -1.300000
9.456 -1.300000
9.458 -1.300000
9.460 -1.300000
9.462 -1.300000
9.464 -1.300000
9.466 -1.300000
9.468 -1.300000
9.470 -1.300000
9.472 -1.300000
9.474 -1.300000
9.476 -1.300000
9.478 -1.300000
9.480 -1.300000
9.482 -1.300000
9.484 -1.300000
9.486 -1.300000
9.488 -1.300000
9.490 -1.300000
9.492 -1.300000
9.494 -1.300000
9.496 -1.300000
9.498 -1.300000
9.500 -1.300000
9.502 -1.300000
9.504 -1.300000
9.506 -1.300000
9.508 -1.300000
9.510 -1.300000
9.512 -1.300000
9.514 -1.300000
9.516 -1.300000
9.518 -1.300000
9.520 -1.300000
9.522 -1.300000
9.524 -1.300000
9.526 -1.300000
9.528 -1.300000
9.530 -1.300000
9.532 -1.300000
9.534 -1.300000
9.536 -1.300000
9.538 -1.300000
9.540 -1.300000
9.542 -1.300000
9.544 -1.300000
9.546 -1.300000
9.548 -1.300000
9.550 -1.300000
9.552 -1.300000
9.554 -1.300000
9.556 -1.300000
9.558 -1.300000
9.560 -1.300000
9.562 -1.300000
9.564 -1.300000
9.566 -1.300000
9.568 -1.300000
9.570 -1.300000
9.572 -1.300000
9.574 -1.300000
9.576 -1.300000
9.578 -1.300000
9.580 -1.300000
9.582 -1.300000
9.584 -1.300000
9.586 -1.300000
9.588 -1.300000
9.590 -1.300000
9.592 -1.300000
9.594 -1.300000
9.596 -1.300000
9.598 -1.300000
9.600 -1.300000
9.602 -1.300000
9.604 -1.300000
9.606 -1.300000
9.608 -1.300000
9.610 -1.300000
9.612 -1.300000
9.614 -1.300000
9.616 -1.300000
9.618 -1.300000
9.620 -1.300000
9.622 -1.300000
9.624 -1.300000
9.626 -1.300000
9.628 -1.300000
9.630 -1.300000
9.632 -1.300000
9.634 -1.300000
9.636 -1.300000
9.638 -1.300000
9.640 -1.300000
9.642 -1.300000
9.644 -1.300000
9.646 -1.300000
9.648 -1.300000
9.650 -1.300000
9.652 -1.300000
9.654 -1.300000
9.656 -1.300000
9.658 -1.300000
9.660 -1.300000
9.662 -1.300000
9.664 -1.300000
9.666 -1.300000
9.668 -1.300000
9.670 -1.300000
9.672 -1.300000
9.674 -1.300000
9.676 -1.300000
9.678 -1.300000
9.680 -1.300000
9.682 -1.300000
9.684 -1.300000
9.686 -1.300000
9.688 -1.300000
9.690 -1.300000
9.692 -1.300000
9.694 -1.300000
9.696 -1.300000
9.698 -1.300000
9.700 -1.300000
9.702 -1.300000
9.704 -1.300000
9.706 -1.300000
9.708 -1.300000
9.710 -1.300000
9.712 -1.300000
9.714 -1.300000
9.716 -1.300000
9.718 -1.300000
9.720 -1.300000
9.722 -1.300000
9.724 -1.300000
9.726 -1.300000
9.728 -1.300000
9.730 -1.300000
9.732 -1.300000
9.734 -1.300000
9.736 -1.300000
9.738 -1.300000
9.740 -1.300000
9.742 -1.300000
9.744 -1.300000
9.746 -1.300000
9.748 -1.300000
9.750 -1.300000
9.752 -1.300000
9.754 -1.300000
9.756 -1.300000
9.758 -1.300000
9.760 -1.300000
9.762 -1.300000
9.764 -1.300000
9.766 -1.300000
9.768 -1.300000
9.770 -1.300000
9.772 -1.300000
9.774 -1.300000
9.776 -1.300000
9.778 -1.300000
9.780 -1.300000
9.782 -1.300000
9.784 -1.300000
9.786 -1.300000
9.788 -1.300000
9.790 -1.300000
9.792 -1.300000
9.794 -1.300000
9.796 -1.300000
9.798 -1.300000
9.800 -1.300000
9.802 -1.300000
9.804 -1.300000
9.806 -1.300000
9.808 -1.300000
9.810 -1.300000
9.812 -1.300000
9.814 -1.300000
9.816 -1.300000
9.818 -1.300000
9.820 -1.300000
9.822 -1.300000
9.824 -1.300000
9.826 -1.300000
9.828 -1.300000
9.830 -1.300000
9.832 -1.300000
9.834 -1.300000
9.836 -1.300000
9.838 -1.300000
9.840 -1.300000
9.842 -1.300000
9.844 -1.300000
9.846 -1.300000
9.848 -1.300000
9.850 -1.300000
9.852 -1.300000
9.854 -1.300000
9.856 -1.300000
9.858 -1.300000
9.860 -1.300000
9.862 -1.300000
9.864 -1.300000
9.866 -1.300000
9.868 -1.300000
9.870 -1.300000
9.872 -1.300000
9.874 -1.300000
9.876 -1.300000
9.878 -1.300000
9.880 -1.300000
9.882 -1.300000
9.884 -1.300000
9.886 -1.300000
9.888 -1.300000
9.890 -1.300000
9.892 -1.300000
9.894 -1.300000
9.896 -1.300000
9.898 -1.300000
9.900 -1.300000
9.902 -1.300000
9.904 -1.300000
9.906 -1.300000
9.908 -1.300000
9.910 -1.300000
9.912 -1.300000
9.914 -1.300000
9.916 -1.300000
9.918 -1.300000
9.920 -1.300000
9.922 -1.300000
9.924 -1.300000
9.926 -1.300000
9.928 -1.300000
9.930 -1.300000
9.932 -1.300000
9.934 -1.300000
9.936 -1.300000
9.938 -1.300000
9.940 -1.300000
9.942 -1.300000
9.944 -1.300000
9.946 -1.300000
9.948 -1.300000
9.950 -1.300000
9.952 -1.300000
9.954 -1.300000
9.956 -1.300000
9.958 -1.300000
9.960 -1.300000
9.962 -1.300000
9.964 -1.300000
9.966 -1.300000
9.968 -1.300000
9.970 -1.300000
9.972 -1.300000
9.974 -1.300000
9.976 -1.300000
9.978 -1.300000
9.980 -1.300000
9.982 -1.300000
9.984 -1.300000
9.986 -1.300000
9.988 -1.300000
9.990 -1.300000
9.992 -1.300000
9.994 -1.300000
9.996 -1.300000
9.998 -1.300000
10.000 -1.300000
10.002 -1.300000
10.004 -1.300000
10.006 -1.300000
10.008 -1.300000
10.010 -1.300000
10.012 -1.300000
10.014 -1.300000
10.016 -1.300000
10.018 -1.300000
10.020 -1.300000
10.022 -1.300000
10.024 -1.300000
10.026 -1.300000
10.028 -1.300000
10.030 -1.300000
10.032 -1.300000
10.034 -1.300000
10.036 -1.300000
10.038 -1.300000
10.040 -1.300000
10.042 -1.300000
10.044 -1.300000
10.046 -1.300000
10.048 -1.300000
10.050 -1.300000
10.052 -1.300000
10.054 -1.300000
10.056 -1.300000
10.058 -1.300000
10.060 -1.300000
10.062 -1.300000
10.064 -1.300000
10.066 -1.300000
10.068 -1.300000
10.070 -1.300000
10.072 -1.300000
10.074 -1.300000
10.076 -1.300000
10.078 -1.300000
10.080 -1.300000
10.082 -1.300000
10.084 -1.300000
10.086 -1.300000
10.088 -1.300000
10.090 -1.300000
10.092 -1.300000
10.094 -1.300000
10.096 -1.300000
10.098 -1.300000
10.100 -1.300000
10.102 -1.300000
10.104 -1.300000
10.106 -1.300000
10.108 -1.300000
10.110 -1.300000
10.112 -1.300000
10.114 -1.300000
10.116 -1.300000
10.118 -1.300000
10.120 -1.300000
10.122 -1.300000
10.124 -1.300000
10.126 -1.300000
10.128 -1.300000
10.130 -1.300000
10.132 -1.300000
10.134 -1.300000
10.136 -1.300000
10.138 -1.300000
10.140 -1.300000
10.142 -1.300000
10.144 -1.300000
10.146 -1.300000
10.148 -1.300000
10.150 -1.300000
10.152 -1.300000
10.154 -1.300000
10.156 -1.300000
10.158 -1.300000
10.160 -1.300000
10.162 -1.300000
10.164 -1.300000
10.166 -1.300000
10.168 -1.300000
10.170 -1.300000
10.172 -1.300000
10.174 -1.300000
10.176 -1.300000
10.178 -1.300000
10.180 -1.300000
10.182 -1.300000
10.184 -1.300000
10.186 -1.300000
10.188 -1.300000
10.190 -1.300000
10.192 -1.300000
10.194 -1.300000
10.196 -1.300000
10.198 -1.300000
10.200 -1.300000
10.202 -1.300000
10.204 -1.300000
10.206 -1.300000
10.208 -1.300000
10.210 -1.300000
10.212 -1.300000
10.214 -1.300000
10.216 -1.300000
10.218 -1.300000
10.220 -1.300000
10.222 -1.300000
10.224 -1.300000
10.226 -1.300000
10.228 -1.300000
10.230 -1.300000
10.232 -1.300000
10.234 -1.300000
10.236 -1.300000
10.238 -1.300000
10.240 -1.300000
10.242 -1.300000
10.244 -1.300000
10.246 -1.300000
10.248 -1.300000
10.250 -1.300000
10.252 -1.300000
10.254 -1.300000
10.256 -1.300000
10.258 -1.300000
10.260 -1.300000
10.262 -1.300000
10.264 -1.300000
10.266 -1.300000
10.268 -1.300000
10.270 -1.300000
10.272 -1.300000
10.274 -1.300000
10.276 -1.300000
10.278 -1.300000
10.280 -1.300000
10.282 -1.300000
10.284 -1.300000
10.286 -1.300000
10.288 -1.300000
10.290 -1.300000
10.292 -1.300000
10.294 -1.300000
10.296 -1.300000
10.298 -1.300000
10.300 -1.300000
10.302 -1.300000
10.304 -1.300000
10.306 -1.300000
10.308 -1.300000
10.310 -1.300000
10.312 -1.300000
10.314 -1.300000
10.316 -1.300000
10.318 -1.300000
10.320 -1.300000
10.322 -1.300000
10.324 -1.300000
10.326 -1.300000
10.328 -1.300000
10.330 -1.300000
10.332 -1.300000
10.334 -1.300000
10.336 -1.300000
10.338 -1.300000
10.340 -1.300000
10.342 -1.300000
10.344 -1.300000
10.346 -1.300000
10.348 -1.300000
10.350 -1.300000
10.352 -1.300000
10.354 -1.300000
10.356 -1.300000
10.358 -1.300000
10.360 -1.300000
10.362 -1.300000
10.364 -1.300000
10.366 -1.300000
10.368 -1.300000
10.370 -1.300000
10.372 -1.300000
10.374 -1.300000
10.376 -1.300000
10.378 -1.300000
10.380 -1.300000
10.382 -1.300000
10.384 -1.300000
10.386 -1.300000
10.388 -1.300000
10.390 -1.300000
10.392 -1.300000
10.394 -1.300000
10.396 -1.300000
10.398 -1.300000
10.400 -1.300000
10.402 -1.300000
10.404 -1.300000
10.406 -1.300000
10.408 -1.300000
10.410 -1.300000
10.412 -1.300000
10.414 -1.300000
10.416 -1.300000
10.418 -1.300000
10.420 -1.300000
10.422 -1.300000
10.424 -1.300000
10.426 -1.300000
10.428 -1.300000
10.430 -1.300000
10.432 -1.300000
10.434 -1.300000
10.436 -1.300000
10.438 -1.300000
10.440 -1.300000
10.442 -1.300000
10.444 -1.300000
10.446 -1.300000
10.448 -1.300000
10.450 -1.300000
10.452 -1.300000
10.454 -1.300000
10.456 -1.300000
10.458 -1.300000
10.460 -1.300000
10.462 -1.300000
10.464 -1.300000
10.466 -1.300000
10.468 -1.300000
10.470 -1.300000
10.472 -1.300000
10.474 -1.300000
10.476 -1.300000
10.478 -1.300000
10.480 -1.300000
10.482 -1.300000
10.484 -1.300000
10.486 -1.300000
10.488 -1.300000
10.490 -1.300000
10.492 -1.300000
10.494 -1.300000
10.496 -1.300000
10.498 -1.300000
10.500 -1.300000
10.502 -1.300000
10.504 -1.300000
10.506 -1.300000
10.508 -1.300000
10.510 -1.300000
10.512 -1.300000
10.514 -1.300000
10.516 -1.300000
10.518 -1.300000
10.520 -1.300000
10.522 -1.300000
10.524 -1.300000
10.526 -1.300000
10.528 -1.300000
10.530 -1.300000
10.532 -1.300000
10.534 -1.300000
10.536 -1.300000
10.538 -1.300000
10.540 -1.300000
10.542 -1.300000
10.544 -1.300000
10.546 -1.300000
10.548 -1.300000
10.550 -1.300000
10.552 -1.300000
10.554 -1.300000
10.556 -1.300000
10.558 -1.300000
10.560 -1.300000
10.562 -1.300000
10.564 -1.300000
10.566 -1.300000
10.568 -1.300000
10.570 -1.300000
10.572 -1.300000
10.574 -1.300000
10.576 -1.300000
10.578 -1.300000
10.580 -1.300000
10.582 -1.300000
10.584 -1.300000
10.586 -1.300000
10.588 -1.300000
10.590 -1.300000
10.592 -1.300000
10.594 -1.300000
10.596 -1.300000
10.598 -1.300000
10.600 -1.300000
10.602 -1.300000
10.604 -1.300000
10.606 -1.300000
10.608 -1.300000
10.610 -1.300000
10.612 -1.300000
10.614 -1.300000
10.616 -1.300000
10.618 -1.300000
10.620 -1.300000
10.622 -1.300000
10.624 -1.300000
10.626 -1.300000
10.628 -1.300000
