0.000 1.133518
0.002 1.133518
0.004 1.133517
0.006 1.133515
0.008 1.133512
0.010 1.133508
0.012 1.133499
0.014 1.133499
0.016 1.133493
0.018 1.133486
0.020 1.133478
0.022 1.133470
0.024 1.133461
0.026 1.133451
0.028 1.133440
0.030 1.133428
0.032 1.133416
0.034 1.133403
0.036 1.133389
0.038 1.133374
0.040 1.133358
0.042 1.133342
0.044 1.133307
0.046 1.133307
0.048 1.133288
0.050 1.133268
0.052 1.133248
0.054 1.133227
0.056 1.133205
0.058 1.133182
0.060 1.133158
0.062 1.133134
0.064 1.133083
0.066 1.133083
0.068 1.133056
0.070 1.133028
0.072 1.133000
0.074 1.132941
0.076 1.132941
0.078 1.132910
0.080 1.132878
0.082 1.132846
0.084 1.132813
0.086 1.132779
0.088 1.132744
0.090 1.132708
0.092 1.132672
0.094 1.132635
0.096 1.132597
0.098 1.132558
0.100 1.132518
0.102 1.132478
0.104 1.132395
0.106 1.132352
0.108 1.132308
0.110 1.132308
0.112 1.132264
0.114 1.132219
0.116 1.132126
0.118 1.132126
0.120 1.132078
0.122 1.132030
0.124 1.131981
0.126 1.131931
0.128 1.131828
0.130 1.131828
0.132 1.131723
0.134 1.131723
0.136 1.131669
0.138 1.131558
0.140 1.131558
0.142 1.131445
0.144 1.131445
0.146 1.131387
0.148 1.131328
0.150 1.131268
0.152 1.131208
0.154 1.131085
0.156 1.131085
0.158 1.131022
0.160 1.130958
0.162 1.130894
0.164 1.130829
0.166 1.130763
0.168 1.130696
0.170 1.130628
0.172 1.130560
0.174 1.130491
0.176 1.130421
0.178 1.130350
0.180 1.130278
0.182 1.130206
0.184 1.130133
0.186 1.130059
0.188 1.129984
0.190 1.129908
0.192 1.129832
0.194 1.129677
0.196 1.129677
0.198 1.129598
0.200 1.129518
0.202 1.129438
0.204 1.129275
0.206 1.129275
0.208 1.129192
0.210 1.129108
0.212 1.129024
0.214 1.128939
0.216 1.128766
0.218 1.128766
0.220 1.128678
0.222 1.128590
0.224 1.128501
0.226 1.128411
0.228 1.128320
0.230 1.128136
0.232 1.128136
0.234 1.128043
0.236 1.127949
0.238 1.127854
0.240 1.127758
0.242 1.127662
0.244 1.127467
0.246 1.127368
0.248 1.127368
0.250 1.127268
0.252 1.127067
0.254 1.127067
0.256 1.126965
0.258 1.126862
0.260 1.126758
0.262 1.126549
0.264 1.126549
0.266 1.126443
0.268 1.126228
0.270 1.126228
0.272 1.126120
0.274 1.125901
0.276 1.125901
0.278 1.125790
0.280 1.125678
0.282 1.125453
0.284 1.125453
0.286 1.125339
0.288 1.125224
0.290 1.125108
0.292 1.124992
0.294 1.124875
0.296 1.124757
0.298 1.124518
0.300 1.124518
0.302 1.124398
0.304 1.124155
0.306 1.124155
0.308 1.124032
0.310 1.123908
0.312 1.123659
0.314 1.123533
0.316 1.123533
0.318 1.123406
0.320 1.123278
0.322 1.123150
0.324 1.123021
0.326 1.122891
0.328 1.122760
0.330 1.122628
0.332 1.122496
0.334 1.122363
0.336 1.122229
0.338 1.121958
0.340 1.121822
0.342 1.121822
0.344 1.121547
0.346 1.121408
0.348 1.121408
0.350 1.121268
0.352 1.121128
0.354 1.120987
0.356 1.120845
0.358 1.120558
0.360 1.120558
0.362 1.120414
0.364 1.120269
0.366 1.119976
0.368 1.119976
0.370 1.119828
0.372 1.119680
0.374 1.119531
0.376 1.119381
0.378 1.119230
0.380 1.119078
0.382 1.118926
0.384 1.118773
0.386 1.118464
0.388 1.118308
0.390 1.118308
0.392 1.118152
0.394 1.117837
0.396 1.117678
0.398 1.117518
0.400 1.117358
0.402 1.117358
0.404 1.117197
0.406 1.117035
0.408 1.116872
0.410 1.116708
0.412 1.116379
0.414 1.116213
0.416 1.116046
0.418 1.115878
0.420 1.115710
0.422 1.115710
0.424 1.115541
0.426 1.115371
0.428 1.115200
0.430 1.115028
0.432 1.114683
0.434 1.114683
0.436 1.114509
0.438 1.114334
0.440 1.114158
0.442 1.113805
0.444 1.113805
0.446 1.113627
0.448 1.113268
0.450 1.113088
0.452 1.112907
0.454 1.112725
0.456 1.112725
0.458 1.112358
0.460 1.112358
0.462 1.112174
0.464 1.111803
0.466 1.111803
0.468 1.111616
0.470 1.111428
0.472 1.111240
0.474 1.111051
0.476 1.110861
0.478 1.110670
0.480 1.110478
0.482 1.110286
0.484 1.110093
0.486 1.109899
0.488 1.109704
0.490 1.109508
0.492 1.109312
0.494 1.109312
0.496 1.108917
0.498 1.108518
0.500 1.108518
0.502 1.108318
0.504 1.108117
0.506 1.107915
0.508 1.107712
0.510 1.107508
0.512 1.107304
0.514 1.107099
0.516 1.106893
0.518 1.106686
0.520 1.106478
0.522 1.106270
0.524 1.105851
0.526 1.105640
0.528 1.105640
0.530 1.105428
0.532 1.105216
0.534 1.104789
0.536 1.104789
0.538 1.104574
0.540 1.104358
0.542 1.104142
0.544 1.103925
0.546 1.103707
0.548 1.103488
0.550 1.103268
0.552 1.103048
0.554 1.102827
0.556 1.102605
0.558 1.102158
0.560 1.102158
0.562 1.101934
0.564 1.101709
0.566 1.101483
0.568 1.101256
0.570 1.100800
0.572 1.100571
0.574 1.100571
0.576 1.100341
0.578 1.099878
0.580 1.099878
0.582 1.099646
0.584 1.099179
0.586 1.099179
0.588 1.098944
0.590 1.098708
0.592 1.098472
0.594 1.098235
0.596 1.097997
0.598 1.097758
0.600 1.097518
0.602 1.097278
0.604 1.097037
0.606 1.096795
0.608 1.096552
0.610 1.096308
0.612 1.096064
0.614 1.095573
0.616 1.095573
0.618 1.095326
0.620 1.094830
0.622 1.094830
0.624 1.094581
0.626 1.094331
0.628 1.094080
0.630 1.093828
0.632 1.093576
0.634 1.093323
0.636 1.093069
0.638 1.092814
0.640 1.092558
0.642 1.092302
0.644 1.092045
0.646 1.091787
0.648 1.091528
0.650 1.091268
0.652 1.090747
0.654 1.090747
0.656 1.090485
0.658 1.090222
0.660 1.089958
0.662 1.089694
0.664 1.089429
0.666 1.088896
0.668 1.088896
0.670 1.088628
0.672 1.088360
0.674 1.088091
0.676 1.087821
0.678 1.087550
0.680 1.087278
0.682 1.086733
0.684 1.086733
0.686 1.086459
0.688 1.086184
0.690 1.085908
0.692 1.085632
0.694 1.085355
0.696 1.084798
0.698 1.084518
0.700 1.084518
0.702 1.084238
0.704 1.083957
0.706 1.083675
0.708 1.083392
0.710 1.083108
0.712 1.082824
0.714 1.082539
0.716 1.082253
0.718 1.081966
0.720 1.081678
0.722 1.081390
0.724 1.081101
0.726 1.080811
0.728 1.080520
0.730 1.080228
0.732 1.079936
0.734 1.079643
0.736 1.079349
0.738 1.079054
0.740 1.078462
0.742 1.078462
0.744 1.078165
0.746 1.077867
0.748 1.077568
0.750 1.077268
0.752 1.076667
0.754 1.076667
0.756 1.076365
0.758 1.076062
0.760 1.075758
0.762 1.075454
0.764 1.075149
0.766 1.074843
0.768 1.074536
0.770 1.074228
0.772 1.073920
0.774 1.073611
0.776 1.073301
0.778 1.072990
0.780 1.072678
0.782 1.072366
0.784 1.072053
0.786 1.071739
0.788 1.071108
0.790 1.071108
0.792 1.070475
0.794 1.070475
0.796 1.069838
0.798 1.069838
0.800 1.069518
0.802 1.069198
0.804 1.068877
0.806 1.068555
0.808 1.068232
0.810 1.067908
0.812 1.067584
0.814 1.067259
0.816 1.066933
0.818 1.066606
0.820 1.066278
0.822 1.065950
0.824 1.065621
0.826 1.065291
0.828 1.064628
0.830 1.064296
0.832 1.063963
0.834 1.063963
0.836 1.063629
0.838 1.063294
0.840 1.062958
0.842 1.062622
0.844 1.062285
0.846 1.061947
0.848 1.061608
0.850 1.061268
0.852 1.060587
0.854 1.060587
0.856 1.060245
0.858 1.059902
0.860 1.059558
0.862 1.058869
0.864 1.058869
0.866 1.058176
0.868 1.058176
0.870 1.057828
0.872 1.057480
0.874 1.057131
0.876 1.056781
0.878 1.056430
0.880 1.056078
0.882 1.055373
0.884 1.055373
0.886 1.054664
0.888 1.054664
0.890 1.054308
0.892 1.053952
0.894 1.053595
0.896 1.053237
0.898 1.052878
0.900 1.052158
0.902 1.052158
0.904 1.051797
0.906 1.051435
0.908 1.051072
0.910 1.050708
0.912 1.050344
0.914 1.049979
0.916 1.049613
0.918 1.049246
0.920 1.048878
0.922 1.048510
0.924 1.048141
0.926 1.047771
0.928 1.047400
0.930 1.047028
0.932 1.046656
0.934 1.046283
0.936 1.046283
0.938 1.045534
0.940 1.045534
0.942 1.044782
0.944 1.044405
0.946 1.044027
0.948 1.043648
0.950 1.043268
0.952 1.042888
0.954 1.042507
0.956 1.042125
0.958 1.041742
0.960 1.040974
0.962 1.040974
0.964 1.040589
0.966 1.040203
0.968 1.039816
0.970 1.039428
0.972 1.039040
0.974 1.038651
0.976 1.038261
0.978 1.037478
0.980 1.037478
0.982 1.037086
0.984 1.036693
0.986 1.036299
0.988 1.035904
0.990 1.035508
0.992 1.035112
0.994 1.034715
0.996 1.034317
0.998 1.033918
1.000 1.033518
1.002 1.033118
1.004 1.032717
1.006 1.032315
1.008 1.031912
1.010 1.031508
1.012 1.031104
1.014 1.030699
1.016 1.029070
1.018 1.029070
1.020 1.028661
1.022 1.028251
1.024 1.028251
1.026 1.028251
1.028 1.027840
1.030 1.027428
1.032 1.027016
1.034 1.026603
1.036 1.025774
1.038 1.025774
1.040 1.025358
1.042 1.024942
1.044 1.024525
1.046 1.024107
1.048 1.023688
1.050 1.022848
1.052 1.022427
1.054 1.022005
1.056 1.021582
1.058 1.021158
1.060 1.020734
1.062 1.020309
1.064 1.019883
1.066 1.019456
1.068 1.019028
1.070 1.019028
1.072 1.018600
1.074 1.018171
1.076 1.017741
1.078 1.017310
1.080 1.016878
1.082 1.016446
1.084 1.016013
1.086 1.015579
1.088 1.014708
1.090 1.014708
1.092 1.013835
1.094 1.013835
1.096 1.013397
1.098 1.012958
1.100 1.012518
1.102 1.012078
1.104 1.011637
1.106 1.011195
1.108 1.010308
1.110 1.010308
1.112 1.009864
1.114 1.009419
1.116 1.008526
1.118 1.008526
1.120 1.008078
1.122 1.007181
1.124 1.007181
1.126 1.006731
1.128 1.006280
1.130 1.005828
1.132 1.005376
1.134 1.004923
1.136 1.004014
1.138 1.003558
1.140 1.003558
1.142 1.003102
1.144 1.002645
1.146 1.001728
1.148 1.001728
1.150 1.001268
1.152 1.000808
1.154 1.000347
1.156 0.999885
1.158 0.999422
1.160 0.998958
1.162 0.998494
1.164 0.998029
1.166 0.997563
1.168 0.997096
1.170 0.996628
1.172 0.996160
1.174 0.995691
1.176 0.995221
1.178 0.994750
1.180 0.994278
1.182 0.993806
1.184 0.993333
1.186 0.992859
1.188 0.991908
1.190 0.991908
1.192 0.991432
1.194 0.990477
1.196 0.989998
1.198 0.989998
1.200 0.989518
1.202 0.989038
1.204 0.988557
1.206 0.987592
1.208 0.987108
1.210 0.987108
1.212 0.986624
1.214 0.985653
1.216 0.985653
1.218 0.985166
1.220 0.984678
1.222 0.984190
1.224 0.983701
1.226 0.983211
1.228 0.982228
1.230 0.982228
1.232 0.981736
1.234 0.981243
1.236 0.980749
1.238 0.980254
1.240 0.979758
1.242 0.979262
1.244 0.979262
1.246 0.978267
1.248 0.977768
1.250 0.977268
1.252 0.976768
1.254 0.976267
1.256 0.975765
1.258 0.974758
1.260 0.974758
1.262 0.974254
1.264 0.973749
1.266 0.972736
1.268 0.972736
1.270 0.972228
1.272 0.971720
1.274 0.971211
1.276 0.970701
1.278 0.970190
1.280 0.969678
1.282 0.969166
1.284 0.968653
1.286 0.968139
1.288 0.967624
1.290 0.966592
1.292 0.966592
1.294 0.966075
1.296 0.965557
1.298 0.965038
1.300 0.964518
1.302 0.963477
1.304 0.962955
1.306 0.962432
1.308 0.962432
1.310 0.961908
1.312 0.960859
1.314 0.960333
1.316 0.960333
1.318 0.959806
1.320 0.959278
1.322 0.958750
1.324 0.958221
1.326 0.957160
1.328 0.956096
1.330 0.956096
1.332 0.955563
1.334 0.955029
1.336 0.954494
1.338 0.954494
1.340 0.953958
1.342 0.952885
1.344 0.952347
1.346 0.952347
1.348 0.951808
1.350 0.951268
1.352 0.950728
1.354 0.950187
1.356 0.949645
1.358 0.949102
1.360 0.948558
1.362 0.948014
1.364 0.946923
1.366 0.946376
1.368 0.946376
1.370 0.945828
1.372 0.944731
1.374 0.944181
1.376 0.943630
1.378 0.943078
1.380 0.943078
1.382 0.942526
1.384 0.941419
1.386 0.941419
1.388 0.940864
1.390 0.940308
1.392 0.939752
1.394 0.939195
1.396 0.938078
1.398 0.937518
1.400 0.937518
1.402 0.936958
1.404 0.935835
1.406 0.935835
1.408 0.934708
1.410 0.934708
1.412 0.934144
1.414 0.933013
1.416 0.932446
1.418 0.931878
1.420 0.931878
1.422 0.931310
1.424 0.930171
1.426 0.930171
1.428 0.929028
1.430 0.928456
1.432 0.928456
1.434 0.927309
1.436 0.926734
1.438 0.926734
1.440 0.926158
1.442 0.925582
1.444 0.925005
1.446 0.924427
1.448 0.923848
1.450 0.923268
1.452 0.922107
1.454 0.921525
1.456 0.920942
1.458 0.920942
1.460 0.920358
1.462 0.919189
1.464 0.918603
1.466 0.918016
1.468 0.918016
1.470 0.917428
1.472 0.916251
1.474 0.916251
1.476 0.915661
1.478 0.915070
1.480 0.914478
1.482 0.913886
1.484 0.913293
1.486 0.912104
1.488 0.912104
1.490 0.911508
1.492 0.910912
1.494 0.909717
1.496 0.909717
1.498 0.909118
1.500 0.908518
1.502 0.907918
1.504 0.907318
1.506 0.906718
1.508 0.905518
1.510 0.905518
1.512 0.904318
1.514 0.903718
1.516 0.903118
1.518 0.903118
1.520 0.902518
1.522 0.901918
1.524 0.901318
1.526 0.900718
1.528 0.900118
1.530 0.899518
1.532 0.899518
1.534 0.899518
1.536 0.899518
1.538 0.897118
1.540 0.896518
1.542 0.895918
1.544 0.894718
1.546 0.894718
1.548 0.893518
1.550 0.893518
1.552 0.892918
1.554 0.892318
1.556 0.891718
1.558 0.890518
1.560 0.890518
1.562 0.889918
1.564 0.888718
1.566 0.888118
1.568 0.888118
1.570 0.887518
1.572 0.886918
1.574 0.886318
1.576 0.885718
1.578 0.885118
1.580 0.884518
1.582 0.883918
1.584 0.883318
1.586 0.883318
1.588 0.882118
1.590 0.881518
1.592 0.880918
1.594 0.879718
1.596 0.879118
1.598 0.879118
1.600 0.878518
1.602 0.877918
1.604 0.877318
1.606 0.876718
1.608 0.875518
1.610 0.875518
1.612 0.874918
1.614 0.874318
1.616 0.873118
1.618 0.872518
1.620 0.871918
1.622 0.871318
1.624 0.870718
1.626 0.870718
1.628 0.870118
1.630 0.869518
1.632 0.868918
1.634 0.868318
1.636 0.867718
1.638 0.867118
1.640 0.866518
1.642 0.865918
1.644 0.864718
1.646 0.864118
1.648 0.863518
1.650 0.862918
1.652 0.862918
1.654 0.862318
1.656 0.861718
1.658 0.861118
1.660 0.860518
1.662 0.859318
1.664 0.859318
1.666 0.858718
1.668 0.858118
1.670 0.857518
1.672 0.856918
1.674 0.855718
1.676 0.855118
1.678 0.854518
1.680 0.854518
1.682 0.853318
1.684 0.853318
1.686 0.852718
1.688 0.852118
1.690 0.850918
1.692 0.850318
1.694 0.850318
1.696 0.849718
1.698 0.848518
1.700 0.847918
1.702 0.847318
1.704 0.846718
1.706 0.846718
1.708 0.846118
1.710 0.845518
1.712 0.844918
1.714 0.843718
1.716 0.843718
1.718 0.842518
1.720 0.842518
1.722 0.841918
1.724 0.841318
1.726 0.840718
1.728 0.840118
1.730 0.839518
1.732 0.838918
1.734 0.838318
1.736 0.837718
1.738 0.837118
1.740 0.835918
1.742 0.835918
1.744 0.835318
1.746 0.834718
1.748 0.834118
1.750 0.833518
1.752 0.832918
1.754 0.831718
1.756 0.831718
1.758 0.831118
1.760 0.829918
1.762 0.829918
1.764 0.829318
1.766 0.828718
1.768 0.827518
1.770 0.826918
1.772 0.825718
1.774 0.825718
1.776 0.825118
1.778 0.824518
1.780 0.824518
1.782 0.823318
1.784 0.823318
1.786 0.822718
1.788 0.821518
1.790 0.821518
1.792 0.820918
1.794 0.819718
1.796 0.819718
1.798 0.818518
1.800 0.818518
1.802 0.817918
1.804 0.817318
1.806 0.816718
1.808 0.816118
1.810 0.815518
1.812 0.814318
1.814 0.813718
1.816 0.813118
1.818 0.812518
1.820 0.811918
1.822 0.811318
1.824 0.811318
1.826 0.810718
1.828 0.810118
1.830 0.809518
1.832 0.808318
1.834 0.808318
1.836 0.807118
1.838 0.806518
1.840 0.806518
1.842 0.805318
1.844 0.805318
1.846 0.804718
1.848 0.804118
1.850 0.801118
1.852 0.800518
1.854 0.799918
1.856 0.799918
1.858 0.799918
1.860 0.799918
1.862 0.799918
1.864 0.799318
1.866 0.798718
1.868 0.798118
1.870 0.797518
1.872 0.796918
1.874 0.796318
1.876 0.795718
1.878 0.795118
1.880 0.794518
1.882 0.793918
1.884 0.793318
1.886 0.792718
1.888 0.792118
1.890 0.790918
1.892 0.790318
1.894 0.790318
1.896 0.789718
1.898 0.788518
1.900 0.788518
1.902 0.787918
1.904 0.787318
1.906 0.786718
1.908 0.786118
1.910 0.785518
1.912 0.784918
1.914 0.784318
1.916 0.783718
1.918 0.783118
1.920 0.782518
1.922 0.781918
1.924 0.781318
1.926 0.780718
1.928 0.780118
1.930 0.779518
1.932 0.778318
1.934 0.778318
1.936 0.777118
1.938 0.777118
1.940 0.776518
1.942 0.775318
1.944 0.775318
1.946 0.775318
1.948 0.775318
1.950 0.773518
1.952 0.772918
1.954 0.772318
1.956 0.771718
1.958 0.771118
1.960 0.770518
1.962 0.769318
1.964 0.769318
1.966 0.768718
1.968 0.768118
1.970 0.767518
1.972 0.766918
1.974 0.766318
1.976 0.765718
1.978 0.765118
1.980 0.763918
1.982 0.763918
1.984 0.763318
1.986 0.762718
1.988 0.762118
1.990 0.761518
1.992 0.760918
1.994 0.760318
1.996 0.759118
1.998 0.759118
2.000 0.758518
2.002 0.757918
2.004 0.757318
2.006 0.756718
2.008 0.756118
2.010 0.755518
2.012 0.754918
2.014 0.754318
2.016 0.753118
2.018 0.752518
2.020 0.751918
2.022 0.751918
2.024 0.750718
2.026 0.750118
2.028 0.749518
2.030 0.749518
2.032 0.748918
2.034 0.748318
2.036 0.747718
2.038 0.747118
2.040 0.745918
2.042 0.745918
2.044 0.745318
2.046 0.744118
2.048 0.743518
2.050 0.742318
2.052 0.741118
2.054 0.740518
2.056 0.740518
2.058 0.740518
2.060 0.739918
2.062 0.739318
2.064 0.738718
2.066 0.738118
2.068 0.737518
2.070 0.736918
2.072 0.736318
2.074 0.736318
2.076 0.735718
2.078 0.735118
2.080 0.734518
2.082 0.733918
2.084 0.733318
2.086 0.732718
2.088 0.731518
2.090 0.731518
2.092 0.730918
2.094 0.730318
2.096 0.729718
2.098 0.729118
2.100 0.728518
2.102 0.727918
2.104 0.727318
2.106 0.726718
2.108 0.725518
2.110 0.724918
2.112 0.724918
2.114 0.723718
2.116 0.723718
2.118 0.723118
2.120 0.722518
2.122 0.721918
2.124 0.721318
2.126 0.720718
2.128 0.719518
2.130 0.718918
2.132 0.718318
2.134 0.717718
2.136 0.717118
2.138 0.716518
2.140 0.715918
2.142 0.715318
2.144 0.715318
2.146 0.714718
2.148 0.714118
2.150 0.713518
2.152 0.712918
2.154 0.712318
2.156 0.711718
2.158 0.711118
2.160 0.710518
2.162 0.709318
2.164 0.709318
2.166 0.708718
2.168 0.708118
2.170 0.707518
2.172 0.706318
2.174 0.706318
2.176 0.705118
2.178 0.704518
2.180 0.704518
2.182 0.703918
2.184 0.702718
2.186 0.702718
2.188 0.701518
2.190 0.701518
2.192 0.700918
2.194 0.700318
2.196 0.699718
2.198 0.699118
2.200 0.698518
2.202 0.697318
2.204 0.696718
2.206 0.696718
2.208 0.695518
2.210 0.695518
2.212 0.694318
2.214 0.694318
2.216 0.693718
2.218 0.693718
2.220 0.693718
2.222 0.691918
2.224 0.690718
2.226 0.690718
2.228 0.690118
2.230 0.689518
2.232 0.688918
2.234 0.688318
2.236 0.687718
2.238 0.687118
2.240 0.686518
2.242 0.685918
2.244 0.685318
2.246 0.684718
2.248 0.684118
2.250 0.682918
2.252 0.682918
2.254 0.682318
2.256 0.681118
2.258 0.681118
2.260 0.680518
2.262 0.679918
2.264 0.679318
2.266 0.678118
2.268 0.677518
2.270 0.677518
2.272 0.676918
2.274 0.676318
2.276 0.675718
2.278 0.675118
2.280 0.674518
2.282 0.673918
2.284 0.672718
2.286 0.672718
2.288 0.672118
2.290 0.671518
2.292 0.670318
2.294 0.670318
2.296 0.669718
2.298 0.669118
2.300 0.668518
2.302 0.667918
2.304 0.666718
2.306 0.666718
2.308 0.666118
2.310 0.665518
2.312 0.664318
2.314 0.663718
2.316 0.663118
2.318 0.663118
2.320 0.662518
2.322 0.661918
2.324 0.661318
2.326 0.660118
2.328 0.660118
2.330 0.658918
2.332 0.658318
2.334 0.657718
2.336 0.657718
2.338 0.657118
2.340 0.656518
2.342 0.655318
2.344 0.654718
2.346 0.654718
2.348 0.654118
2.350 0.653518
2.352 0.652918
2.354 0.652318
2.356 0.651118
2.358 0.651118
2.360 0.650518
2.362 0.649918
2.364 0.649318
2.366 0.648718
2.368 0.648118
2.370 0.647518
2.372 0.646318
2.374 0.646318
2.376 0.645718
2.378 0.645118
2.380 0.644518
2.382 0.643918
2.384 0.643318
2.386 0.642718
2.388 0.642118
2.390 0.641518
2.392 0.640918
2.394 0.639718
2.396 0.639118
2.398 0.638518
2.400 0.638518
2.402 0.637918
2.404 0.637318
2.406 0.636718
2.408 0.635518
2.410 0.635518
2.412 0.634918
2.414 0.633718
2.416 0.633718
2.418 0.633118
2.420 0.633118
2.422 0.633118
2.424 0.633118
2.426 0.630718
2.428 0.630118
2.430 0.629518
2.432 0.628918
2.434 0.628318
2.436 0.627718
2.438 0.627118
2.440 0.626518
2.442 0.625918
2.444 0.624718
2.446 0.624718
2.448 0.623518
2.450 0.622918
2.452 0.622318
2.454 0.622318
2.456 0.621718
2.458 0.621118
2.460 0.620518
2.462 0.619918
2.464 0.619318
2.466 0.618718
2.468 0.618118
2.470 0.617518
2.472 0.616918
2.474 0.616318
2.476 0.615718
2.478 0.615118
2.480 0.614518
2.482 0.613918
2.484 0.612718
2.486 0.612718
2.488 0.612118
2.490 0.611518
2.492 0.611518
2.494 0.611518
2.496 0.611518
2.498 0.608518
2.500 0.608518
2.502 0.607918
2.504 0.606118
2.506 0.605518
2.508 0.605518
2.510 0.605518
2.512 0.604318
2.514 0.604318
2.516 0.603718
2.518 0.603118
2.520 0.602518
2.522 0.601918
2.524 0.601318
2.526 0.600718
2.528 0.600118
2.530 0.599518
2.532 0.598918
2.534 0.597718
2.536 0.597718
2.538 0.596518
2.540 0.596518
2.542 0.595918
2.544 0.594718
2.546 0.594118
2.548 0.594118
2.550 0.593518
2.552 0.592918
2.554 0.591718
2.556 0.591718
2.558 0.591118
2.560 0.590518
2.562 0.589918
2.564 0.589318
2.566 0.588718
2.568 0.588118
2.570 0.587518
2.572 0.586918
2.574 0.586918
2.576 0.585718
2.578 0.584518
2.580 0.584518
2.582 0.583918
2.584 0.583318
2.586 0.582718
2.588 0.582118
2.590 0.581518
2.592 0.580918
2.594 0.580318
2.596 0.579718
2.598 0.579118
2.600 0.578518
2.602 0.577918
2.604 0.577318
2.606 0.576718
2.608 0.576118
2.610 0.575518
2.612 0.574918
2.614 0.573718
2.616 0.573718
2.618 0.573118
2.620 0.572518
2.622 0.571918
2.624 0.571318
2.626 0.570718
2.628 0.569518
2.630 0.568918
2.632 0.568318
2.634 0.567718
2.636 0.567118
2.638 0.566518
2.640 0.566518
2.642 0.565918
2.644 0.565318
2.646 0.564718
2.648 0.564118
2.650 0.563518
2.652 0.563518
2.654 0.563518
2.656 0.561718
2.658 0.561118
2.660 0.560518
2.662 0.559918
2.664 0.559318
2.666 0.558718
2.668 0.558118
2.670 0.557518
2.672 0.556918
2.674 0.556318
2.676 0.555718
2.678 0.555118
2.680 0.554518
2.682 0.553918
2.684 0.552718
2.686 0.552718
2.688 0.551518
2.690 0.551518
2.692 0.550918
2.694 0.550918
2.696 0.549718
2.698 0.549118
2.700 0.548518
2.702 0.547918
2.704 0.547318
2.706 0.546718
2.708 0.545518
2.710 0.545518
2.712 0.544318
2.714 0.544318
2.716 0.543718
2.718 0.543118
2.720 0.542518
2.722 0.541918
2.724 0.541318
2.726 0.540718
2.728 0.539518
2.730 0.539518
2.732 0.538918
2.734 0.538318
2.736 0.537118
2.738 0.536518
2.740 0.535918
2.742 0.535318
2.744 0.534718
2.746 0.534718
2.748 0.533518
2.750 0.533518
2.752 0.532918
2.754 0.532318
2.756 0.531718
2.758 0.531118
2.760 0.530518
2.762 0.529918
2.764 0.528718
2.766 0.528718
2.768 0.528118
2.770 0.527518
2.772 0.526318
2.774 0.526318
2.776 0.525718
2.778 0.525118
2.780 0.524518
2.782 0.523918
2.784 0.522718
2.786 0.522718
2.788 0.521518
2.790 0.521518
2.792 0.520918
2.794 0.520318
2.796 0.519118
2.798 0.519118
2.800 0.518518
2.802 0.517918
2.804 0.517318
2.806 0.516718
2.808 0.516118
2.810 0.515518
2.812 0.514918
2.814 0.514318
2.816 0.513718
2.818 0.513118
2.820 0.512518
2.822 0.511918
2.824 0.511318
2.826 0.510718
2.828 0.510118
2.830 0.509518
2.832 0.508318
2.834 0.508318
2.836 0.507718
2.838 0.507118
2.840 0.506518
2.842 0.505918
2.844 0.504718
2.846 0.504718
2.848 0.504118
2.850 0.503518
2.852 0.502318
2.854 0.502318
2.856 0.501718
2.858 0.501118
2.860 0.499918
2.862 0.499318
2.864 0.499318
2.866 0.498718
2.868 0.498118
2.870 0.497518
2.872 0.496918
2.874 0.496318
2.876 0.495718
2.878 0.495118
2.880 0.494518
2.882 0.493318
2.884 0.492718
2.886 0.492718
2.888 0.492118
2.890 0.491518
2.892 0.490918
2.894 0.490318
2.896 0.489718
2.898 0.489118
2.900 0.488518
2.902 0.487918
2.904 0.487318
2.906 0.486718
2.908 0.486118
2.910 0.485518
2.912 0.484318
2.914 0.484318
2.916 0.483718
2.918 0.483118
2.920 0.482518
2.922 0.481918
2.924 0.481318
2.926 0.480718
2.928 0.480118
2.930 0.478918
2.932 0.478318
2.934 0.477718
2.936 0.477118
2.938 0.476518
2.940 0.475918
2.942 0.475318
2.944 0.474718
2.946 0.474718
2.948 0.474118
2.950 0.473518
2.952 0.472918
2.954 0.472318
2.956 0.471718
2.958 0.471118
2.960 0.470518
2.962 0.469318
2.964 0.469318
2.966 0.468718
2.968 0.468118
2.970 0.466918
2.972 0.466918
2.974 0.465718
2.976 0.465718
2.978 0.465118
2.980 0.464518
2.982 0.463918
2.984 0.462718
2.986 0.462718
2.988 0.462118
2.990 0.461518
2.992 0.460918
2.994 0.460318
2.996 0.459118
2.998 0.458518
3.000 0.458518
3.002 0.457918
3.004 0.457318
3.006 0.456718
3.008 0.456118
3.010 0.455518
3.012 0.454918
3.014 0.454318
3.016 0.453118
3.018 0.452518
3.020 0.452518
3.022 0.451918
3.024 0.451318
3.026 0.450718
3.028 0.450118
3.030 0.449518
3.032 0.448918
3.034 0.448318
3.036 0.447718
3.038 0.447118
3.040 0.446518
3.042 0.445318
3.044 0.445318
3.046 0.444718
3.048 0.444118
3.050 0.442918
3.052 0.442318
3.054 0.441718
3.056 0.441718
3.058 0.440518
3.060 0.439918
3.062 0.439918
3.064 0.439318
3.066 0.438718
3.068 0.438118
3.070 0.436918
3.072 0.436918
3.074 0.436318
3.076 0.435718
3.078 0.435118
3.080 0.434518
3.082 0.433918
3.084 0.433918
3.086 0.432118
3.088 0.431518
3.090 0.431518
3.092 0.430918
3.094 0.430318
3.096 0.429718
3.098 0.428518
3.100 0.428518
3.102 0.427918
3.104 0.427318
3.106 0.426718
3.108 0.426118
3.110 0.425518
3.112 0.424918
3.114 0.423718
3.116 0.423718
3.118 0.423118
3.120 0.422518
3.122 0.421318
3.124 0.420718
3.126 0.420718
3.128 0.420118
3.130 0.419518
3.132 0.418918
3.134 0.418318
3.136 0.417718
3.138 0.417118
3.140 0.416518
3.142 0.415918
3.144 0.415318
3.146 0.414718
3.148 0.414118
3.150 0.413518
3.152 0.412918
3.154 0.412318
3.156 0.411718
3.158 0.411118
3.160 0.410518
3.162 0.409918
3.164 0.409318
3.166 0.408718
3.168 0.408118
3.170 0.407518
3.172 0.406918
3.174 0.406318
3.176 0.405718
3.178 0.405118
3.180 0.403918
3.182 0.403918
3.184 0.402718
3.186 0.402718
3.188 0.402118
3.190 0.401518
3.192 0.400918
3.194 0.399718
3.196 0.399718
3.198 0.399118
3.200 0.398518
3.202 0.397918
3.204 0.397318
3.206 0.396718
3.208 0.396118
3.210 0.395518
3.212 0.394918
3.214 0.394318
3.216 0.393718
3.218 0.393718
3.220 0.393718
3.222 0.391318
3.224 0.390718
3.226 0.390118
3.228 0.389518
3.230 0.389518
3.232 0.388318
3.234 0.388318
3.236 0.387718
3.238 0.387118
3.240 0.386518
3.242 0.385918
3.244 0.384718
3.246 0.384718
3.248 0.384118
3.250 0.382918
3.252 0.382318
3.254 0.381718
3.256 0.381118
3.258 0.380518
3.260 0.379918
3.262 0.379318
3.264 0.378718
3.266 0.378718
3.268 0.378118
3.270 0.377518
3.272 0.376918
3.274 0.376318
3.276 0.375718
3.278 0.375118
3.280 0.374518
3.282 0.373318
3.284 0.373318
3.286 0.372718
3.288 0.371518
3.290 0.371518
3.292 0.371518
3.294 0.371518
3.296 0.371518
3.298 0.369118
3.300 0.368518
3.302 0.367318
3.304 0.367318
3.306 0.366118
3.308 0.366118
3.310 0.366118
3.312 0.365518
3.314 0.364318
3.316 0.363718
3.318 0.363118
3.320 0.362518
3.322 0.361918
3.324 0.360718
3.326 0.360718
3.328 0.360118
3.330 0.358918
3.332 0.358918
3.334 0.358318
3.336 0.357718
3.338 0.357118
3.340 0.356518
3.342 0.355918
3.344 0.355318
3.346 0.354718
3.348 0.354118
3.350 0.353518
3.352 0.352918
3.354 0.352318
3.356 0.351718
3.358 0.350518
3.360 0.350518
3.362 0.349918
3.364 0.349318
3.366 0.348718
3.368 0.348118
3.370 0.347518
3.372 0.346918
3.374 0.346918
3.376 0.345718
3.378 0.344518
3.380 0.344518
3.382 0.343918
3.384 0.343318
3.386 0.342718
3.388 0.342118
3.390 0.340918
3.392 0.340318
3.394 0.340318
3.396 0.339718
3.398 0.339118
3.400 0.338518
3.402 0.337918
3.404 0.337318
3.406 0.336718
3.408 0.336118
3.410 0.335518
3.412 0.334918
3.414 0.334318
3.416 0.333718
3.418 0.333118
3.420 0.332518
3.422 0.331918
3.424 0.331318
3.426 0.330118
3.428 0.330118
3.430 0.329518
3.432 0.328918
3.434 0.328318
3.436 0.327718
3.438 0.327118
3.440 0.326518
3.442 0.325918
3.444 0.325318
3.446 0.324718
3.448 0.324118
3.450 0.322918
3.452 0.322918
3.454 0.321718
3.456 0.321118
3.458 0.320518
3.460 0.319918
3.462 0.319918
3.464 0.319318
3.466 0.318718
3.468 0.318118
3.470 0.317518
3.472 0.316918
3.474 0.316318
3.476 0.315718
3.478 0.315118
3.480 0.314518
3.482 0.313918
3.484 0.313318
3.486 0.312718
3.488 0.312118
3.490 0.310918
3.492 0.310318
3.494 0.310318
3.496 0.310318
3.498 0.308518
3.500 0.307918
3.502 0.307918
3.504 0.307318
3.506 0.306718
3.508 0.305518
3.510 0.305518
3.512 0.304918
3.514 0.304318
3.516 0.303718
3.518 0.303118
3.520 0.302518
3.522 0.301318
3.524 0.301318
3.526 0.300718
3.528 0.300118
3.530 0.299518
3.532 0.298918
3.534 0.297718
3.536 0.297718
3.538 0.297118
3.540 0.296518
3.542 0.295918
3.544 0.294718
3.546 0.294718
3.548 0.294118
3.550 0.293518
3.552 0.292918
3.554 0.292318
3.556 0.291718
3.558 0.291118
3.560 0.290518
3.562 0.289918
3.564 0.289318
3.566 0.288718
3.568 0.288118
3.570 0.287518
3.572 0.286918
3.574 0.286318
3.576 0.285718
3.578 0.285118
3.580 0.284518
3.582 0.283918
3.584 0.283318
3.586 0.282718
3.588 0.282118
3.590 0.281518
3.592 0.280918
3.594 0.279718
3.596 0.279718
3.598 0.279118
3.600 0.278518
3.602 0.277918
3.604 0.277318
3.606 0.276718
3.608 0.276118
3.610 0.275518
3.612 0.274318
3.614 0.274318
3.616 0.273718
3.618 0.272518
3.620 0.272518
3.622 0.271918
3.624 0.271318
3.626 0.270718
3.628 0.270118
3.630 0.269518
3.632 0.268918
3.634 0.268318
3.636 0.267718
3.638 0.267118
3.640 0.265918
3.642 0.265918
3.644 0.265318
3.646 0.264718
3.648 0.264118
3.650 0.263518
3.652 0.263518
3.654 0.262318
3.656 0.261718
3.658 0.261118
3.660 0.259318
3.662 0.259318
3.664 0.259318
3.666 0.258718
3.668 0.258118
3.670 0.257518
3.672 0.256918
3.674 0.256318
3.676 0.255718
3.678 0.255118
3.680 0.254518
3.682 0.253918
3.684 0.253318
3.686 0.252718
3.688 0.252118
3.690 0.250318
3.692 0.250318
3.694 0.249718
3.696 0.249718
3.698 0.249118
3.700 0.248518
3.702 0.247918
3.704 0.247318
3.706 0.246718
3.708 0.245518
3.710 0.245518
3.712 0.244918
3.714 0.244318
3.716 0.243718
3.718 0.243118
3.720 0.242518
3.722 0.241918
3.724 0.241318
3.726 0.240718
3.728 0.240118
3.730 0.238918
3.732 0.238918
3.734 0.238318
3.736 0.237718
3.738 0.237118
3.740 0.235918
3.742 0.235318
3.744 0.234718
3.746 0.234118
3.748 0.234118
3.750 0.233518
3.752 0.232918
3.754 0.232318
3.756 0.231718
3.758 0.231118
3.760 0.230518
3.762 0.229918
3.764 0.229318
3.766 0.228718
3.768 0.228118
3.770 0.227518
3.772 0.226918
3.774 0.225718
3.776 0.225718
3.778 0.225118
3.780 0.224518
3.782 0.223918
3.784 0.223318
3.786 0.222718
3.788 0.222118
3.790 0.221518
3.792 0.220318
3.794 0.219718
3.796 0.219718
3.798 0.219118
3.800 0.218518
3.802 0.217918
3.804 0.217318
3.806 0.216718
3.808 0.216118
3.810 0.215518
3.812 0.214918
3.814 0.214318
3.816 0.213718
3.818 0.213118
3.820 0.212518
3.822 0.211918
3.824 0.211318
3.826 0.210718
3.828 0.210118
3.830 0.209518
3.832 0.208918
3.834 0.208318
3.836 0.207718
3.838 0.207118
3.840 0.206518
3.842 0.205918
3.844 0.205318
3.846 0.204718
3.848 0.204118
3.850 0.203518
3.852 0.203518
3.854 0.203518
3.856 0.202918
3.858 0.202318
3.860 0.199918
3.862 0.199918
3.864 0.199318
3.866 0.198718
3.868 0.198118
3.870 0.197518
3.872 0.196918
3.874 0.196318
3.876 0.195718
3.878 0.195118
3.880 0.194518
3.882 0.193918
3.884 0.193318
3.886 0.192718
3.888 0.191518
3.890 0.191518
3.892 0.190918
3.894 0.190318
3.896 0.189718
3.898 0.189118
3.900 0.188518
3.902 0.187918
3.904 0.187318
3.906 0.186718
3.908 0.186118
3.910 0.185518
3.912 0.184318
3.914 0.184318
3.916 0.183718
3.918 0.183118
3.920 0.182518
3.922 0.181918
3.924 0.181318
3.926 0.180718
3.928 0.180118
3.930 0.179518
3.932 0.178918
3.934 0.178318
3.936 0.177718
3.938 0.177118
3.940 0.176518
3.942 0.175918
3.944 0.175318
3.946 0.174718
3.948 0.174118
3.950 0.173518
3.952 0.172918
3.954 0.172318
3.956 0.171718
3.958 0.171118
3.960 0.170518
3.962 0.169918
3.964 0.168718
3.966 0.168718
3.968 0.167518
3.970 0.167518
3.972 0.166918
3.974 0.166318
3.976 0.165718
3.978 0.165118
3.980 0.164518
3.982 0.163918
3.984 0.163318
3.986 0.162718
3.988 0.162118
3.990 0.161518
3.992 0.160318
3.994 0.160318
3.996 0.159718
3.998 0.159118
4.000 0.158518
4.002 0.157918
4.004 0.157318
4.006 0.156718
4.008 0.156118
4.010 0.155518
4.012 0.154918
4.014 0.154318
4.016 0.153718
4.018 0.153118
4.020 0.152518
4.022 0.151918
4.024 0.151318
4.026 0.150718
4.028 0.150118
4.030 0.149518
4.032 0.148918
4.034 0.148318
4.036 0.147718
4.038 0.147118
4.040 0.146518
4.042 0.145918
4.044 0.145318
4.046 0.144718
4.048 0.144118
4.050 0.142918
4.052 0.142918
4.054 0.142318
4.056 0.141718
4.058 0.141118
4.060 0.140518
4.062 0.139918
4.064 0.139318
4.066 0.138718
4.068 0.137518
4.070 0.137518
4.072 0.136918
4.074 0.136318
4.076 0.135718
4.078 0.135118
4.080 0.133918
4.082 0.133318
4.084 0.133318
4.086 0.132718
4.088 0.132118
4.090 0.131518
4.092 0.130918
4.094 0.130318
4.096 0.129718
4.098 0.129118
4.100 0.128518
4.102 0.127918
4.104 0.127318
4.106 0.126718
4.108 0.126118
4.110 0.125518
4.112 0.124318
4.114 0.123718
4.116 0.123718
4.118 0.122518
4.120 0.122518
4.122 0.121918
4.124 0.121318
4.126 0.120718
4.128 0.120118
4.130 0.119518
4.132 0.118918
4.134 0.118318
4.136 0.117118
4.138 0.116518
4.140 0.116518
4.142 0.115918
4.144 0.115318
4.146 0.114118
4.148 0.114118
4.150 0.113518
4.152 0.112918
4.154 0.112318
4.156 0.111118
4.158 0.110518
4.160 0.110518
4.162 0.109918
4.164 0.109318
4.166 0.108718
4.168 0.108118
4.170 0.107518
4.172 0.106918
4.174 0.106318
4.176 0.105718
4.178 0.105118
4.180 0.104518
4.182 0.103318
4.184 0.103318
4.186 0.102718
4.188 0.101518
4.190 0.100918
4.192 0.100918
4.194 0.100318
4.196 0.099718
4.198 0.098518
4.200 0.098518
4.202 0.097918
4.204 0.097318
4.206 0.096718
4.208 0.096118
4.210 0.095518
4.212 0.094318
4.214 0.094318
4.216 0.093718
4.218 0.093118
4.220 0.092518
4.222 0.091918
4.224 0.091318
4.226 0.090718
4.228 0.090118
4.230 0.089518
4.232 0.088918
4.234 0.088318
4.236 0.087718
4.238 0.087118
4.240 0.086518
4.242 0.085918
4.244 0.085318
4.246 0.084718
4.248 0.084118
4.250 0.083518
4.252 0.082318
4.254 0.081718
4.256 0.081118
4.258 0.081118
4.260 0.080518
4.262 0.079918
4.264 0.079318
4.266 0.078718
4.268 0.078718
4.270 0.077518
4.272 0.076918
4.274 0.076318
4.276 0.075718
4.278 0.075118
4.280 0.074518
4.282 0.073318
4.284 0.073318
4.286 0.072718
4.288 0.072118
4.290 0.071518
4.292 0.071518
4.294 0.071518
4.296 0.070318
4.298 0.069118
4.300 0.068518
4.302 0.067918
4.304 0.067318
4.306 0.066718
4.308 0.065518
4.310 0.065518
4.312 0.064918
4.314 0.063718
4.316 0.063718
4.318 0.063118
4.320 0.061918
4.322 0.061918
4.324 0.061318
4.326 0.060718
4.328 0.060118
4.330 0.059518
4.332 0.058918
4.334 0.058318
4.336 0.057718
4.338 0.057118
4.340 0.056518
4.342 0.055918
4.344 0.055318
4.346 0.054118
4.348 0.054118
4.350 0.053518
4.352 0.052918
4.354 0.052318
4.356 0.051718
4.358 0.051118
4.360 0.050518
4.362 0.049918
4.364 0.049318
4.366 0.048718
4.368 0.048118
4.370 0.047518
4.372 0.047518
4.374 0.047518
4.376 0.046918
4.378 0.045118
4.380 0.044518
4.382 0.043918
4.384 0.043318
4.386 0.042718
4.388 0.042118
4.390 0.041518
4.392 0.040918
4.394 0.040318
4.396 0.039718
4.398 0.038518
4.400 0.038518
4.402 0.037318
4.404 0.037318
4.406 0.036718
4.408 0.036118
4.410 0.035518
4.412 0.034918
4.414 0.034318
4.416 0.033718
4.418 0.033118
4.420 0.032518
4.422 0.031918
4.424 0.031318
4.426 0.030718
4.428 0.030118
4.430 0.029518
4.432 0.028918
4.434 0.028318
4.436 0.027718
4.438 0.027118
4.440 0.026518
4.442 0.025918
4.444 0.025318
4.446 0.024718
4.448 0.024118
4.450 0.023518
4.452 0.022318
4.454 0.022318
4.456 0.021118
4.458 0.021118
4.460 0.020518
4.462 0.019918
4.464 0.019318
4.466 0.018718
4.468 0.018118
4.470 0.017518
4.472 0.016918
4.474 0.016318
4.476 0.015718
4.478 0.015118
4.480 0.014518
4.482 0.013318
4.484 0.013318
4.486 0.012718
4.488 0.011518
4.490 0.011518
4.492 0.010918
4.494 0.010318
4.496 0.009718
4.498 0.009118
4.500 0.008518
4.502 0.007918
4.504 0.007318
4.506 0.006718
4.508 0.006118
4.510 0.005518
4.512 0.004318
4.514 0.003718
4.516 0.003118
4.518 0.003118
4.520 0.002518
4.522 0.001918
4.524 0.001318
4.526 0.000118
4.528 -0.000482
4.530 -0.000482
4.532 -0.000482
4.534 -0.001682
4.536 -0.002282
4.538 -0.002882
4.540 -0.003482
4.542 -0.004082
4.544 -0.004682
4.546 -0.005282
4.548 -0.005882
4.550 -0.006482
4.552 -0.007082
4.554 -0.007682
4.556 -0.008282
4.558 -0.008882
4.560 -0.009482
4.562 -0.010082
4.564 -0.010682
4.566 -0.011282
4.568 -0.011882
4.570 -0.012482
4.572 -0.013082
4.574 -0.013682
4.576 -0.014282
4.578 -0.014882
4.580 -0.015482
4.582 -0.016082
4.584 -0.016682
4.586 -0.017282
4.588 -0.017882
4.590 -0.018482
4.592 -0.019082
4.594 -0.020282
4.596 -0.020882
4.598 -0.020882
4.600 -0.021482
4.602 -0.022082
4.604 -0.022682
4.606 -0.023282
4.608 -0.023882
4.610 -0.024482
4.612 -0.025082
4.614 -0.026282
4.616 -0.026882
4.618 -0.026882
4.620 -0.027482
4.622 -0.028682
4.624 -0.028682
4.626 -0.029282
4.628 -0.029882
4.630 -0.030482
4.632 -0.031682
4.634 -0.031682
4.636 -0.032282
4.638 -0.032882
4.640 -0.033482
4.642 -0.034082
4.644 -0.034682
4.646 -0.035282
4.648 -0.035882
4.650 -0.036482
4.652 -0.037082
4.654 -0.037682
4.656 -0.037682
4.658 -0.038882
4.660 -0.039482
4.662 -0.040082
4.664 -0.040682
4.666 -0.041282
4.668 -0.041882
4.670 -0.042482
4.672 -0.043082
4.674 -0.043682
4.676 -0.044282
4.678 -0.044882
4.680 -0.045482
4.682 -0.046082
4.684 -0.046682
4.686 -0.047282
4.688 -0.047882
4.690 -0.048482
4.692 -0.049082
4.694 -0.049682
4.696 -0.050282
4.698 -0.050882
4.700 -0.051482
4.702 -0.052082
4.704 -0.052682
4.706 -0.053282
4.708 -0.053882
4.710 -0.054482
4.712 -0.055082
4.714 -0.055682
4.716 -0.056282
4.718 -0.056882
4.720 -0.057482
4.722 -0.058082
4.724 -0.058682
4.726 -0.059282
4.728 -0.059882
4.730 -0.060482
4.732 -0.061082
4.734 -0.062282
4.736 -0.062882
4.738 -0.062882
4.740 -0.064082
4.742 -0.064082
4.744 -0.064682
4.746 -0.065282
4.748 -0.065882
4.750 -0.066482
4.752 -0.067082
4.754 -0.067682
4.756 -0.068282
4.758 -0.069482
4.760 -0.069482
4.762 -0.070082
4.764 -0.070682
4.766 -0.071282
4.768 -0.072482
4.770 -0.072482
4.772 -0.073082
4.774 -0.073682
4.776 -0.074282
4.778 -0.074882
4.780 -0.074882
4.782 -0.076082
4.784 -0.076682
4.786 -0.077282
4.788 -0.077882
4.790 -0.078482
4.792 -0.079682
4.794 -0.080282
4.796 -0.080882
4.798 -0.080882
4.800 -0.081482
4.802 -0.082082
4.804 -0.082682
4.806 -0.083282
4.808 -0.083882
4.810 -0.084482
4.812 -0.085082
4.814 -0.086282
4.816 -0.086882
4.818 -0.087482
4.820 -0.087482
4.822 -0.088682
4.824 -0.089282
4.826 -0.089282
4.828 -0.090482
4.830 -0.090482
4.832 -0.091082
4.834 -0.091682
4.836 -0.092282
4.838 -0.092882
4.840 -0.093482
4.842 -0.094082
4.844 -0.094682
4.846 -0.095282
4.848 -0.095882
4.850 -0.097082
4.852 -0.097082
4.854 -0.097682
4.856 -0.098282
4.858 -0.098282
4.860 -0.100082
4.862 -0.100082
4.864 -0.100682
4.866 -0.101282
4.868 -0.102482
4.870 -0.102482
4.872 -0.103082
4.874 -0.103682
4.876 -0.104282
4.878 -0.104882
4.880 -0.105482
4.882 -0.106082
4.884 -0.107282
4.886 -0.107282
4.888 -0.107882
4.890 -0.108482
4.892 -0.109082
4.894 -0.109682
4.896 -0.110282
4.898 -0.110882
4.900 -0.111482
4.902 -0.112682
4.904 -0.112682
4.906 -0.113282
4.908 -0.115082
4.910 -0.115082
4.912 -0.115082
4.914 -0.115682
4.916 -0.116282
4.918 -0.116882
4.920 -0.117482
4.922 -0.118082
4.924 -0.118682
4.926 -0.119282
4.928 -0.119882
4.930 -0.121082
4.932 -0.121682
4.934 -0.121682
4.936 -0.122282
4.938 -0.122882
4.940 -0.123482
4.942 -0.124082
4.944 -0.124682
4.946 -0.125882
4.948 -0.125882
4.950 -0.126482
4.952 -0.127682
4.954 -0.127682
4.956 -0.128282
4.958 -0.128882
4.960 -0.129482
4.962 -0.130082
4.964 -0.130682
4.966 -0.131282
4.968 -0.131882
4.970 -0.132482
4.972 -0.133082
4.974 -0.134282
4.976 -0.134282
4.978 -0.134882
4.980 -0.135482
4.982 -0.136082
4.984 -0.138482
4.986 -0.138482
4.988 -0.138482
4.990 -0.139082
4.992 -0.139682
4.994 -0.140282
4.996 -0.140282
4.998 -0.140882
5.000 -0.141482
5.002 -0.142082
5.004 -0.142682
5.006 -0.143282
5.008 -0.143882
5.010 -0.144482
5.012 -0.145082
5.014 -0.145682
5.016 -0.146882
5.018 -0.146882
5.020 -0.147482
5.022 -0.148682
5.024 -0.148682
5.026 -0.149282
5.028 -0.149882
5.030 -0.150482
5.032 -0.151082
5.034 -0.151682
5.036 -0.152282
5.038 -0.152882
5.040 -0.153482
5.042 -0.154082
5.044 -0.155282
5.046 -0.155282
5.048 -0.155882
5.050 -0.156482
5.052 -0.157082
5.054 -0.157682
5.056 -0.158882
5.058 -0.158882
5.060 -0.159482
5.062 -0.160082
5.064 -0.160682
5.066 -0.161282
5.068 -0.162482
5.070 -0.162482
5.072 -0.163682
5.074 -0.163682
5.076 -0.164282
5.078 -0.165482
5.080 -0.165482
5.082 -0.166082
5.084 -0.166682
5.086 -0.167282
5.088 -0.167882
5.090 -0.168482
5.092 -0.169082
5.094 -0.169682
5.096 -0.170882
5.098 -0.170882
5.100 -0.171482
5.102 -0.172082
5.104 -0.173282
5.106 -0.173282
5.108 -0.173882
5.110 -0.174482
5.112 -0.175082
5.114 -0.175682
5.116 -0.176282
5.118 -0.176882
5.120 -0.177482
5.122 -0.178082
5.124 -0.178682
5.126 -0.179882
5.128 -0.180482
5.130 -0.181082
5.132 -0.181682
5.134 -0.181682
5.136 -0.182282
5.138 -0.182882
5.140 -0.183482
5.142 -0.184082
5.144 -0.184682
5.146 -0.185282
5.148 -0.186482
5.150 -0.186482
5.152 -0.187082
5.154 -0.187682
5.156 -0.188282
5.158 -0.189482
5.160 -0.189482
5.162 -0.190082
5.164 -0.190682
5.166 -0.191282
5.168 -0.191882
5.170 -0.192482
5.172 -0.193082
5.174 -0.193682
5.176 -0.194282
5.178 -0.194882
5.180 -0.195482
5.182 -0.196082
5.184 -0.196682
5.186 -0.197282
5.188 -0.197282
5.190 -0.197282
5.192 -0.197282
5.194 -0.199082
5.196 -0.200282
5.198 -0.201482
5.200 -0.201482
5.202 -0.202082
5.204 -0.202682
5.206 -0.203282
5.208 -0.203882
5.210 -0.204482
5.212 -0.205082
5.214 -0.205682
5.216 -0.206282
5.218 -0.206882
5.220 -0.208082
5.222 -0.208682
5.224 -0.209282
5.226 -0.209282
5.228 -0.210482
5.230 -0.210482
5.232 -0.211082
5.234 -0.211682
5.236 -0.212282
5.238 -0.212882
5.240 -0.213482
5.242 -0.214082
5.244 -0.215882
5.246 -0.215882
5.248 -0.216482
5.250 -0.217082
5.252 -0.217682
5.254 -0.218282
5.256 -0.218282
5.258 -0.218882
5.260 -0.219482
5.262 -0.220082
5.264 -0.220682
5.266 -0.221282
5.268 -0.221882
5.270 -0.222482
5.272 -0.223082
5.274 -0.223682
5.276 -0.224882
5.278 -0.224882
5.280 -0.225482
5.282 -0.226082
5.284 -0.226682
5.286 -0.227282
5.288 -0.228482
5.290 -0.228482
5.292 -0.229682
5.294 -0.229682
5.296 -0.230282
5.298 -0.230882
5.300 -0.231482
5.302 -0.232082
5.304 -0.232682
5.306 -0.233282
5.308 -0.233882
5.310 -0.234482
5.312 -0.235682
5.314 -0.235682
5.316 -0.236282
5.318 -0.237482
5.320 -0.237482
5.322 -0.238082
5.324 -0.239282
5.326 -0.239282
5.328 -0.240482
5.330 -0.240482
5.332 -0.241082
5.334 -0.241682
5.336 -0.242282
5.338 -0.242882
5.340 -0.243482
5.342 -0.244682
5.344 -0.244682
5.346 -0.245282
5.348 -0.245882
5.350 -0.246482
5.352 -0.247082
5.354 -0.247682
5.356 -0.248282
5.358 -0.248882
5.360 -0.249482
5.362 -0.250082
5.364 -0.250682
5.366 -0.251882
5.368 -0.252482
5.370 -0.252482
5.372 -0.253082
5.374 -0.254282
5.376 -0.254282
5.378 -0.254882
5.380 -0.255482
5.382 -0.256682
5.384 -0.257282
5.386 -0.257282
5.388 -0.258482
5.390 -0.258482
5.392 -0.259082
5.394 -0.259682
5.396 -0.260282
5.398 -0.260882
5.400 -0.261482
5.402 -0.262082
5.404 -0.262682
5.406 -0.263282
5.408 -0.263882
5.410 -0.264482
5.412 -0.264482
5.414 -0.264482
5.416 -0.266282
5.418 -0.266882
5.420 -0.267482
5.422 -0.268082
5.424 -0.268682
5.426 -0.269282
5.428 -0.269882
5.430 -0.270482
5.432 -0.271682
5.434 -0.272282
5.436 -0.272282
5.438 -0.272882
5.440 -0.273482
5.442 -0.274082
5.444 -0.274682
5.446 -0.275282
5.448 -0.275882
5.450 -0.276482
5.452 -0.277082
5.454 -0.277682
5.456 -0.278282
5.458 -0.278882
5.460 -0.279482
5.462 -0.280082
5.464 -0.281282
5.466 -0.281282
5.468 -0.281882
5.470 -0.282482
5.472 -0.283682
5.474 -0.284282
5.476 -0.284282
5.478 -0.284882
5.480 -0.285482
5.482 -0.286682
5.484 -0.286682
5.486 -0.287882
5.488 -0.287882
5.490 -0.288482
5.492 -0.289082
5.494 -0.289682
5.496 -0.290282
5.498 -0.290882
5.500 -0.291482
5.502 -0.292682
5.504 -0.293282
5.506 -0.293882
5.508 -0.293882
5.510 -0.294482
5.512 -0.295082
5.514 -0.295682
5.516 -0.296882
5.518 -0.297482
5.520 -0.298082
5.522 -0.298082
5.524 -0.299282
5.526 -0.299282
5.528 -0.299882
5.530 -0.300482
5.532 -0.301082
5.534 -0.301682
5.536 -0.302282
5.538 -0.302882
5.540 -0.303482
5.542 -0.304082
5.544 -0.304682
5.546 -0.305282
5.548 -0.306482
5.550 -0.306482
5.552 -0.307082
5.554 -0.307682
5.556 -0.308282
5.558 -0.308882
5.560 -0.309482
5.562 -0.310082
5.564 -0.310682
5.566 -0.311282
5.568 -0.312482
5.570 -0.312482
5.572 -0.313682
5.574 -0.313682
5.576 -0.314282
5.578 -0.314882
5.580 -0.315482
5.582 -0.316082
5.584 -0.316682
5.586 -0.317282
5.588 -0.317882
5.590 -0.318482
5.592 -0.319682
5.594 -0.320282
5.596 -0.320282
5.598 -0.320882
5.600 -0.321482
5.602 -0.322082
5.604 -0.323282
5.606 -0.323882
5.608 -0.323882
5.610 -0.324482
5.612 -0.325082
5.614 -0.325682
5.616 -0.326282
5.618 -0.327482
5.620 -0.327482
5.622 -0.328082
5.624 -0.328682
5.626 -0.329282
5.628 -0.329882
5.630 -0.330482
5.632 -0.331682
5.634 -0.331682
5.636 -0.332282
5.638 -0.332882
5.640 -0.333482
5.642 -0.334082
5.644 -0.334682
5.646 -0.335282
5.648 -0.335882
5.650 -0.336482
5.652 -0.337082
5.654 -0.337682
5.656 -0.338282
5.658 -0.338882
5.660 -0.339482
5.662 -0.340082
5.664 -0.340682
5.666 -0.341282
5.668 -0.341882
5.670 -0.342482
5.672 -0.343082
5.674 -0.343682
5.676 -0.344282
5.678 -0.344882
5.680 -0.345482
5.682 -0.346082
5.684 -0.346682
5.686 -0.347282
5.688 -0.347882
5.690 -0.348482
5.692 -0.349082
5.694 -0.349682
5.696 -0.350282
5.698 -0.350882
5.700 -0.351482
5.702 -0.352082
5.704 -0.352682
5.706 -0.353282
5.708 -0.353882
5.710 -0.354482
5.712 -0.355082
5.714 -0.356282
5.716 -0.356882
5.718 -0.356882
5.720 -0.357482
5.722 -0.358082
5.724 -0.358682
5.726 -0.359282
5.728 -0.359882
5.730 -0.360482
5.732 -0.361082
5.734 -0.361682
5.736 -0.362282
5.738 -0.362882
5.740 -0.363482
5.742 -0.364082
5.744 -0.364682
5.746 -0.365282
5.748 -0.365882
5.750 -0.366482
5.752 -0.367082
5.754 -0.367682
5.756 -0.368282
5.758 -0.368882
5.760 -0.369482
5.762 -0.370082
5.764 -0.370682
5.766 -0.371882
5.768 -0.371882
5.770 -0.372482
5.772 -0.373682
5.774 -0.373682
5.776 -0.374282
5.778 -0.374882
5.780 -0.375482
5.782 -0.376082
5.784 -0.376682
5.786 -0.377882
5.788 -0.378482
5.790 -0.378482
5.792 -0.379682
5.794 -0.380282
5.796 -0.380282
5.798 -0.381482
5.800 -0.381482
5.802 -0.382082
5.804 -0.382682
5.806 -0.383282
5.808 -0.383882
5.810 -0.384482
5.812 -0.385682
5.814 -0.386282
5.816 -0.386882
5.818 -0.386882
5.820 -0.387482
5.822 -0.388082
5.824 -0.389282
5.826 -0.389882
5.828 -0.390482
5.830 -0.390482
5.832 -0.391082
5.834 -0.391682
5.836 -0.392282
5.838 -0.392882
5.840 -0.393482
5.842 -0.394082
5.844 -0.394682
5.846 -0.395282
5.848 -0.395882
5.850 -0.398282
5.852 -0.398282
5.854 -0.398282
5.856 -0.398282
5.858 -0.398882
5.860 -0.399482
5.862 -0.400682
5.864 -0.400682
5.866 -0.401282
5.868 -0.401882
5.870 -0.402482
5.872 -0.403082
5.874 -0.403682
5.876 -0.404282
5.878 -0.404882
5.880 -0.405482
5.882 -0.406082
5.884 -0.407282
5.886 -0.407882
5.888 -0.407882
5.890 -0.408482
5.892 -0.409682
5.894 -0.410282
5.896 -0.410882
5.898 -0.410882
5.900 -0.411482
5.902 -0.411482
5.904 -0.411482
5.906 -0.413282
5.908 -0.413882
5.910 -0.414482
5.912 -0.415082
5.914 -0.416282
5.916 -0.416282
5.918 -0.416882
5.920 -0.417482
5.922 -0.418082
5.924 -0.418682
5.926 -0.419282
5.928 -0.419882
5.930 -0.420482
5.932 -0.421082
5.934 -0.421682
5.936 -0.422882
5.938 -0.422882
5.940 -0.424082
5.942 -0.424682
5.944 -0.425282
5.946 -0.425282
5.948 -0.425882
5.950 -0.426482
5.952 -0.427082
5.954 -0.427682
5.956 -0.428282
5.958 -0.428882
5.960 -0.430082
5.962 -0.430082
5.964 -0.430682
5.966 -0.431282
5.968 -0.431882
5.970 -0.432482
5.972 -0.433082
5.974 -0.433682
5.976 -0.434882
5.978 -0.435482
5.980 -0.435482
5.982 -0.436082
5.984 -0.436682
5.986 -0.437282
5.988 -0.437882
5.990 -0.439082
5.992 -0.439682
5.994 -0.439682
5.996 -0.440282
5.998 -0.440882
6.000 -0.442082
6.002 -0.442082
6.004 -0.442682
6.006 -0.443282
6.008 -0.443882
6.010 -0.445082
6.012 -0.445682
6.014 -0.446282
6.016 -0.446882
6.018 -0.446882
6.020 -0.447482
6.022 -0.448082
6.024 -0.448682
6.026 -0.449282
6.028 -0.450482
6.030 -0.450482
6.032 -0.451682
6.034 -0.451682
6.036 -0.452282
6.038 -0.452882
6.040 -0.453482
6.042 -0.454682
6.044 -0.454682
6.046 -0.455282
6.048 -0.455882
6.050 -0.456482
6.052 -0.456482
6.054 -0.456482
6.056 -0.456482
6.058 -0.458882
6.060 -0.460082
6.062 -0.460682
6.064 -0.460682
6.066 -0.461282
6.068 -0.461882
6.070 -0.462482
6.072 -0.463082
6.074 -0.463682
6.076 -0.464282
6.078 -0.464882
6.080 -0.465482
6.082 -0.466682
6.084 -0.466682
6.086 -0.467882
6.088 -0.467882
6.090 -0.468482
6.092 -0.468482
6.094 -0.468482
6.096 -0.469682
6.098 -0.470882
6.100 -0.471482
6.102 -0.472082
6.104 -0.472682
6.106 -0.473282
6.108 -0.473882
6.110 -0.474482
6.112 -0.475082
6.114 -0.475082
6.116 -0.476282
6.118 -0.476882
6.120 -0.477482
6.122 -0.478082
6.124 -0.479282
6.126 -0.479282
6.128 -0.479882
6.130 -0.480482
6.132 -0.481082
6.134 -0.481682
6.136 -0.482282
6.138 -0.482882
6.140 -0.483482
6.142 -0.484082
6.144 -0.484682
6.146 -0.485282
6.148 -0.486482
6.150 -0.486482
6.152 -0.487082
6.154 -0.487682
6.156 -0.488282
6.158 -0.489482
6.160 -0.489482
6.162 -0.490082
6.164 -0.490682
6.166 -0.491282
6.168 -0.491882
6.170 -0.492482
6.172 -0.493082
6.174 -0.494282
6.176 -0.494882
6.178 -0.495482
6.180 -0.495482
6.182 -0.496682
6.184 -0.496682
6.186 -0.497282
6.188 -0.497882
6.190 -0.498482
6.192 -0.499082
6.194 -0.500282
6.196 -0.500882
6.198 -0.500882
6.200 -0.501482
6.202 -0.502082
6.204 -0.502682
6.206 -0.503282
6.208 -0.503882
6.210 -0.504482
6.212 -0.505082
6.214 -0.505682
6.216 -0.506282
6.218 -0.507482
6.220 -0.508082
6.222 -0.508082
6.224 -0.509282
6.226 -0.509282
6.228 -0.509882
6.230 -0.510482
6.232 -0.511082
6.234 -0.511682
6.236 -0.512882
6.238 -0.512882
6.240 -0.513482
6.242 -0.514082
6.244 -0.514682
6.246 -0.515282
6.248 -0.515882
6.250 -0.519482
6.252 -0.520082
6.254 -0.520082
6.256 -0.520682
6.258 -0.521282
6.260 -0.521882
6.262 -0.522482
6.264 -0.522482
6.266 -0.523082
6.268 -0.523682
6.270 -0.524282
6.272 -0.524882
6.274 -0.525482
6.276 -0.526082
6.278 -0.526682
6.280 -0.527282
6.282 -0.527882
6.284 -0.528482
6.286 -0.529082
6.288 -0.529682
6.290 -0.530882
6.292 -0.530882
6.294 -0.531482
6.296 -0.532082
6.298 -0.532682
6.300 -0.533282
6.302 -0.533882
6.304 -0.534482
6.306 -0.535082
6.308 -0.535682
6.310 -0.536282
6.312 -0.536282
6.314 -0.537482
6.316 -0.538082
6.318 -0.538682
6.320 -0.539282
6.322 -0.539882
6.324 -0.540482
6.326 -0.541082
6.328 -0.541682
6.330 -0.541682
6.332 -0.542882
6.334 -0.543482
6.336 -0.544682
6.338 -0.544682
6.340 -0.545882
6.342 -0.546482
6.344 -0.546482
6.346 -0.547082
6.348 -0.547682
6.350 -0.548282
6.352 -0.548882
6.354 -0.549482
6.356 -0.550082
6.358 -0.550682
6.360 -0.551282
6.362 -0.551882
6.364 -0.552482
6.366 -0.553082
6.368 -0.553682
6.370 -0.554282
6.372 -0.554882
6.374 -0.555482
6.376 -0.556082
6.378 -0.557882
6.380 -0.559682
6.382 -0.559682
6.384 -0.559682
6.386 -0.560282
6.388 -0.560282
6.390 -0.560882
6.392 -0.560882
6.394 -0.562082
6.396 -0.562082
6.398 -0.562682
6.400 -0.563282
6.402 -0.563882
6.404 -0.564482
6.406 -0.565082
6.408 -0.566282
6.410 -0.566282
6.412 -0.566882
6.414 -0.568082
6.416 -0.568082
6.418 -0.569282
6.420 -0.569282
6.422 -0.569882
6.424 -0.570482
6.426 -0.571082
6.428 -0.571682
6.430 -0.572882
6.432 -0.572882
6.434 -0.573482
6.436 -0.574082
6.438 -0.574682
6.440 -0.575282
6.442 -0.575882
6.444 -0.576482
6.446 -0.576482
6.448 -0.577682
6.450 -0.578282
6.452 -0.578882
6.454 -0.579482
6.456 -0.580082
6.458 -0.580682
6.460 -0.581282
6.462 -0.581882
6.464 -0.582482
6.466 -0.583082
6.468 -0.583682
6.470 -0.584282
6.472 -0.584882
6.474 -0.585482
6.476 -0.586082
6.478 -0.587282
6.480 -0.587882
6.482 -0.587882
6.484 -0.588482
6.486 -0.588482
6.488 -0.588482
6.490 -0.590282
6.492 -0.591482
6.494 -0.591482
6.496 -0.592682
6.498 -0.592682
6.500 -0.593282
6.502 -0.593882
6.504 -0.594482
6.506 -0.595682
6.508 -0.595682
6.510 -0.596282
6.512 -0.596882
6.514 -0.597482
6.516 -0.598082
6.518 -0.598682
6.520 -0.599282
6.522 -0.599882
6.524 -0.601082
6.526 -0.601082
6.528 -0.601682
6.530 -0.602282
6.532 -0.602882
6.534 -0.603482
6.536 -0.604682
6.538 -0.604682
6.540 -0.605282
6.542 -0.606482
6.544 -0.606482
6.546 -0.607082
6.548 -0.607682
6.550 -0.608282
6.552 -0.608882
6.554 -0.609482
6.556 -0.610082
6.558 -0.610682
6.560 -0.611282
6.562 -0.612482
6.564 -0.612482
6.566 -0.613082
6.568 -0.613682
6.570 -0.614282
6.572 -0.614882
6.574 -0.615482
6.576 -0.616082
6.578 -0.616682
6.580 -0.617282
6.582 -0.617882
6.584 -0.618482
6.586 -0.619082
6.588 -0.619682
6.590 -0.620882
6.592 -0.620882
6.594 -0.621482
6.596 -0.622082
6.598 -0.622682
6.600 -0.623882
6.602 -0.623882
6.604 -0.624482
6.606 -0.625082
6.608 -0.625682
6.610 -0.626282
6.612 -0.626882
6.614 -0.628082
6.616 -0.628682
6.618 -0.629282
6.620 -0.629882
6.622 -0.629882
6.624 -0.630482
6.626 -0.631682
6.628 -0.631682
6.630 -0.632282
6.632 -0.632882
6.634 -0.633482
6.636 -0.634082
6.638 -0.634682
6.640 -0.635282
6.642 -0.635882
6.644 -0.636482
6.646 -0.637082
6.648 -0.637682
6.650 -0.638882
6.652 -0.638882
6.654 -0.639482
6.656 -0.640082
6.658 -0.640682
6.660 -0.641282
6.662 -0.641882
6.664 -0.642482
6.666 -0.643082
6.668 -0.643682
6.670 -0.644282
6.672 -0.645482
6.674 -0.645482
6.676 -0.646082
6.678 -0.646682
6.680 -0.647282
6.682 -0.647882
6.684 -0.648482
6.686 -0.648482
6.688 -0.648482
6.690 -0.650882
6.692 -0.650882
6.694 -0.651482
6.696 -0.652082
6.698 -0.652682
6.700 -0.653282
6.702 -0.653882
6.704 -0.654482
6.706 -0.655082
6.708 -0.655682
6.710 -0.656282
6.712 -0.657482
6.714 -0.657482
6.716 -0.658082
6.718 -0.658682
6.720 -0.659282
6.722 -0.659882
6.724 -0.660482
6.726 -0.661682
6.728 -0.661682
6.730 -0.662282
6.732 -0.662882
6.734 -0.663482
6.736 -0.664082
6.738 -0.664682
6.740 -0.665882
6.742 -0.665882
6.744 -0.666482
6.746 -0.667082
6.748 -0.668282
6.750 -0.668882
6.752 -0.668882
6.754 -0.669482
6.756 -0.670082
6.758 -0.670682
6.760 -0.671282
6.762 -0.671882
6.764 -0.672482
6.766 -0.673082
6.768 -0.673682
6.770 -0.674282
6.772 -0.674882
6.774 -0.675482
6.776 -0.676082
6.778 -0.676682
6.780 -0.677282
6.782 -0.677882
6.784 -0.678482
6.786 -0.679082
6.788 -0.679682
6.790 -0.680282
6.792 -0.680882
6.794 -0.681482
6.796 -0.682082
6.798 -0.682682
6.800 -0.683282
6.802 -0.683882
6.804 -0.684482
6.806 -0.685082
6.808 -0.685682
6.810 -0.686282
6.812 -0.686882
6.814 -0.687482
6.816 -0.688082
6.818 -0.688682
6.820 -0.689282
6.822 -0.689882
6.824 -0.690482
6.826 -0.691082
6.828 -0.692282
6.830 -0.692282
6.832 -0.692882
6.834 -0.693482
6.836 -0.694082
6.838 -0.694682
6.840 -0.695282
6.842 -0.695882
6.844 -0.697082
6.846 -0.697082
6.848 -0.697682
6.850 -0.698282
6.852 -0.698882
6.854 -0.699482
6.856 -0.700082
6.858 -0.700682
6.860 -0.701282
6.862 -0.701882
6.864 -0.703082
6.866 -0.703682
6.868 -0.703682
6.870 -0.704282
6.872 -0.704882
6.874 -0.705482
6.876 -0.706082
6.878 -0.707282
6.880 -0.707882
6.882 -0.707882
6.884 -0.709082
6.886 -0.709082
6.888 -0.709682
6.890 -0.710282
6.892 -0.710882
6.894 -0.711482
6.896 -0.712082
6.898 -0.712682
6.900 -0.713282
6.902 -0.714482
6.904 -0.714482
6.906 -0.715082
6.908 -0.715682
6.910 -0.716882
6.912 -0.716882
6.914 -0.717482
6.916 -0.718082
6.918 -0.718682
6.920 -0.719882
6.922 -0.720482
6.924 -0.721082
6.926 -0.721082
6.928 -0.722282
6.930 -0.722882
6.932 -0.723482
6.934 -0.724082
6.936 -0.724682
6.938 -0.724682
6.940 -0.725282
6.942 -0.725882
6.944 -0.726482
6.946 -0.727082
6.948 -0.727682
6.950 -0.728282
6.952 -0.729482
6.954 -0.729482
6.956 -0.730082
6.958 -0.730682
6.960 -0.731882
6.962 -0.731882
6.964 -0.732482
6.966 -0.733082
6.968 -0.734282
6.970 -0.734282
6.972 -0.734882
6.974 -0.735482
6.976 -0.736082
6.978 -0.737282
6.980 -0.737282
6.982 -0.737882
6.984 -0.738482
6.986 -0.739082
6.988 -0.740282
6.990 -0.740282
6.992 -0.740882
6.994 -0.741482
6.996 -0.742082
6.998 -0.742682
7.000 -0.743282
7.002 -0.744482
7.004 -0.744482
7.006 -0.745082
7.008 -0.745082
7.010 -0.746282
7.012 -0.746282
7.014 -0.746282
7.016 -0.746282
7.018 -0.746282
7.020 -0.749282
7.022 -0.749882
7.024 -0.750482
7.026 -0.751082
7.028 -0.751682
7.030 -0.752282
7.032 -0.752882
7.034 -0.753482
7.036 -0.754082
7.038 -0.754682
7.040 -0.755282
7.042 -0.756482
7.044 -0.756482
7.046 -0.756482
7.048 -0.756482
7.050 -0.758282
7.052 -0.758882
7.054 -0.759482
7.056 -0.760082
7.058 -0.760682
7.060 -0.761282
7.062 -0.761882
7.064 -0.762482
7.066 -0.763082
7.068 -0.763682
7.070 -0.764282
7.072 -0.764882
7.074 -0.765482
7.076 -0.766082
7.078 -0.766682
7.080 -0.767282
7.082 -0.767882
7.084 -0.768482
7.086 -0.768482
7.088 -0.768482
7.090 -0.770282
7.092 -0.772082
7.094 -0.772082
7.096 -0.772082
7.098 -0.773282
7.100 -0.773282
7.102 -0.774482
7.104 -0.774482
7.106 -0.775082
7.108 -0.776280
7.110 -0.776280
7.112 -0.776878
7.114 -0.777475
7.116 -0.778071
7.118 -0.778667
7.120 -0.779261
7.122 -0.779855
7.124 -0.780448
7.126 -0.781041
7.128 -0.782223
7.130 -0.782813
7.132 -0.783402
7.134 -0.783402
7.136 -0.783990
7.138 -0.784577
7.140 -0.785164
7.142 -0.785750
7.144 -0.786335
7.146 -0.786919
7.148 -0.787503
7.150 -0.788086
7.152 -0.788668
7.154 -0.789249
7.156 -0.789829
7.158 -0.790408
7.160 -0.791565
7.162 -0.791565
7.164 -0.792718
7.166 -0.792718
7.168 -0.793294
7.170 -0.793869
7.172 -0.794442
7.174 -0.795016
7.176 -0.795588
7.178 -0.796159
7.180 -0.796730
7.182 -0.797300
7.184 -0.797869
7.186 -0.799005
7.188 -0.799005
7.190 -0.799571
7.192 -0.800137
7.194 -0.800702
7.196 -0.801267
7.198 -0.801830
7.200 -0.802393
7.202 -0.802955
7.204 -0.803516
7.206 -0.803516
7.208 -0.803516
7.210 -0.805194
7.212 -0.805752
7.214 -0.806309
7.216 -0.806866
7.218 -0.807421
7.220 -0.807976
7.222 -0.808530
7.224 -0.809083
7.226 -0.809635
7.228 -0.810187
7.230 -0.810737
7.232 -0.811287
7.234 -0.811836
7.236 -0.812932
7.238 -0.812932
7.240 -0.813479
7.242 -0.814025
7.244 -0.814570
7.246 -0.815658
7.248 -0.816742
7.250 -0.817283
7.252 -0.817283
7.254 -0.817823
7.256 -0.817823
7.258 -0.818363
7.260 -0.818902
7.262 -0.819440
7.264 -0.819977
7.266 -0.820513
7.268 -0.821048
7.270 -0.821583
7.272 -0.822117
7.274 -0.822650
7.276 -0.823182
7.278 -0.823714
7.280 -0.824245
7.282 -0.824774
7.284 -0.825304
7.286 -0.826359
7.288 -0.826886
7.290 -0.827412
7.292 -0.827937
7.294 -0.827937
7.296 -0.828461
7.298 -0.828985
7.300 -0.829507
7.302 -0.830029
7.304 -0.830550
7.306 -0.831071
7.308 -0.832109
7.310 -0.832109
7.312 -0.832627
7.314 -0.833660
7.316 -0.833660
7.318 -0.834690
7.320 -0.834690
7.322 -0.835204
7.324 -0.835717
7.326 -0.836230
7.328 -0.836741
7.330 -0.837252
7.332 -0.837762
7.334 -0.838271
7.336 -0.838779
7.338 -0.839287
7.340 -0.839793
7.342 -0.840299
7.344 -0.840804
7.346 -0.841309
7.348 -0.841812
7.350 -0.842315
7.352 -0.842817
7.354 -0.843318
7.356 -0.843818
7.358 -0.844318
7.360 -0.844816
7.362 -0.845314
7.364 -0.845811
7.366 -0.846803
7.368 -0.847298
7.370 -0.847298
7.372 -0.847792
7.374 -0.848285
7.376 -0.848777
7.378 -0.849268
7.380 -0.850249
7.382 -0.850738
7.384 -0.850738
7.386 -0.851226
7.388 -0.852201
7.390 -0.852201
7.392 -0.852686
7.394 -0.853172
7.396 -0.853656
7.398 -0.854139
7.400 -0.854622
7.402 -0.855104
7.404 -0.855585
7.406 -0.856065
7.408 -0.856545
7.410 -0.857501
7.412 -0.857501
7.414 -0.857978
7.416 -0.858455
7.418 -0.858930
7.420 -0.859405
7.422 -0.859879
7.424 -0.860352
7.426 -0.860824
7.428 -0.861766
7.430 -0.861766
7.432 -0.862236
7.434 -0.862705
7.436 -0.863174
7.438 -0.863641
7.440 -0.864574
7.442 -0.864574
7.444 -0.865039
7.446 -0.865967
7.448 -0.865967
7.450 -0.866429
7.452 -0.866891
7.454 -0.867352
7.456 -0.867813
7.458 -0.868272
7.460 -0.868731
7.462 -0.870102
7.464 -0.870102
7.466 -0.870102
7.468 -0.870558
7.470 -0.871012
7.472 -0.871466
7.474 -0.871919
7.476 -0.872371
7.478 -0.872823
7.480 -0.873274
7.482 -0.874173
7.484 -0.874173
7.486 -0.874621
7.488 -0.875068
7.490 -0.875515
7.492 -0.875961
7.494 -0.876406
7.496 -0.877294
7.498 -0.877294
7.500 -0.877737
7.502 -0.878620
7.504 -0.878620
7.506 -0.879060
7.508 -0.879938
7.510 -0.879938
7.512 -0.880376
7.514 -0.880813
7.516 -0.881249
7.518 -0.882120
7.520 -0.882120
7.522 -0.882553
7.524 -0.882986
7.526 -0.882986
7.528 -0.882986
7.530 -0.882986
7.532 -0.884711
7.534 -0.884711
7.536 -0.884711
7.538 -0.884711
7.540 -0.886422
7.542 -0.886848
7.544 -0.887273
7.546 -0.887698
7.548 -0.888121
7.550 -0.888544
7.552 -0.888966
7.554 -0.889387
7.556 -0.889807
7.558 -0.890645
7.560 -0.891063
7.562 -0.891063
7.564 -0.891480
7.566 -0.891897
7.568 -0.892312
7.570 -0.892727
7.572 -0.893141
7.574 -0.893554
7.576 -0.893966
7.578 -0.894378
7.580 -0.894378
7.582 -0.895198
7.584 -0.895607
7.586 -0.896016
7.588 -0.896830
7.590 -0.896830
7.592 -0.897236
7.594 -0.897641
7.596 -0.898045
7.598 -0.898448
7.600 -0.898851
7.602 -0.899253
7.604 -0.899654
7.606 -0.900054
7.608 -0.900454
7.610 -0.900853
7.612 -0.901250
7.614 -0.901648
7.616 -0.902044
7.618 -0.902439
7.620 -0.902834
7.622 -0.903621
7.624 -0.903621
7.626 -0.904405
7.628 -0.904405
7.630 -0.904796
7.632 -0.905185
7.634 -0.905574
7.636 -0.905963
7.638 -0.906350
7.640 -0.906737
7.642 -0.907123
7.644 -0.908276
7.646 -0.908276
7.648 -0.908276
7.650 -0.908658
7.652 -0.909040
7.654 -0.909421
7.656 -0.909802
7.658 -0.910560
7.660 -0.910560
7.662 -0.910938
7.664 -0.911315
7.666 -0.912067
7.668 -0.912067
7.670 -0.912441
7.672 -0.913188
7.674 -0.913188
7.676 -0.913561
7.678 -0.913932
7.680 -0.914303
7.682 -0.914673
7.684 -0.915042
7.686 -0.915410
7.688 -0.915778
7.690 -0.916144
7.692 -0.916510
7.694 -0.917240
7.696 -0.917240
7.698 -0.917966
7.700 -0.917966
7.702 -0.918328
7.704 -0.918689
7.706 -0.919049
7.708 -0.919408
7.710 -0.919767
7.712 -0.920125
7.714 -0.920482
7.716 -0.920838
7.718 -0.921194
7.720 -0.921549
7.722 -0.921903
7.724 -0.922608
7.726 -0.922608
7.728 -0.922959
7.730 -0.923660
7.732 -0.924009
7.734 -0.924009
7.736 -0.924357
7.738 -0.925052
7.740 -0.925397
7.742 -0.925743
7.744 -0.926087
7.746 -0.926087
7.748 -0.926430
7.750 -0.926773
7.752 -0.927456
7.754 -0.927456
7.756 -0.928136
7.758 -0.928136
7.760 -0.928474
7.762 -0.928812
7.764 -0.929149
7.766 -0.929486
7.768 -0.929821
7.770 -0.930156
7.772 -0.930490
7.774 -0.930823
7.776 -0.931155
7.778 -0.931487
7.780 -0.931817
7.782 -0.932147
7.784 -0.932476
7.786 -0.932805
7.788 -0.933132
7.790 -0.933459
7.792 -0.933785
7.794 -0.934110
7.796 -0.934434
7.798 -0.934758
7.800 -0.935080
7.802 -0.935402
7.804 -0.936044
7.806 -0.936044
7.808 -0.936363
7.810 -0.936682
7.812 -0.937000
7.814 -0.937633
7.816 -0.937633
7.818 -0.937948
7.820 -0.938263
7.822 -0.938577
7.824 -0.938890
7.826 -0.939202
7.828 -0.939514
7.830 -0.939825
7.832 -0.940135
7.834 -0.940444
7.836 -0.940752
7.838 -0.941059
7.840 -0.941366
7.842 -0.941672
7.844 -0.942585
7.846 -0.942888
7.848 -0.943189
7.850 -0.943189
7.852 -0.943189
7.854 -0.943491
7.856 -0.943791
7.858 -0.944090
7.860 -0.944687
7.862 -0.944687
7.864 -0.944984
7.866 -0.945280
7.868 -0.945576
7.870 -0.945870
7.872 -0.946457
7.874 -0.946457
7.876 -0.946750
7.878 -0.947041
7.880 -0.947332
7.882 -0.947911
7.884 -0.947911
7.886 -0.948199
7.888 -0.948487
7.890 -0.948773
7.892 -0.949059
7.894 -0.949344
7.896 -0.949629
7.898 -0.949912
7.900 -0.950195
7.902 -0.950477
7.904 -0.950758
7.906 -0.951038
7.908 -0.951318
7.910 -0.951874
7.912 -0.951874
7.914 -0.952428
7.916 -0.952428
7.918 -0.952703
7.920 -0.952978
7.922 -0.953252
7.924 -0.953525
7.926 -0.953797
7.928 -0.954339
7.930 -0.954339
7.932 -0.954609
7.934 -0.954878
7.936 -0.955146
7.938 -0.955414
7.940 -0.955681
7.942 -0.955947
7.944 -0.956212
7.946 -0.956476
7.948 -0.956739
7.950 -0.957002
7.952 -0.957264
7.954 -0.957525
7.956 -0.957785
7.958 -0.958304
7.960 -0.958561
7.962 -0.958561
7.964 -0.958819
7.966 -0.959075
7.968 -0.959330
7.970 -0.959585
7.972 -0.959839
7.974 -0.960092
7.976 -0.960092
7.978 -0.960596
7.980 -0.960846
7.982 -0.961096
7.984 -0.961345
7.986 -0.961594
7.988 -0.962088
7.990 -0.962088
7.992 -0.962334
7.994 -0.962579
7.996 -0.962823
7.998 -0.963067
8.000 -0.963309
8.002 -0.963551
8.004 -0.963792
8.006 -0.964033
8.008 -0.964272
8.010 -0.964511
8.012 -0.964749
8.014 -0.964986
8.016 -0.965458
8.018 -0.965458
8.020 -0.965692
8.022 -0.966159
8.024 -0.966159
8.026 -0.966392
8.028 -0.966623
8.030 -0.966854
8.032 -0.967084
8.034 -0.967313
8.036 -0.967541
8.038 -0.967995
8.040 -0.967995
8.042 -0.968221
8.044 -0.968446
8.046 -0.968670
8.048 -0.969339
8.050 -0.969339
8.052 -0.969339
8.054 -0.969339
8.056 -0.969780
8.058 -0.969999
8.060 -0.970218
8.062 -0.970436
8.064 -0.970653
8.066 -0.970869
8.068 -0.971085
8.070 -0.971300
8.072 -0.971513
8.074 -0.971727
8.076 -0.971939
8.078 -0.972150
8.080 -0.972361
8.082 -0.972571
8.084 -0.972780
8.086 -0.972988
8.088 -0.973196
8.090 -0.973402
8.092 -0.973608
8.094 -0.973813
8.096 -0.974018
8.098 -0.974221
8.100 -0.974424
8.102 -0.974626
8.104 -0.974827
8.106 -0.975027
8.108 -0.975227
8.110 -0.975623
8.112 -0.975623
8.114 -0.975820
8.116 -0.976017
8.118 -0.976212
8.120 -0.976407
8.122 -0.976601
8.124 -0.976794
8.126 -0.976986
8.128 -0.977558
8.130 -0.977558
8.132 -0.977558
8.134 -0.977747
8.136 -0.977936
8.138 -0.978310
8.140 -0.978310
8.142 -0.978496
8.144 -0.978681
8.146 -0.978865
8.148 -0.979049
8.150 -0.979231
8.152 -0.979413
8.154 -0.979594
8.156 -0.979774
8.158 -0.979954
8.160 -0.980133
8.162 -0.980311
8.164 -0.980488
8.166 -0.980664
8.168 -0.980839
8.170 -0.981014
8.172 -0.981188
8.174 -0.981361
8.176 -0.981533
8.178 -0.981705
8.180 -0.981705
8.182 -0.981705
8.184 -0.981705
8.186 -0.981705
8.188 -0.982045
8.190 -0.982383
8.192 -0.982550
8.194 -0.982550
8.196 -0.982717
8.198 -0.982883
8.200 -0.983048
8.202 -0.983212
8.204 -0.983538
8.206 -0.983538
8.208 -0.983700
8.210 -0.983861
8.212 -0.984022
8.214 -0.984181
8.216 -0.984340
8.218 -0.984655
8.220 -0.984811
8.222 -0.984967
8.224 -0.984967
8.226 -0.985121
8.228 -0.985275
8.230 -0.985428
8.232 -0.985581
8.234 -0.985732
8.236 -0.985883
8.238 -0.986033
8.240 -0.986182
8.242 -0.986330
8.244 -0.986624
8.246 -0.986624
8.248 -0.986770
8.250 -0.987060
8.252 -0.987203
8.254 -0.987203
8.256 -0.987488
8.258 -0.987629
8.260 -0.987629
8.262 -0.987769
8.264 -0.987909
8.266 -0.988047
8.268 -0.988322
8.270 -0.988322
8.272 -0.988458
8.274 -0.988594
8.276 -0.988729
8.278 -0.988863
8.280 -0.988996
8.282 -0.989259
8.284 -0.989390
8.286 -0.989390
8.288 -0.989649
8.290 -0.989649
8.292 -0.989777
8.294 -0.989905
8.296 -0.990032
8.298 -0.990283
8.300 -0.990283
8.302 -0.990407
8.304 -0.990530
8.306 -0.990653
8.308 -0.990775
8.310 -0.990896
8.312 -0.991016
8.314 -0.991136
8.316 -0.991255
8.318 -0.991489
8.320 -0.991489
8.322 -0.991606
8.324 -0.991721
8.326 -0.991836
8.328 -0.991950
8.330 -0.991950
8.332 -0.991950
8.334 -0.992397
8.336 -0.992397
8.338 -0.992507
8.340 -0.992725
8.342 -0.992725
8.344 -0.992832
8.346 -0.992939
8.348 -0.993045
8.350 -0.993150
8.352 -0.993254
8.354 -0.993358
8.356 -0.993460
8.358 -0.993562
8.360 -0.993663
8.362 -0.993764
8.364 -0.993962
8.366 -0.993962
8.368 -0.994060
8.370 -0.994157
8.372 -0.994253
8.374 -0.994349
8.376 -0.994443
8.378 -0.994537
8.380 -0.994630
8.382 -0.994723
8.384 -0.994814
8.386 -0.994905
8.388 -0.994995
8.390 -0.995172
8.392 -0.995172
8.394 -0.995259
8.396 -0.995346
8.398 -0.995432
8.400 -0.995517
8.402 -0.995601
8.404 -0.995685
8.406 -0.995768
8.408 -0.995849
8.410 -0.995931
8.412 -0.996011
8.414 -0.996090
8.416 -0.996169
8.418 -0.996247
8.420 -0.996324
8.422 -0.996400
8.424 -0.996476
8.426 -0.996551
8.428 -0.996624
8.430 -0.996697
8.432 -0.996770
8.434 -0.996841
8.436 -0.996912
8.438 -0.996982
8.440 -0.997051
8.442 -0.997119
8.444 -0.997187
8.446 -0.997253
8.448 -0.997319
8.450 -0.997384
8.452 -0.997512
8.454 -0.997512
8.456 -0.997575
8.458 -0.997637
8.460 -0.997698
8.462 -0.997758
8.464 -0.997818
8.466 -0.997876
8.468 -0.997934
8.470 -0.997991
8.472 -0.998048
8.474 -0.998103
8.476 -0.998158
8.478 -0.998212
8.480 -0.998265
8.482 -0.998317
8.484 -0.998369
8.486 -0.998419
8.488 -0.998469
8.490 -0.998518
8.492 -0.998567
8.494 -0.998752
8.496 -0.998752
8.498 -0.998796
8.500 -0.998796
8.502 -0.998796
8.504 -0.998882
8.506 -0.998924
8.508 -0.998965
8.510 -0.999005
8.512 -0.999005
8.514 -0.999045
8.516 -0.999084
8.518 -0.999122
8.520 -0.999159
8.522 -0.999195
8.524 -0.999265
8.526 -0.999265
8.528 -0.999299
8.530 -0.999332
8.532 -0.999364
8.534 -0.999396
8.536 -0.999456
8.538 -0.999486
8.540 -0.999514
8.542 -0.999541
8.544 -0.999541
8.546 -0.999594
8.548 -0.999594
8.550 -0.999643
8.552 -0.999643
8.554 -0.999667
8.556 -0.999689
8.558 -0.999711
8.560 -0.999753
8.562 -0.999753
8.564 -0.999791
8.566 -0.999809
8.568 -0.999809
8.570 -0.999826
8.572 -0.999842
8.574 -0.999858
8.576 -0.999872
8.578 -0.999886
8.580 -0.999899
8.582 -0.999923
8.584 -0.999923
8.586 -0.999934
8.588 -0.999953
8.590 -0.999961
8.592 -0.999961
8.594 -0.999969
8.596 -0.999981
8.598 -0.999981
8.600 -0.999986
8.602 -0.999991
8.604 -0.999997
8.606 -0.999999
8.608 -1.000000
8.610 -1.000000
8.612 -1.000000
8.614 -1.000000
8.616 -1.000000
8.618 -1.000000
8.620 -1.000000
8.622 -1.000000
8.624 -1.000000
8.626 -1.000000
8.628 -1.000000
8.630 -1.000000
8.632 -1.000000
8.634 -1.000000
8.636 -1.000000
8.638 -1.000000
8.640 -1.000000
8.642 -1.000000
8.644 -1.000000
8.646 -1.000000
8.648 -1.000000
8.650 -1.000000
8.652 -1.000000
8.654 -1.000000
8.656 -1.000000
8.658 -1.000000
8.660 -1.000000
8.662 -1.000000
8.664 -1.000000
8.666 -1.000000
8.668 -1.000000
8.670 -1.000000
8.672 -1.000000
8.674 -1.000000
8.676 -1.000000
8.678 -1.000000
8.680 -1.000000
8.682 -1.000000
8.684 -1.000000
8.686 -1.000000
8.688 -1.000000
8.690 -1.000000
8.692 -1.000000
8.694 -1.000000
8.696 -1.000000
8.698 -1.000000
8.700 -1.000000
8.702 -1.000000
8.704 -1.000000
8.706 -1.000000
8.708 -1.000000
8.710 -1.000000
8.712 -1.000000
8.714 -1.000000
8.716 -1.000000
8.718 -1.000000
8.720 -1.000000
8.722 -1.000000
8.724 -1.000000
8.726 -1.000000
8.728 -1.000000
8.730 -1.000000
8.732 -1.000000
8.734 -1.000000
8.736 -1.000000
8.738 -1.000000
8.740 -1.000000
8.742 -1.000000
8.744 -1.000000
8.746 -1.000000
8.748 -1.000000
8.750 -1.000000
8.752 -1.000000
8.754 -1.000000
8.756 -1.000000
8.758 -1.000000
8.760 -1.000000
8.762 -1.000000
8.764 -1.000000
8.766 -1.000000
8.768 -1.000000
8.770 -1.000000
8.772 -1.000000
8.774 -1.000000
8.776 -1.000000
8.778 -1.000000
8.780 -1.000000
8.782 -1.000000
8.784 -1.000000
8.786 -1.000000
8.788 -1.000000
8.790 -1.000000
8.792 -1.000000
8.794 -1.000000
8.796 -1.000000
8.798 -1.000000
8.800 -1.000000
8.802 -1.000000
8.804 -1.000000
8.806 -1.000000
8.808 -1.000000
8.810 -1.000000
8.812 -1.000000
8.814 -1.000000
8.816 -1.000000
8.818 -1.000000
8.820 -1.000000
8.822 -1.000000
8.824 -1.000000
8.826 -1.000000
8.828 -1.000000
8.830 -1.000000
8.832 -1.000000
8.834 -1.000000
8.836 -1.000000
8.838 -1.000000
8.840 -1.000000
8.842 -1.000000
8.844 -1.000000
8.846 -1.000000
8.848 -1.000000
8.850 -1.000000
8.852 -1.000000
8.854 -1.000000
8.856 -1.000000
8.858 -1.000000
8.860 -1.000000
8.862 -1.000000
8.864 -1.000000
8.866 -1.000000
8.868 -1.000000
8.870 -1.000000
8.872 -1.000000
8.874 -1.000000
8.876 -1.000000
8.878 -1.000000
8.880 -1.000000
8.882 -1.000000
8.884 -1.000000
8.886 -1.000000
8.888 -1.000000
8.890 -1.000000
8.892 -1.000000
8.894 -1.000000
8.896 -1.000000
8.898 -1.000000
8.900 -1.000000
8.902 -1.000000
8.904 -1.000000
8.906 -1.000000
8.908 -1.000000
8.910 -1.000000
8.912 -1.000000
8.914 -1.000000
8.916 -1.000000
8.918 -1.000000
8.920 -1.000000
8.922 -1.000000
8.924 -1.000000
8.926 -1.000000
8.928 -1.000000
8.930 -1.000000
8.932 -1.000000
8.934 -1.000000
8.936 -1.000000
8.938 -1.000000
8.940 -1.000000
8.942 -1.000000
8.944 -1.000000
8.946 -1.000000
8.948 -1.000000
8.950 -1.000000
8.952 -1.000000
8.954 -1.000000
8.956 -1.000000
8.958 -1.000000
8.960 -1.000000
8.962 -1.000000
8.964 -1.000000
8.966 -1.000000
8.968 -1.000000
8.970 -1.000000
8.972 -1.000000
8.974 -1.000000
8.976 -1.000000
8.978 -1.000000
8.980 -1.000000
8.982 -1.000000
8.984 -1.000000
8.986 -1.000000
8.988 -1.000000
8.990 -1.000000
8.992 -1.000000
8.994 -1.000000
8.996 -1.000000
8.998 -1.000000
9.000 -1.000000
9.002 -1.000000
9.004 -1.000000
9.006 -1.000000
9.008 -1.000000
9.010 -1.000000
9.012 -1.000000
9.014 -1.000000
9.016 -1.000000
9.018 -1.000000
9.020 -1.000000
9.022 -1.000000
9.024 -1.000000
9.026 -1.000000
9.028 -1.000000
9.030 -1.000000
9.032 -1.000000
9.034 -1.000000
9.036 -1.000000
9.038 -1.000000
9.040 -1.000000
9.042 -1.000000
9.044 -1.000000
9.046 -1.000000
9.048 -1.000000
9.050 -1.000000
9.052 -1.000000
9.054 -1.000000
9.056 -1.000000
9.058 -1.000000
9.060 -1.000000
9.062 -1.000000
9.064 -1.000000
9.066 -1.000000
9.068 -1.000000
9.070 -1.000000
9.072 -1.000000
9.074 -1.000000
9.076 -1.000000
9.078 -1.000000
9.080 -1.000000
9.082 -1.000000
9.084 -1.000000
9.086 -1.000000
9.088 -1.000000
9.090 -1.000000
9.092 -1.000000
9.094 -1.000000
9.096 -1.000000
9.098 -1.000000
9.100 -1.000000
9.102 -1.000000
9.104 -1.000000
9.106 -1.000000
9.108 -1.000000
9.110 -1.000000
9.112 -1.000000
9.114 -1.000000
9.116 -1.000000
9.118 -1.000000
9.120 -1.000000
9.122 -1.000000
9.124 -1.000000
9.126 -1.000000
9.128 -1.000000
9.130 -1.000000
9.132 -1.000000
9.134 -1.000000
9.136 -1.000000
9.138 -1.000000
9.140 -1.000000
9.142 -1.000000
9.144 -1.000000
9.146 -1.000000
9.148 -1.000000
9.150 -1.000000
9.152 -1.000000
9.154 -1.000000
9.156 -1.000000
9.158 -1.000000
9.160 -1.000000
9.162 -1.000000
9.164 -1.000000
9.166 -1.000000
9.168 -1.000000
9.170 -1.000000
9.172 -1.000000
9.174 -1.000000
9.176 -1.000000
9.178 -1.000000
9.180 -1.000000
9.182 -1.000000
9.184 -1.000000
9.186 -1.000000
9.188 -1.000000
9.190 -1.000000
9.192 -1.000000
9.194 -1.000000
9.196 -1.000000
9.198 -1.000000
9.200 -1.000000
9.202 -1.000000
9.204 -1.000000
9.206 -1.000000
9.208 -1.000000
9.210 -1.000000
9.212 -1.000000
9.214 -1.000000
9.216 -1.000000
9.218 -1.000000
9.220 -1.000000
9.222 -1.000000
9.224 -1.000000
9.226 -1.000000
9.228 -1.000000
9.230 -1.000000
9.232 -1.000000
9.234 -1.000000
9.236 -1.000000
9.238 -1.000000
9.240 -1.000000
9.242 -1.000000
9.244 -1.000000
9.246 -1.000000
9.248 -1.000000
9.250 -1.000000
9.252 -1.000000
9.254 -1.000000
9.256 -1.000000
9.258 -1.000000
9.260 -1.000000
9.262 -1.000000
9.264 -1.000000
9.266 -1.000000
9.268 -1.000000
9.270 -1.000000
9.272 -1.000000
9.274 -1.000000
9.276 -1.000000
9.278 -1.000000
9.280 -1.000000
9.282 -1.000000
9.284 -1.000000
9.286 -1.000000
9.288 -1.000000
9.290 -1.000000
9.292 -1.000000
9.294 -1.000000
9.296 -1.000000
9.298 -1.000000
9.300 -1.000000
9.302 -1.000000
9.304 -1.000000
9.306 -1.000000
9.308 -1.000000
9.310 -1.000000
9.312 -1.000000
9.314 -1.000000
9.316 -1.000000
9.318 -1.000000
9.320 -1.000000
9.322 -1.000000
9.324 -1.000000
9.326 -1.000000
9.328 -1.000000
9.330 -1.000000
9.332 -1.000000
9.334 -1.000000
9.336 -1.000000
9.338 -1.000000
9.340 -1.000000
9.342 -1.000000
9.344 -1.000000
9.346 -1.000000
9.348 -1.000000
9.350 -1.000000
9.352 -1.000000
9.354 -1.000000
9.356 -1.000000
9.358 -1.000000
9.360 -1.000000
9.362 -1.000000
9.364 -1.000000
9.366 -1.000000
9.368 -1.000000
9.370 -1.000000
9.372 -1.000000
9.374 -1.000000
9.376 -1.000000
9.378 -1.000000
9.380 -1.000000
9.382 -1.000000
9.384 -1.000000
9.386 -1.000000
9.388 -1.000000
9.390 -1.000000
9.392 -1.000000
9.394 -1.000000
9.396 -1.000000
9.398 -1.000000
9.400 -1.000000
9.402 -1.000000
9.404 -1.000000
9.406 -1.000000
9.408 -1.000000
9.410 -1.000000
9.412 -1.000000
9.414 -1.000000
9.416 -1.000000
9.418 -1.000000
9.420 -1.000000
9.422 -1.000000
9.424 -1.000000
9.426 -1.000000
9.428 -1.000000
9.430 -1.000000
9.432 -1.000000
9.434 -1.000000
9.436 -1.000000
9.438 -1.000000
9.440 -1.000000
9.442 -1.000000
9.444 -1.000000
9.446 -1.000000
9.448 -1.000000
9.450 -1.000000
9.452 -1.000000
9.454 -1.000000
9.456 -1.000000
9.458 -1.000000
9.460 -1.000000
9.462 -1.000000
9.464 -1.000000
9.466 -1.000000
9.468 -1.000000
9.470 -1.000000
9.472 -1.000000
9.474 -1.000000
9.476 -1.000000
9.478 -1.000000
9.480 -1.000000
9.482 -1.000000
9.484 -1.000000
9.486 -1.000000
9.488 -1.000000
9.490 -1.000000
9.492 -1.000000
9.494 -1.000000
9.496 -1.000000
9.498 -1.000000
9.500 -1.000000
9.502 -1.000000
9.504 -1.000000
9.506 -1.000000
9.508 -1.000000
9.510 -1.000000
9.512 -1.000000
9.514 -1.000000
9.516 -1.000000
9.518 -1.000000
9.520 -1.000000
9.522 -1.000000
9.524 -1.000000
9.526 -1.000000
9.528 -1.000000
9.530 -1.000000
9.532 -1.000000
9.534 -1.000000
9.536 -1.000000
9.538 -1.000000
9.540 -1.000000
9.542 -1.000000
9.544 -1.000000
9.546 -1.000000
9.548 -1.000000
9.550 -1.000000
9.552 -1.000000
9.554 -1.000000
9.556 -1.000000
9.558 -1.000000
9.560 -1.000000
9.562 -1.000000
9.564 -1.000000
9.566 -1.000000
9.568 -1.000000
9.570 -1.000000
9.572 -1.000000
9.574 -1.000000
9.576 -1.000000
9.578 -1.000000
9.580 -1.000000
9.582 -1.000000
9.584 -1.000000
9.586 -1.000000
9.588 -1.000000
9.590 -1.000000
9.592 -1.000000
9.594 -1.000000
9.596 -1.000000
9.598 -1.000000
9.600 -1.000000
9.602 -1.000000
9.604 -1.000000
9.606 -1.000000
9.608 -1.000000
9.610 -1.000000
9.612 -1.000000
9.614 -1.000000
9.616 -1.000000
9.618 -1.000000
9.620 -1.000000
9.622 -1.000000
9.624 -1.000000
9.626 -1.000000
9.628 -1.000000
9.630 -1.000000
9.632 -1.000000
9.634 -1.000000
9.636 -1.000000
9.638 -1.000000
9.640 -1.000000
9.642 -1.000000
9.644 -1.000000
9.646 -1.000000
9.648 -1.000000
9.650 -1.000000
9.652 -1.000000
9.654 -1.000000
9.656 -1.000000
9.658 -1.000000
9.660 -1.000000
9.662 -1.000000
9.664 -1.000000
9.666 -1.000000
9.668 -1.000000
9.670 -1.000000
9.672 -1.000000
9.674 -1.000000
9.676 -1.000000
9.678 -1.000000
9.680 -1.000000
9.682 -1.000000
9.684 -1.000000
9.686 -1.000000
9.688 -1.000000
9.690 -1.000000
9.692 -1.000000
9.694 -1.000000
9.696 -1.000000
9.698 -1.000000
9.700 -1.000000
9.702 -1.000000
9.704 -1.000000
9.706 -1.000000
9.708 -1.000000
9.710 -1.000000
9.712 -1.000000
9.714 -1.000000
9.716 -1.000000
9.718 -1.000000
9.720 -1.000000
9.722 -1.000000
9.724 -1.000000
9.726 -1.000000
9.728 -1.000000
9.730 -1.000000
9.732 -1.000000
9.734 -1.000000
9.736 -1.000000
9.738 -1.000000
9.740 -1.000000
9.742 -1.000000
9.744 -1.000000
9.746 -1.000000
9.748 -1.000000
9.750 -1.000000
9.752 -1.000000
9.754 -1.000000
9.756 -1.000000
9.758 -1.000000
9.760 -1.000000
9.762 -1.000000
9.764 -1.000000
9.766 -1.000000
9.768 -1.000000
9.770 -1.000000
9.772 -1.000000
9.774 -1.000000
9.776 -1.000000
9.778 -1.000000
9.780 -1.000000
9.782 -1.000000
9.784 -1.000000
9.786 -1.000000
9.788 -1.000000
9.790 -1.000000
9.792 -1.000000
9.794 -1.000000
9.796 -1.000000
9.798 -1.000000
9.800 -1.000000
9.802 -1.000000
9.804 -1.000000
9.806 -1.000000
9.808 -1.000000
9.810 -1.000000
9.812 -1.000000
9.814 -1.000000
9.816 -1.000000
9.818 -1.000000
9.820 -1.000000
9.822 -1.000000
9.824 -1.000000
9.826 -1.000000
9.828 -1.000000
9.830 -1.000000
9.832 -1.000000
9.834 -1.000000
9.836 -1.000000
9.838 -1.000000
9.840 -1.000000
9.842 -1.000000
9.844 -1.000000
9.846 -1.000000
9.848 -1.000000
9.850 -1.000000
9.852 -1.000000
9.854 -1.000000
9.856 -1.000000
9.858 -1.000000
9.860 -1.000000
9.862 -1.000000
9.864 -1.000000
9.866 -1.000000
9.868 -1.000000
9.870 -1.000000
9.872 -1.000000
9.874 -1.000000
9.876 -1.000000
9.878 -1.000000
9.880 -1.000000
9.882 -1.000000
9.884 -1.000000
9.886 -1.000000
9.888 -1.000000
9.890 -1.000000
9.892 -1.000000
9.894 -1.000000
9.896 -1.000000
9.898 -1.000000
9.900 -1.000000
9.902 -1.000000
9.904 -1.000000
9.906 -1.000000
9.908 -1.000000
9.910 -1.000000
9.912 -1.000000
9.914 -1.000000
9.916 -1.000000
9.918 -1.000000
9.920 -1.000000
9.922 -1.000000
9.924 -1.000000
9.926 -1.000000
9.928 -1.000000
9.930 -1.000000
9.932 -1.000000
9.934 -1.000000
9.936 -1.000000
9.938 -1.000000
9.940 -1.000000
9.942 -1.000000
9.944 -1.000000
9.946 -1.000000
9.948 -1.000000
9.950 -1.000000
9.952 -1.000000
9.954 -1.000000
9.956 -1.000000
9.958 -1.000000
9.960 -1.000000
9.962 -1.000000
9.964 -1.000000
9.966 -1.000000
9.968 -1.000000
9.970 -1.000000
9.972 -1.000000
9.974 -1.000000
9.976 -1.000000
9.978 -1.000000
9.980 -1.000000
9.982 -1.000000
9.984 -1.000000
9.986 -1.000000
9.988 -1.000000
9.990 -1.000000
9.992 -1.000000
9.994 -1.000000
9.996 -1.000000
9.998 -1.000000
10.000 -1.000000
10.002 -1.000000
10.004 -1.000000
10.006 -1.000000
10.008 -1.000000
10.010 -1.000000
10.012 -1.000000
10.014 -1.000000
10.016 -1.000000
10.018 -1.000000
10.020 -1.000000
10.022 -1.000000
10.024 -1.000000
10.026 -1.000000
10.028 -1.000000
10.030 -1.000000
10.032 -1.000000
10.034 -1.000000
10.036 -1.000000
10.038 -1.000000
10.040 -1.000000
10.042 -1.000000
10.044 -1.000000
10.046 -1.000000
10.048 -1.000000
10.050 -1.000000
10.052 -1.000000
10.054 -1.000000
10.056 -1.000000
10.058 -1.000000
10.060 -1.000000
10.062 -1.000000
10.064 -1.000000
10.066 -1.000000
10.068 -1.000000
10.070 -1.000000
10.072 -1.000000
10.074 -1.000000
10.076 -1.000000
10.078 -1.000000
10.080 -1.000000
10.082 -1.000000
10.084 -1.000000
10.086 -1.000000
10.088 -1.000000
10.090 -1.000000
10.092 -1.000000
10.094 -1.000000
10.096 -1.000000
10.098 -1.000000
10.100 -1.000000
10.102 -1.000000
10.104 -1.000000
10.106 -1.000000
10.108 -1.000000
10.110 -1.000000
10.112 -1.000000
10.114 -1.000000
10.116 -1.000000
10.118 -1.000000
10.120 -1.000000
10.122 -1.000000
10.124 -1.000000
10.126 -1.000000
10.128 -1.000000
10.130 -1.000000
10.132 -1.000000
10.134 -1.000000
10.136 -1.000000
10.138 -1.000000
10.140 -1.000000
10.142 -1.000000
10.144 -1.000000
10.146 -1.000000
10.148 -1.000000
10.150 -1.000000
10.152 -1.000000
10.154 -1.000000
10.156 -1.000000
10.158 -1.000000
10.160 -1.000000
10.162 -1.000000
10.164 -1.000000
10.166 -1.000000
10.168 -1.000000
10.170 -1.000000
10.172 -1.000000
10.174 -1.000000
10.176 -1.000000
10.178 -1.000000
10.180 -1.000000
10.182 -1.000000
10.184 -1.000000
10.186 -1.000000
10.188 -1.000000
10.190 -1.000000
10.192 -1.000000
10.194 -1.000000
10.196 -1.000000
10.198 -1.000000
10.200 -1.000000
10.202 -1.000000
10.204 -1.000000
10.206 -1.000000
10.208 -1.000000
10.210 -1.000000
10.212 -1.000000
10.214 -1.000000
10.216 -1.000000
10.218 -1.000000
10.220 -1.000000
10.222 -1.000000
10.224 -1.000000
10.226 -1.000000
10.228 -1.000000
10.230 -1.000000
10.232 -1.000000
10.234 -1.000000
10.236 -1.000000
10.238 -1.000000
10.240 -1.000000
10.242 -1.000000
10.244 -1.000000
10.246 -1.000000
10.248 -1.000000
10.250 -1.000000
10.252 -1.000000
10.254 -1.000000
10.256 -1.000000
10.258 -1.000000
10.260 -1.000000
10.262 -1.000000
10.264 -1.000000
10.266 -1.000000
10.268 -1.000000
10.270 -1.000000
10.272 -1.000000
10.274 -1.000000
10.276 -1.000000
10.278 -1.000000
10.280 -1.000000
10.282 -1.000000
10.284 -1.000000
10.286 -1.000000
10.288 -1.000000
10.290 -1.000000
10.292 -1.000000
10.294 -1.000000
10.296 -1.000000
10.298 -1.000000
10.300 -1.000000
10.302 -1.000000
10.304 -1.000000
10.306 -1.000000
10.308 -1.000000
10.310 -1.000000
10.312 -1.000000
10.314 -1.000000
10.316 -1.000000
10.318 -1.000000
10.320 -1.000000
10.322 -1.000000
10.324 -1.000000
10.326 -1.000000
10.328 -1.000000
10.330 -1.000000
10.332 -1.000000
10.334 -1.000000
10.336 -1.000000
10.338 -1.000000
10.340 -1.000000
10.342 -1.000000
10.344 -1.000000
10.346 -1.000000
10.348 -1.000000
10.350 -1.000000
10.352 -1.000000
10.354 -1.000000
10.356 -1.000000
10.358 -1.000000
10.360 -1.000000
10.362 -1.000000
10.364 -1.000000
10.366 -1.000000
10.368 -1.000000
10.370 -1.000000
10.372 -1.000000
10.374 -1.000000
10.376 -1.000000
10.378 -1.000000
10.380 -1.000000
10.382 -1.000000
10.384 -1.000000
10.386 -1.000000
10.388 -1.000000
10.390 -1.000000
10.392 -1.000000
10.394 -1.000000
10.396 -1.000000
10.398 -1.000000
10.400 -1.000000
10.402 -1.000000
10.404 -1.000000
10.406 -1.000000
10.408 -1.000000
10.410 -1.000000
10.412 -1.000000
10.414 -1.000000
10.416 -1.000000
10.418 -1.000000
10.420 -1.000000
10.422 -1.000000
10.424 -1.000000
10.426 -1.000000
10.428 -1.000000
10.430 -1.000000
10.432 -1.000000
10.434 -1.000000
10.436 -1.000000
10.438 -1.000000
10.440 -1.000000
10.442 -1.000000
10.444 -1.000000
10.446 -1.000000
10.448 -1.000000
10.450 -1.000000
10.452 -1.000000
10.454 -1.000000
10.456 -1.000000
10.458 -1.000000
10.460 -1.000000
10.462 -1.000000
10.464 -1.000000
10.466 -1.000000
10.468 -1.000000
10.470 -1.000000
10.472 -1.000000
10.474 -1.000000
10.476 -1.000000
10.478 -1.000000
10.480 -1.000000
10.482 -1.000000
10.484 -1.000000
10.486 -1.000000
10.488 -1.000000
10.490 -1.000000
10.492 -1.000000
10.494 -1.000000
10.496 -1.000000
10.498 -1.000000
10.500 -1.000000
10.502 -1.000000
10.504 -1.000000
10.506 -1.000000
10.508 -1.000000
10.510 -1.000000
10.512 -1.000000
10.514 -1.000000
10.516 -1.000000
10.518 -1.000000
10.520 -1.000000
10.522 -1.000000
10.524 -1.000000
10.526 -1.000000
10.528 -1.000000
10.530 -1.000000
10.532 -1.000000
10.534 -1.000000
10.536 -1.000000
10.538 -1.000000
10.540 -1.000000
10.542 -1.000000
10.544 -1.000000
10.546 -1.000000
10.548 -1.000000
10.550 -1.000000
10.552 -1.000000
10.554 -1.000000
10.556 -1.000000
10.558 -1.000000
10.560 -1.000000
10.562 -1.000000
10.564 -1.000000
10.566 -1.000000
10.568 -1.000000
10.570 -1.000000
10.572 -1.000000
10.574 -1.000000
10.576 -1.000000
10.578 -1.000000
10.580 -1.000000
10.582 -1.000000
10.584 -1.000000
10.586 -1.000000
10.588 -1.000000
10.590 -1.000000
10.592 -1.000000
10.594 -1.000000
10.596 -1.000000
10.598 -1.000000
10.600 -1.000000
10.602 -1.000000
10.604 -1.000000
10.606 -1.000000
10.608 -1.000000
10.610 -1.000000
10.612 -1.000000
10.614 -1.000000
10.616 -1.000000
10.618 -1.000000
10.620 -1.000000
10.622 -1.000000
10.624 -1.000000
10.626 -1.000000
10.628 -1.000000
