0.000 3.658073
0.002 3.658073
0.004 3.658071
0.006 3.658069
0.008 3.658067
0.010 3.658063
0.012 3.658053
0.014 3.658053
0.016 3.658047
0.018 3.658041
0.020 3.658033
0.022 3.658025
0.024 3.658015
0.026 3.658005
0.028 3.657995
0.030 3.657983
0.032 3.657971
0.034 3.657957
0.036 3.657943
0.038 3.657929
0.040 3.657913
0.042 3.657897
0.044 3.657861
0.046 3.657861
0.048 3.657843
0.050 3.657823
0.052 3.657803
0.054 3.657781
0.056 3.657759
0.058 3.657737
0.060 3.657713
0.062 3.657689
0.064 3.657637
0.066 3.657637
0.068 3.657611
0.070 3.657583
0.072 3.657555
0.074 3.657495
0.076 3.657495
0.078 3.657465
0.080 3.657433
0.082 3.657401
0.084 3.657367
0.086 3.657333
0.088 3.657299
0.090 3.657263
0.092 3.657227
0.094 3.657189
0.096 3.657151
0.098 3.657113
0.100 3.657073
0.102 3.657033
0.104 3.656949
0.106 3.656907
0.108 3.656863
0.110 3.656863
0.112 3.656819
0.114 3.656773
0.116 3.656681
0.118 3.656681
0.120 3.656633
0.122 3.656585
0.124 3.656535
0.126 3.656485
0.128 3.656383
0.130 3.656383
0.132 3.656277
0.134 3.656277
0.136 3.656223
0.138 3.656113
0.140 3.656113
0.142 3.655999
0.144 3.655999
0.146 3.655941
0.148 3.655883
0.150 3.655823
0.152 3.655763
0.154 3.655639
0.156 3.655639
0.158 3.655577
0.160 3.655513
0.162 3.655449
0.164 3.655383
0.166 3.655317
0.168 3.655251
0.170 3.655183
0.172 3.655115
0.174 3.655045
0.176 3.654975
0.178 3.654905
0.180 3.654833
0.182 3.654761
0.184 3.654687
0.186 3.654613
0.188 3.654539
0.190 3.654463
0.192 3.654387
0.194 3.654231
0.196 3.654231
0.198 3.654153
0.200 3.654073
0.202 3.653993
0.204 3.653829
0.206 3.653829
0.208 3.653747
0.210 3.653663
0.212 3.653579
0.214 3.653493
0.216 3.653321
0.218 3.653321
0.220 3.653233
0.222 3.653145
0.224 3.653055
0.226 3.652965
0.228 3.652875
0.230 3.652691
0.232 3.652691
0.234 3.652597
0.236 3.652503
0.238 3.652409
0.240 3.652313
0.242 3.652217
0.244 3.652021
0.246 3.651923
0.248 3.651923
0.250 3.651823
0.252 3.651621
0.254 3.651621
0.256 3.651519
0.258 3.651417
0.260 3.651313
0.262 3.651103
0.264 3.651103
0.266 3.650997
0.268 3.650783
0.270 3.650783
0.272 3.650675
0.274 3.650455
0.276 3.650455
0.278 3.650345
0.280 3.650233
0.282 3.650007
0.284 3.650007
0.286 3.649893
0.288 3.649779
0.290 3.649663
0.292 3.649547
0.294 3.649429
0.296 3.649311
0.298 3.649073
0.300 3.649073
0.302 3.648953
0.304 3.648709
0.306 3.648709
0.308 3.648587
0.310 3.648463
0.312 3.648213
0.314 3.648087
0.316 3.648087
0.318 3.647961
0.320 3.647833
0.322 3.647705
0.324 3.647575
0.326 3.647445
0.328 3.647315
0.330 3.647183
0.332 3.647051
0.334 3.646917
0.336 3.646783
0.338 3.646513
0.340 3.646377
0.342 3.646377
0.344 3.646101
0.346 3.645963
0.348 3.645963
0.350 3.645823
0.352 3.645683
0.354 3.645541
0.356 3.645399
0.358 3.645113
0.360 3.645113
0.362 3.644969
0.364 3.644823
0.366 3.644531
0.368 3.644531
0.370 3.644383
0.372 3.644235
0.374 3.644085
0.376 3.643935
0.378 3.643785
0.380 3.643633
0.382 3.643481
0.384 3.643327
0.386 3.643019
0.388 3.642863
0.390 3.642863
0.392 3.642707
0.394 3.642391
0.396 3.642233
0.398 3.642073
0.400 3.641913
0.402 3.641913
0.404 3.641751
0.406 3.641589
0.408 3.641427
0.410 3.641263
0.412 3.640933
0.414 3.640767
0.416 3.640601
0.418 3.640433
0.420 3.640265
0.422 3.640265
0.424 3.640095
0.426 3.639925
0.428 3.639755
0.430 3.639583
0.432 3.639237
0.434 3.639237
0.436 3.639063
0.438 3.638889
0.440 3.638713
0.442 3.638359
0.444 3.638359
0.446 3.638181
0.448 3.637823
0.450 3.637643
0.452 3.637461
0.454 3.637279
0.456 3.637279
0.458 3.636913
0.460 3.636913
0.462 3.636729
0.464 3.636357
0.466 3.636357
0.468 3.636171
0.470 3.635983
0.472 3.635795
0.474 3.635605
0.476 3.635415
0.478 3.635225
0.480 3.635033
0.482 3.634841
0.484 3.634647
0.486 3.634453
0.488 3.634259
0.490 3.634063
0.492 3.633867
0.494 3.633867
0.496 3.633471
0.498 3.633073
0.500 3.633073
0.502 3.632873
0.504 3.632671
0.506 3.632469
0.508 3.632267
0.510 3.632063
0.512 3.631859
0.514 3.631653
0.516 3.631447
0.518 3.631241
0.520 3.631033
0.522 3.630825
0.524 3.630405
0.526 3.630195
0.528 3.630195
0.530 3.629983
0.532 3.629771
0.534 3.629343
0.536 3.629343
0.538 3.629129
0.540 3.628913
0.542 3.628697
0.544 3.628479
0.546 3.628261
0.548 3.628043
0.550 3.627823
0.552 3.627603
0.554 3.627381
0.556 3.627159
0.558 3.626713
0.560 3.626713
0.562 3.626489
0.564 3.626263
0.566 3.626037
0.568 3.625811
0.570 3.625355
0.572 3.625125
0.574 3.625125
0.576 3.624895
0.578 3.624433
0.580 3.624433
0.582 3.624201
0.584 3.623733
0.586 3.623733
0.588 3.623499
0.590 3.623263
0.592 3.623027
0.594 3.622789
0.596 3.622551
0.598 3.622313
0.600 3.622073
0.602 3.621833
0.604 3.621591
0.606 3.621349
0.608 3.621107
0.610 3.620863
0.612 3.620619
0.614 3.620127
0.616 3.620127
0.618 3.619881
0.620 3.619385
0.622 3.619385
0.624 3.619135
0.626 3.618885
0.628 3.618635
0.630 3.618383
0.632 3.618131
0.634 3.617877
0.636 3.617623
0.638 3.617369
0.640 3.617113
0.642 3.616857
0.644 3.616599
0.646 3.616341
0.648 3.616083
0.650 3.615823
0.652 3.615301
0.654 3.615301
0.656 3.615039
0.658 3.614777
0.660 3.614513
0.662 3.614249
0.664 3.613983
0.666 3.613451
0.668 3.613451
0.670 3.613183
0.672 3.612915
0.674 3.612645
0.676 3.612375
0.678 3.612105
0.680 3.611833
0.682 3.611287
0.684 3.611287
0.686 3.611013
0.688 3.610739
0.690 3.610463
0.692 3.610187
0.694 3.609909
0.696 3.609353
0.698 3.609073
0.700 3.609073
0.702 3.608793
0.704 3.608511
0.706 3.608229
0.708 3.607947
0.710 3.607663
0.712 3.607379
0.714 3.607093
0.716 3.606807
0.718 3.606521
0.720 3.606233
0.722 3.605945
0.724 3.605655
0.726 3.605365
0.728 3.605075
0.730 3.604783
0.732 3.604491
0.734 3.604197
0.736 3.603903
0.738 3.603609
0.740 3.603017
0.742 3.603017
0.744 3.602719
0.746 3.602421
0.748 3.602123
0.750 3.601823
0.752 3.601221
0.754 3.601221
0.756 3.600919
0.758 3.600617
0.760 3.600313
0.762 3.600009
0.764 3.599703
0.766 3.599397
0.768 3.599091
0.770 3.598783
0.772 3.598475
0.774 3.598165
0.776 3.597855
0.778 3.597545
0.780 3.597233
0.782 3.596921
0.784 3.596607
0.786 3.596293
0.788 3.595663
0.790 3.595663
0.792 3.595029
0.794 3.595029
0.796 3.594393
0.798 3.594393
0.800 3.594073
0.802 3.593753
0.804 3.593431
0.806 3.593109
0.808 3.592787
0.810 3.592463
0.812 3.592139
0.814 3.591813
0.816 3.591487
0.818 3.591161
0.820 3.590833
0.822 3.590505
0.824 3.590175
0.826 3.589845
0.828 3.589183
0.830 3.588851
0.832 3.588517
0.834 3.588517
0.836 3.588183
0.838 3.587849
0.840 3.587513
0.842 3.587177
0.844 3.586839
0.846 3.586501
0.848 3.586163
0.850 3.585823
0.852 3.585141
0.854 3.585141
0.856 3.584799
0.858 3.584457
0.860 3.584113
0.862 3.583423
0.864 3.583423
0.866 3.582731
0.868 3.582731
0.870 3.582383
0.872 3.582035
0.874 3.581685
0.876 3.581335
0.878 3.580985
0.880 3.580633
0.882 3.579927
0.884 3.579927
0.886 3.579219
0.888 3.579219
0.890 3.578863
0.892 3.578507
0.894 3.578149
0.896 3.577791
0.898 3.577433
0.900 3.576713
0.902 3.576713
0.904 3.576351
0.906 3.575989
0.908 3.575627
0.910 3.575263
0.912 3.574899
0.914 3.574533
0.916 3.574167
0.918 3.573801
0.920 3.573433
0.922 3.573065
0.924 3.572695
0.926 3.572325
0.928 3.571955
0.930 3.571583
0.932 3.571211
0.934 3.570837
0.936 3.570837
0.938 3.570089
0.940 3.570089
0.942 3.569337
0.944 3.568959
0.946 3.568581
0.948 3.568203
0.950 3.567823
0.952 3.567443
0.954 3.567061
0.956 3.566679
0.958 3.566297
0.960 3.565529
0.962 3.565529
0.964 3.565143
0.966 3.564757
0.968 3.564371
0.970 3.563983
0.972 3.563595
0.974 3.563205
0.976 3.562815
0.978 3.562033
0.980 3.562033
0.982 3.561641
0.984 3.561247
0.986 3.560853
0.988 3.560459
0.990 3.560063
0.992 3.559667
0.994 3.559269
0.996 3.558871
0.998 3.558473
1.000 3.558073
1.002 3.557673
1.004 3.557271
1.006 3.556869
1.008 3.556467
1.010 3.556063
1.012 3.555659
1.014 3.555253
1.016 3.553625
1.018 3.553625
1.020 3.553215
1.022 3.552805
1.024 3.552805
1.026 3.552805
1.028 3.552395
1.030 3.551983
1.032 3.551571
1.034 3.551157
1.036 3.550329
1.038 3.550329
1.040 3.549913
1.042 3.549497
1.044 3.549079
1.046 3.548661
1.048 3.548243
1.050 3.547403
1.052 3.546981
1.054 3.546559
1.056 3.546137
1.058 3.545713
1.060 3.545289
1.062 3.544863
1.064 3.544437
1.066 3.544011
1.068 3.543583
1.070 3.543583
1.072 3.543155
1.074 3.542725
1.076 3.542295
1.078 3.541865
1.080 3.541433
1.082 3.541001
1.084 3.540567
1.086 3.540133
1.088 3.539263
1.090 3.539263
1.092 3.538389
1.094 3.538389
1.096 3.537951
1.098 3.537513
1.100 3.537073
1.102 3.536633
1.104 3.536191
1.106 3.535749
1.108 3.534863
1.110 3.534863
1.112 3.534419
1.114 3.533973
1.116 3.533081
1.118 3.533081
1.120 3.532633
1.122 3.531735
1.124 3.531735
1.126 3.531285
1.128 3.530835
1.130 3.530383
1.132 3.529931
1.134 3.529477
1.136 3.528569
1.138 3.528113
1.140 3.528113
1.142 3.527657
1.144 3.527199
1.146 3.526283
1.148 3.526283
1.150 3.525823
1.152 3.525363
1.154 3.524901
1.156 3.524439
1.158 3.523977
1.160 3.523513
1.162 3.523049
1.164 3.522583
1.166 3.522117
1.168 3.521651
1.170 3.521183
1.172 3.520715
1.174 3.520245
1.176 3.519775
1.178 3.519305
1.180 3.518833
1.182 3.518361
1.184 3.517887
1.186 3.517413
1.188 3.516463
1.190 3.516463
1.192 3.515987
1.194 3.515031
1.196 3.514553
1.198 3.514553
1.200 3.514073
1.202 3.513593
1.204 3.513111
1.206 3.512147
1.208 3.511663
1.210 3.511663
1.212 3.511179
1.214 3.510207
1.216 3.510207
1.218 3.509721
1.220 3.509233
1.222 3.508745
1.224 3.508255
1.226 3.507765
1.228 3.506783
1.230 3.506783
1.232 3.506291
1.234 3.505797
1.236 3.505303
1.238 3.504809
1.240 3.504313
1.242 3.503817
1.244 3.503817
1.246 3.502821
1.248 3.502323
1.250 3.501823
1.252 3.501323
1.254 3.500821
1.256 3.500319
1.258 3.499313
1.260 3.499313
1.262 3.498809
1.264 3.498303
1.266 3.497291
1.268 3.497291
1.270 3.496783
1.272 3.496275
1.274 3.495765
1.276 3.495255
1.278 3.494745
1.280 3.494233
1.282 3.493721
1.284 3.493207
1.286 3.492693
1.288 3.492179
1.290 3.491147
1.292 3.491147
1.294 3.490629
1.296 3.490111
1.298 3.489593
1.300 3.489073
1.302 3.488031
1.304 3.487509
1.306 3.486987
1.308 3.486987
1.310 3.486463
1.312 3.485413
1.314 3.484887
1.316 3.484887
1.318 3.484361
1.320 3.483833
1.322 3.483305
1.324 3.482775
1.326 3.481715
1.328 3.480651
1.330 3.480651
1.332 3.480117
1.334 3.479583
1.336 3.479049
1.338 3.479049
1.340 3.478513
1.342 3.477439
1.344 3.476901
1.346 3.476901
1.348 3.476363
1.350 3.475823
1.352 3.475283
1.354 3.474741
1.356 3.474199
1.358 3.473657
1.360 3.473113
1.362 3.472569
1.364 3.471477
1.366 3.470931
1.368 3.470931
1.370 3.470383
1.372 3.469285
1.374 3.468735
1.376 3.468185
1.378 3.467633
1.380 3.467633
1.382 3.467081
1.384 3.465973
1.386 3.465973
1.388 3.465419
1.390 3.464863
1.392 3.464307
1.394 3.463749
1.396 3.462633
1.398 3.462073
1.400 3.462073
1.402 3.461513
1.404 3.460389
1.406 3.460389
1.408 3.459263
1.410 3.459263
1.412 3.458699
1.414 3.457567
1.416 3.457001
1.418 3.456433
1.420 3.456433
1.422 3.455865
1.424 3.454725
1.426 3.454725
1.428 3.453583
1.430 3.453011
1.432 3.453011
1.434 3.451863
1.436 3.451289
1.438 3.451289
1.440 3.450713
1.442 3.450137
1.444 3.449559
1.446 3.448981
1.448 3.448403
1.450 3.447823
1.452 3.446661
1.454 3.446079
1.456 3.445497
1.458 3.445497
1.460 3.444913
1.462 3.443743
1.464 3.443157
1.466 3.442571
1.468 3.442571
1.470 3.441983
1.472 3.440805
1.474 3.440805
1.476 3.440215
1.478 3.439625
1.480 3.439033
1.482 3.438441
1.484 3.437847
1.486 3.436659
1.488 3.436659
1.490 3.436063
1.492 3.435467
1.494 3.434271
1.496 3.434271
1.498 3.433673
1.500 3.433073
1.502 3.432473
1.504 3.431873
1.506 3.431273
1.508 3.430073
1.510 3.430073
1.512 3.428873
1.514 3.428273
1.516 3.427673
1.518 3.427673
1.520 3.427073
1.522 3.426473
1.524 3.425873
1.526 3.425273
1.528 3.424673
1.530 3.424073
1.532 3.424073
1.534 3.424073
1.536 3.424073
1.538 3.421673
1.540 3.421073
1.542 3.420473
1.544 3.419273
1.546 3.419273
1.548 3.418073
1.550 3.418073
1.552 3.417473
1.554 3.416873
1.556 3.416273
1.558 3.415073
1.560 3.415073
1.562 3.414473
1.564 3.413273
1.566 3.412673
1.568 3.412673
1.570 3.412073
1.572 3.411473
1.574 3.410873
1.576 3.410273
1.578 3.409673
1.580 3.409073
1.582 3.408473
1.584 3.407873
1.586 3.407873
1.588 3.406673
1.590 3.406073
1.592 3.405473
1.594 3.404273
1.596 3.403673
1.598 3.403673
1.600 3.403073
1.602 3.402473
1.604 3.401873
1.606 3.401273
1.608 3.400073
1.610 3.400073
1.612 3.399473
1.614 3.398873
1.616 3.397673
1.618 3.397073
1.620 3.396473
1.622 3.395873
1.624 3.395273
1.626 3.395273
1.628 3.394673
1.630 3.394073
1.632 3.393473
1.634 3.392873
1.636 3.392273
1.638 3.391673
1.640 3.391073
1.642 3.390473
1.644 3.389273
1.646 3.388673
1.648 3.388073
1.650 3.387473
1.652 3.387473
1.654 3.386873
1.656 3.386273
1.658 3.385673
1.660 3.385073
1.662 3.383873
1.664 3.383873
1.666 3.383273
1.668 3.382673
1.670 3.382073
1.672 3.381473
1.674 3.380273
1.676 3.379673
1.678 3.379073
1.680 3.379073
1.682 3.377873
1.684 3.377873
1.686 3.377273
1.688 3.376673
1.690 3.375473
1.692 3.374873
1.694 3.374873
1.696 3.374273
1.698 3.373073
1.700 3.372473
1.702 3.371873
1.704 3.371273
1.706 3.371273
1.708 3.370673
1.710 3.370073
1.712 3.369473
1.714 3.368273
1.716 3.368273
1.718 3.367073
1.720 3.367073
1.722 3.366473
1.724 3.365873
1.726 3.365273
1.728 3.364673
1.730 3.364073
1.732 3.363473
1.734 3.362873
1.736 3.362273
1.738 3.361673
1.740 3.360473
1.742 3.360473
1.744 3.359873
1.746 3.359273
1.748 3.358673
1.750 3.358073
1.752 3.357473
1.754 3.356273
1.756 3.356273
1.758 3.355673
1.760 3.354473
1.762 3.354473
1.764 3.353873
1.766 3.353273
1.768 3.352073
1.770 3.351473
1.772 3.350273
1.774 3.350273
1.776 3.349673
1.778 3.349073
1.780 3.349073
1.782 3.347873
1.784 3.347873
1.786 3.347273
1.788 3.346073
1.790 3.346073
1.792 3.345473
1.794 3.344273
1.796 3.344273
1.798 3.343073
1.800 3.343073
1.802 3.342473
1.804 3.341873
1.806 3.341273
1.808 3.340673
1.810 3.340073
1.812 3.338873
1.814 3.338273
1.816 3.337673
1.818 3.337073
1.820 3.336473
1.822 3.335873
1.824 3.335873
1.826 3.335273
1.828 3.334673
1.830 3.334073
1.832 3.332873
1.834 3.332873
1.836 3.331673
1.838 3.331073
1.840 3.331073
1.842 3.329873
1.844 3.329873
1.846 3.329273
1.848 3.328673
1.850 3.325673
1.852 3.325073
1.854 3.324473
1.856 3.324473
1.858 3.324473
1.860 3.324473
1.862 3.324473
1.864 3.323873
1.866 3.323273
1.868 3.322673
1.870 3.322073
1.872 3.321473
1.874 3.320873
1.876 3.320273
1.878 3.319673
1.880 3.319073
1.882 3.318473
1.884 3.317873
1.886 3.317273
1.888 3.316673
1.890 3.315473
1.892 3.314873
1.894 3.314873
1.896 3.314273
1.898 3.313073
1.900 3.313073
1.902 3.312473
1.904 3.311873
1.906 3.311273
1.908 3.310673
1.910 3.310073
1.912 3.309473
1.914 3.308873
1.916 3.308273
1.918 3.307673
1.920 3.307073
1.922 3.306473
1.924 3.305873
1.926 3.305273
1.928 3.304673
1.930 3.304073
1.932 3.302873
1.934 3.302873
1.936 3.301673
1.938 3.301673
1.940 3.301073
1.942 3.299873
1.944 3.299873
1.946 3.299873
1.948 3.299873
1.950 3.298073
1.952 3.297473
1.954 3.296873
1.956 3.296273
1.958 3.295673
1.960 3.295073
1.962 3.293873
1.964 3.293873
1.966 3.293273
1.968 3.292673
1.970 3.292073
1.972 3.291473
1.974 3.290873
1.976 3.290273
1.978 3.289673
1.980 3.288473
1.982 3.288473
1.984 3.287873
1.986 3.287273
1.988 3.286673
1.990 3.286073
1.992 3.285473
1.994 3.284873
1.996 3.283673
1.998 3.283673
2.000 3.283073
2.002 3.282473
2.004 3.281873
2.006 3.281273
2.008 3.280673
2.010 3.280073
2.012 3.279473
2.014 3.278873
2.016 3.277673
2.018 3.277073
2.020 3.276473
2.022 3.276473
2.024 3.275273
2.026 3.274673
2.028 3.274073
2.030 3.274073
2.032 3.273473
2.034 3.272873
2.036 3.272273
2.038 3.271673
2.040 3.270473
2.042 3.270473
2.044 3.269873
2.046 3.268673
2.048 3.268073
2.050 3.266873
2.052 3.265673
2.054 3.265073
2.056 3.265073
2.058 3.265073
2.060 3.264473
2.062 3.263873
2.064 3.263273
2.066 3.262673
2.068 3.262073
2.070 3.261473
2.072 3.260873
2.074 3.260873
2.076 3.260273
2.078 3.259673
2.080 3.259073
2.082 3.258473
2.084 3.257873
2.086 3.257273
2.088 3.256073
2.090 3.256073
2.092 3.255473
2.094 3.254873
2.096 3.254273
2.098 3.253673
2.100 3.253073
2.102 3.252473
2.104 3.251873
2.106 3.251273
2.108 3.250073
2.110 3.249473
2.112 3.249473
2.114 3.248273
2.116 3.248273
2.118 3.247673
2.120 3.247073
2.122 3.246473
2.124 3.245873
2.126 3.245273
2.128 3.244073
2.130 3.243473
2.132 3.242873
2.134 3.242273
2.136 3.241673
2.138 3.241073
2.140 3.240473
2.142 3.239873
2.144 3.239873
2.146 3.239273
2.148 3.238673
2.150 3.238073
2.152 3.237473
2.154 3.236873
2.156 3.236273
2.158 3.235673
2.160 3.235073
2.162 3.233873
2.164 3.233873
2.166 3.233273
2.168 3.232673
2.170 3.232073
2.172 3.230873
2.174 3.230873
2.176 3.229673
2.178 3.229073
2.180 3.229073
2.182 3.228473
2.184 3.227273
2.186 3.227273
2.188 3.226073
2.190 3.226073
2.192 3.225473
2.194 3.224873
2.196 3.224273
2.198 3.223673
2.200 3.223073
2.202 3.221873
2.204 3.221273
2.206 3.221273
2.208 3.220073
2.210 3.220073
2.212 3.218873
2.214 3.218873
2.216 3.218273
2.218 3.218273
2.220 3.218273
2.222 3.216473
2.224 3.215273
2.226 3.215273
2.228 3.214673
2.230 3.214073
2.232 3.213473
2.234 3.212873
2.236 3.212273
2.238 3.211673
2.240 3.211073
2.242 3.210473
2.244 3.209873
2.246 3.209273
2.248 3.208673
2.250 3.207473
2.252 3.207473
2.254 3.206873
2.256 3.205673
2.258 3.205673
2.260 3.205073
2.262 3.204473
2.264 3.203873
2.266 3.202673
2.268 3.202073
2.270 3.202073
2.272 3.201473
2.274 3.200873
2.276 3.200273
2.278 3.199673
2.280 3.199073
2.282 3.198473
2.284 3.197273
2.286 3.197273
2.288 3.196673
2.290 3.196073
2.292 3.194873
2.294 3.194873
2.296 3.194273
2.298 3.193673
2.300 3.193073
2.302 3.192473
2.304 3.191273
2.306 3.191273
2.308 3.190673
2.310 3.190073
2.312 3.188873
2.314 3.188273
2.316 3.187673
2.318 3.187673
2.320 3.187073
2.322 3.186473
2.324 3.185873
2.326 3.184673
2.328 3.184673
2.330 3.183473
2.332 3.182873
2.334 3.182273
2.336 3.182273
2.338 3.181673
2.340 3.181073
2.342 3.179873
2.344 3.179273
2.346 3.179273
2.348 3.178673
2.350 3.178073
2.352 3.177473
2.354 3.176873
2.356 3.175673
2.358 3.175673
2.360 3.175073
2.362 3.174473
2.364 3.173873
2.366 3.173273
2.368 3.172673
2.370 3.172073
2.372 3.170873
2.374 3.170873
2.376 3.170273
2.378 3.169673
2.380 3.169073
2.382 3.168473
2.384 3.167873
2.386 3.167273
2.388 3.166673
2.390 3.166073
2.392 3.165473
2.394 3.164273
2.396 3.163673
2.398 3.163073
2.400 3.163073
2.402 3.162473
2.404 3.161873
2.406 3.161273
2.408 3.160073
2.410 3.160073
2.412 3.159473
2.414 3.158273
2.416 3.158273
2.418 3.157673
2.420 3.157673
2.422 3.157673
2.424 3.157673
2.426 3.155273
2.428 3.154673
2.430 3.154073
2.432 3.153473
2.434 3.152873
2.436 3.152273
2.438 3.151673
2.440 3.151073
2.442 3.150473
2.444 3.149273
2.446 3.149273
2.448 3.148073
2.450 3.147473
2.452 3.146873
2.454 3.146873
2.456 3.146273
2.458 3.145673
2.460 3.145073
2.462 3.144473
2.464 3.143873
2.466 3.143273
2.468 3.142673
2.470 3.142073
2.472 3.141473
2.474 3.140873
2.476 3.140273
2.478 3.139673
2.480 3.139073
2.482 3.138473
2.484 3.137273
2.486 3.137273
2.488 3.136673
2.490 3.136073
2.492 3.136073
2.494 3.136073
2.496 3.136073
2.498 3.133073
2.500 3.133073
2.502 3.132473
2.504 3.130673
2.506 3.130073
2.508 3.130073
2.510 3.130073
2.512 3.128873
2.514 3.128873
2.516 3.128273
2.518 3.127673
2.520 3.127073
2.522 3.126473
2.524 3.125873
2.526 3.125273
2.528 3.124673
2.530 3.124073
2.532 3.123473
2.534 3.122273
2.536 3.122273
2.538 3.121073
2.540 3.121073
2.542 3.120473
2.544 3.119273
2.546 3.118673
2.548 3.118673
2.550 3.118073
2.552 3.117473
2.554 3.116273
2.556 3.116273
2.558 3.115673
2.560 3.115073
2.562 3.114473
2.564 3.113873
2.566 3.113273
2.568 3.112673
2.570 3.112073
2.572 3.111473
2.574 3.111473
2.576 3.110273
2.578 3.109073
2.580 3.109073
2.582 3.108473
2.584 3.107873
2.586 3.107273
2.588 3.106673
2.590 3.106073
2.592 3.105473
2.594 3.104873
2.596 3.104273
2.598 3.103673
2.600 3.103073
2.602 3.102473
2.604 3.101873
2.606 3.101273
2.608 3.100673
2.610 3.100073
2.612 3.099473
2.614 3.098273
2.616 3.098273
2.618 3.097673
2.620 3.097073
2.622 3.096473
2.624 3.095873
2.626 3.095273
2.628 3.094073
2.630 3.093473
2.632 3.092873
2.634 3.092273
2.636 3.091673
2.638 3.091073
2.640 3.091073
2.642 3.090473
2.644 3.089873
2.646 3.089273
2.648 3.088673
2.650 3.088073
2.652 3.088073
2.654 3.088073
2.656 3.086273
2.658 3.085673
2.660 3.085073
2.662 3.084473
2.664 3.083873
2.666 3.083273
2.668 3.082673
2.670 3.082073
2.672 3.081473
2.674 3.080873
2.676 3.080273
2.678 3.079673
2.680 3.079073
2.682 3.078473
2.684 3.077273
2.686 3.077273
2.688 3.076073
2.690 3.076073
2.692 3.075473
2.694 3.075473
2.696 3.074273
2.698 3.073673
2.700 3.073073
2.702 3.072473
2.704 3.071873
2.706 3.071273
2.708 3.070073
2.710 3.070073
2.712 3.068873
2.714 3.068873
2.716 3.068273
2.718 3.067673
2.720 3.067073
2.722 3.066473
2.724 3.065873
2.726 3.065273
2.728 3.064073
2.730 3.064073
2.732 3.063473
2.734 3.062873
2.736 3.061673
2.738 3.061073
2.740 3.060473
2.742 3.059873
2.744 3.059273
2.746 3.059273
2.748 3.058073
2.750 3.058073
2.752 3.057473
2.754 3.056873
2.756 3.056273
2.758 3.055673
2.760 3.055073
2.762 3.054473
2.764 3.053273
2.766 3.053273
2.768 3.052673
2.770 3.052073
2.772 3.050873
2.774 3.050873
2.776 3.050273
2.778 3.049673
2.780 3.049073
2.782 3.048473
2.784 3.047273
2.786 3.047273
2.788 3.046073
2.790 3.046073
2.792 3.045473
2.794 3.044873
2.796 3.043673
2.798 3.043673
2.800 3.043073
2.802 3.042473
2.804 3.041873
2.806 3.041273
2.808 3.040673
2.810 3.040073
2.812 3.039473
2.814 3.038873
2.816 3.038273
2.818 3.037673
2.820 3.037073
2.822 3.036473
2.824 3.035873
2.826 3.035273
2.828 3.034673
2.830 3.034073
2.832 3.032873
2.834 3.032873
2.836 3.032273
2.838 3.031673
2.840 3.031073
2.842 3.030473
2.844 3.029273
2.846 3.029273
2.848 3.028673
2.850 3.028073
2.852 3.026873
2.854 3.026873
2.856 3.026273
2.858 3.025673
2.860 3.024473
2.862 3.023873
2.864 3.023873
2.866 3.023273
2.868 3.022673
2.870 3.022073
2.872 3.021473
2.874 3.020873
2.876 3.020273
2.878 3.019673
2.880 3.019073
2.882 3.017873
2.884 3.017273
2.886 3.017273
2.888 3.016673
2.890 3.016073
2.892 3.015473
2.894 3.014873
2.896 3.014273
2.898 3.013673
2.900 3.013073
2.902 3.012473
2.904 3.011873
2.906 3.011273
2.908 3.010673
2.910 3.010073
2.912 3.008873
2.914 3.008873
2.916 3.008273
2.918 3.007673
2.920 3.007073
2.922 3.006473
2.924 3.005873
2.926 3.005273
2.928 3.004673
2.930 3.003473
2.932 3.002873
2.934 3.002273
2.936 3.001673
2.938 3.001073
2.940 3.000473
2.942 2.999873
2.944 2.999273
2.946 2.999273
2.948 2.998673
2.950 2.998073
2.952 2.997473
2.954 2.996873
2.956 2.996273
2.958 2.995673
2.960 2.995073
2.962 2.993873
2.964 2.993873
2.966 2.993273
2.968 2.992673
2.970 2.991473
2.972 2.991473
2.974 2.990273
2.976 2.990273
2.978 2.989673
2.980 2.989073
2.982 2.988473
2.984 2.987273
2.986 2.987273
2.988 2.986673
2.990 2.986073
2.992 2.985473
2.994 2.984873
2.996 2.983673
2.998 2.983073
3.000 2.983073
3.002 2.982473
3.004 2.981873
3.006 2.981273
3.008 2.980673
3.010 2.980073
3.012 2.979473
3.014 2.978873
3.016 2.977673
3.018 2.977073
3.020 2.977073
3.022 2.976473
3.024 2.975873
3.026 2.975273
3.028 2.974673
3.030 2.974073
3.032 2.973473
3.034 2.972873
3.036 2.972273
3.038 2.971673
3.040 2.971073
3.042 2.969873
3.044 2.969873
3.046 2.969273
3.048 2.968673
3.050 2.967473
3.052 2.966873
3.054 2.966273
3.056 2.966273
3.058 2.965073
3.060 2.964473
3.062 2.964473
3.064 2.963873
3.066 2.963273
3.068 2.962673
3.070 2.961473
3.072 2.961473
3.074 2.960873
3.076 2.960273
3.078 2.959673
3.080 2.959073
3.082 2.958473
3.084 2.958473
3.086 2.956673
3.088 2.956073
3.090 2.956073
3.092 2.955473
3.094 2.954873
3.096 2.954273
3.098 2.953073
3.100 2.953073
3.102 2.952473
3.104 2.951873
3.106 2.951273
3.108 2.950673
3.110 2.950073
3.112 2.949473
3.114 2.948273
3.116 2.948273
3.118 2.947673
3.120 2.947073
3.122 2.945873
3.124 2.945273
3.126 2.945273
3.128 2.944673
3.130 2.944073
3.132 2.943473
3.134 2.942873
3.136 2.942273
3.138 2.941673
3.140 2.941073
3.142 2.940473
3.144 2.939873
3.146 2.939273
3.148 2.938673
3.150 2.938073
3.152 2.937473
3.154 2.936873
3.156 2.936273
3.158 2.935673
3.160 2.935073
3.162 2.934473
3.164 2.933873
3.166 2.933273
3.168 2.932673
3.170 2.932073
3.172 2.931473
3.174 2.930873
3.176 2.930273
3.178 2.929673
3.180 2.928473
3.182 2.928473
3.184 2.927273
3.186 2.927273
3.188 2.926673
3.190 2.926073
3.192 2.925473
3.194 2.924273
3.196 2.924273
3.198 2.923673
3.200 2.923073
3.202 2.922473
3.204 2.921873
3.206 2.921273
3.208 2.920673
3.210 2.920073
3.212 2.919473
3.214 2.918873
3.216 2.918273
3.218 2.918273
3.220 2.918273
3.222 2.915873
3.224 2.915273
3.226 2.914673
3.228 2.914073
3.230 2.914073
3.232 2.912873
3.234 2.912873
3.236 2.912273
3.238 2.911673
3.240 2.911073
3.242 2.910473
3.244 2.909273
3.246 2.909273
3.248 2.908673
3.250 2.907473
3.252 2.906873
3.254 2.906273
3.256 2.905673
3.258 2.905073
3.260 2.904473
3.262 2.903873
3.264 2.903273
3.266 2.903273
3.268 2.902673
3.270 2.902073
3.272 2.901473
3.274 2.900873
3.276 2.900273
3.278 2.899673
3.280 2.899073
3.282 2.897873
3.284 2.897873
3.286 2.897273
3.288 2.896073
3.290 2.896073
3.292 2.896073
3.294 2.896073
3.296 2.896073
3.298 2.893673
3.300 2.893073
3.302 2.891873
3.304 2.891873
3.306 2.890673
3.308 2.890673
3.310 2.890673
3.312 2.890073
3.314 2.888873
3.316 2.888273
3.318 2.887673
3.320 2.887073
3.322 2.886473
3.324 2.885273
3.326 2.885273
3.328 2.884673
3.330 2.883473
3.332 2.883473
3.334 2.882873
3.336 2.882273
3.338 2.881673
3.340 2.881073
3.342 2.880473
3.344 2.879873
3.346 2.879273
3.348 2.878673
3.350 2.878073
3.352 2.877473
3.354 2.876873
3.356 2.876273
3.358 2.875073
3.360 2.875073
3.362 2.874473
3.364 2.873873
3.366 2.873273
3.368 2.872673
3.370 2.872073
3.372 2.871473
3.374 2.871473
3.376 2.870273
3.378 2.869073
3.380 2.869073
3.382 2.868473
3.384 2.867873
3.386 2.867273
3.388 2.866673
3.390 2.865473
3.392 2.864873
3.394 2.864873
3.396 2.864273
3.398 2.863673
3.400 2.863073
3.402 2.862473
3.404 2.861873
3.406 2.861273
3.408 2.860673
3.410 2.860073
3.412 2.859473
3.414 2.858873
3.416 2.858273
3.418 2.857673
3.420 2.857073
3.422 2.856473
3.424 2.855873
3.426 2.854673
3.428 2.854673
3.430 2.854073
3.432 2.853473
3.434 2.852873
3.436 2.852273
3.438 2.851673
3.440 2.851073
3.442 2.850473
3.444 2.849873
3.446 2.849273
3.448 2.848673
3.450 2.847473
3.452 2.847473
3.454 2.846273
3.456 2.845673
3.458 2.845073
3.460 2.844473
3.462 2.844473
3.464 2.843873
3.466 2.843273
3.468 2.842673
3.470 2.842073
3.472 2.841473
3.474 2.840873
3.476 2.840273
3.478 2.839673
3.480 2.839073
3.482 2.838473
3.484 2.837873
3.486 2.837273
3.488 2.836673
3.490 2.835473
3.492 2.834873
3.494 2.834873
3.496 2.834873
3.498 2.833073
3.500 2.832473
3.502 2.832473
3.504 2.831873
3.506 2.831273
3.508 2.830073
3.510 2.830073
3.512 2.829473
3.514 2.828873
3.516 2.828273
3.518 2.827673
3.520 2.827073
3.522 2.825873
3.524 2.825873
3.526 2.825273
3.528 2.824673
3.530 2.824073
3.532 2.823473
3.534 2.822273
3.536 2.822273
3.538 2.821673
3.540 2.821073
3.542 2.820473
3.544 2.819273
3.546 2.819273
3.548 2.818673
3.550 2.818073
3.552 2.817473
3.554 2.816873
3.556 2.816273
3.558 2.815673
3.560 2.815073
3.562 2.814473
3.564 2.813873
3.566 2.813273
3.568 2.812673
3.570 2.812073
3.572 2.811473
3.574 2.810873
3.576 2.810273
3.578 2.809673
3.580 2.809073
3.582 2.808473
3.584 2.807873
3.586 2.807273
3.588 2.806673
3.590 2.806073
3.592 2.805473
3.594 2.804273
3.596 2.804273
3.598 2.803673
3.600 2.803073
3.602 2.802473
3.604 2.801873
3.606 2.801273
3.608 2.800673
3.610 2.800073
3.612 2.798873
3.614 2.798873
3.616 2.798273
3.618 2.797073
3.620 2.797073
3.622 2.796473
3.624 2.795873
3.626 2.795273
3.628 2.794673
3.630 2.794073
3.632 2.793473
3.634 2.792873
3.636 2.792273
3.638 2.791673
3.640 2.790473
3.642 2.790473
3.644 2.789873
3.646 2.789273
3.648 2.788673
3.650 2.788073
3.652 2.788073
3.654 2.786873
3.656 2.786273
3.658 2.785673
3.660 2.783873
3.662 2.783873
3.664 2.783873
3.666 2.783273
3.668 2.782673
3.670 2.782073
3.672 2.781473
3.674 2.780873
3.676 2.780273
3.678 2.779673
3.680 2.779073
3.682 2.778473
3.684 2.777873
3.686 2.777273
3.688 2.776673
3.690 2.774873
3.692 2.774873
3.694 2.774273
3.696 2.774273
3.698 2.773673
3.700 2.773073
3.702 2.772473
3.704 2.771873
3.706 2.771273
3.708 2.770073
3.710 2.770073
3.712 2.769473
3.714 2.768873
3.716 2.768273
3.718 2.767673
3.720 2.767073
3.722 2.766473
3.724 2.765873
3.726 2.765273
3.728 2.764673
3.730 2.763473
3.732 2.763473
3.734 2.762873
3.736 2.762273
3.738 2.761673
3.740 2.760473
3.742 2.759873
3.744 2.759273
3.746 2.758673
3.748 2.758673
3.750 2.758073
3.752 2.757473
3.754 2.756873
3.756 2.756273
3.758 2.755673
3.760 2.755073
3.762 2.754473
3.764 2.753873
3.766 2.753273
3.768 2.752673
3.770 2.752073
3.772 2.751473
3.774 2.750273
3.776 2.750273
3.778 2.749673
3.780 2.749073
3.782 2.748473
3.784 2.747873
3.786 2.747273
3.788 2.746673
3.790 2.746073
3.792 2.744873
3.794 2.744273
3.796 2.744273
3.798 2.743673
3.800 2.743073
3.802 2.742473
3.804 2.741873
3.806 2.741273
3.808 2.740673
3.810 2.740073
3.812 2.739473
3.814 2.738873
3.816 2.738273
3.818 2.737673
3.820 2.737073
3.822 2.736473
3.824 2.735873
3.826 2.735273
3.828 2.734673
3.830 2.734073
3.832 2.733473
3.834 2.732873
3.836 2.732273
3.838 2.731673
3.840 2.731073
3.842 2.730473
3.844 2.729873
3.846 2.729273
3.848 2.728673
3.850 2.728073
3.852 2.728073
3.854 2.728073
3.856 2.727473
3.858 2.726873
3.860 2.724473
3.862 2.724473
3.864 2.723873
3.866 2.723273
3.868 2.722673
3.870 2.722073
3.872 2.721473
3.874 2.720873
3.876 2.720273
3.878 2.719673
3.880 2.719073
3.882 2.718473
3.884 2.717873
3.886 2.717273
3.888 2.716073
3.890 2.716073
3.892 2.715473
3.894 2.714873
3.896 2.714273
3.898 2.713673
3.900 2.713073
3.902 2.712473
3.904 2.711873
3.906 2.711273
3.908 2.710673
3.910 2.710073
3.912 2.708873
3.914 2.708873
3.916 2.708273
3.918 2.707673
3.920 2.707073
3.922 2.706473
3.924 2.705873
3.926 2.705273
3.928 2.704673
3.930 2.704073
3.932 2.703473
3.934 2.702873
3.936 2.702273
3.938 2.701673
3.940 2.701073
3.942 2.700473
3.944 2.699873
3.946 2.699273
3.948 2.698673
3.950 2.698073
3.952 2.697473
3.954 2.696873
3.956 2.696273
3.958 2.695673
3.960 2.695073
3.962 2.694473
3.964 2.693273
3.966 2.693273
3.968 2.692073
3.970 2.692073
3.972 2.691473
3.974 2.690873
3.976 2.690273
3.978 2.689673
3.980 2.689073
3.982 2.688473
3.984 2.687873
3.986 2.687273
3.988 2.686673
3.990 2.686073
3.992 2.684873
3.994 2.684873
3.996 2.684273
3.998 2.683673
4.000 2.683073
4.002 2.682473
4.004 2.681873
4.006 2.681273
4.008 2.680673
4.010 2.680073
4.012 2.679473
4.014 2.678873
4.016 2.678273
4.018 2.677673
4.020 2.677073
4.022 2.676473
4.024 2.675873
4.026 2.675273
4.028 2.674673
4.030 2.674073
4.032 2.673473
4.034 2.672873
4.036 2.672273
4.038 2.671673
4.040 2.671073
4.042 2.670473
4.044 2.669873
4.046 2.669273
4.048 2.668673
4.050 2.667473
4.052 2.667473
4.054 2.666873
4.056 2.666273
4.058 2.665673
4.060 2.665073
4.062 2.664473
4.064 2.663873
4.066 2.663273
4.068 2.662073
4.070 2.662073
4.072 2.661473
4.074 2.660873
4.076 2.660273
4.078 2.659673
4.080 2.658473
4.082 2.657873
4.084 2.657873
4.086 2.657273
4.088 2.656673
4.090 2.656073
4.092 2.655473
4.094 2.654873
4.096 2.654273
4.098 2.653673
4.100 2.653073
4.102 2.652473
4.104 2.651873
4.106 2.651273
4.108 2.650673
4.110 2.650073
4.112 2.648873
4.114 2.648273
4.116 2.648273
4.118 2.647073
4.120 2.647073
4.122 2.646473
4.124 2.645873
4.126 2.645273
4.128 2.644673
4.130 2.644073
4.132 2.643473
4.134 2.642873
4.136 2.641673
4.138 2.641073
4.140 2.641073
4.142 2.640473
4.144 2.639873
4.146 2.638673
4.148 2.638673
4.150 2.638073
4.152 2.637473
4.154 2.636873
4.156 2.635673
4.158 2.635073
4.160 2.635073
4.162 2.634473
4.164 2.633873
4.166 2.633273
4.168 2.632673
4.170 2.632073
4.172 2.631473
4.174 2.630873
4.176 2.630273
4.178 2.629673
4.180 2.629073
4.182 2.627873
4.184 2.627873
4.186 2.627273
4.188 2.626073
4.190 2.625473
4.192 2.625473
4.194 2.624873
4.196 2.624273
4.198 2.623073
4.200 2.623073
4.202 2.622473
4.204 2.621873
4.206 2.621273
4.208 2.620673
4.210 2.620073
4.212 2.618873
4.214 2.618873
4.216 2.618273
4.218 2.617673
4.220 2.617073
4.222 2.616473
4.224 2.615873
4.226 2.615273
4.228 2.614673
4.230 2.614073
4.232 2.613473
4.234 2.612873
4.236 2.612273
4.238 2.611673
4.240 2.611073
4.242 2.610473
4.244 2.609873
4.246 2.609273
4.248 2.608673
4.250 2.608073
4.252 2.606873
4.254 2.606273
4.256 2.605673
4.258 2.605673
4.260 2.605073
4.262 2.604473
4.264 2.603873
4.266 2.603273
4.268 2.603273
4.270 2.602073
4.272 2.601473
4.274 2.600873
4.276 2.600273
4.278 2.599673
4.280 2.599073
4.282 2.597873
4.284 2.597873
4.286 2.597273
4.288 2.596673
4.290 2.596073
4.292 2.596073
4.294 2.596073
4.296 2.594873
4.298 2.593673
4.300 2.593073
4.302 2.592473
4.304 2.591873
4.306 2.591273
4.308 2.590073
4.310 2.590073
4.312 2.589473
4.314 2.588273
4.316 2.588273
4.318 2.587673
4.320 2.586473
4.322 2.586473
4.324 2.585873
4.326 2.585273
4.328 2.584673
4.330 2.584073
4.332 2.583473
4.334 2.582873
4.336 2.582273
4.338 2.581673
4.340 2.581073
4.342 2.580473
4.344 2.579873
4.346 2.578673
4.348 2.578673
4.350 2.578073
4.352 2.577473
4.354 2.576873
4.356 2.576273
4.358 2.575673
4.360 2.575073
4.362 2.574473
4.364 2.573873
4.366 2.573273
4.368 2.572673
4.370 2.572073
4.372 2.572073
4.374 2.572073
4.376 2.571473
4.378 2.569673
4.380 2.569073
4.382 2.568473
4.384 2.567873
4.386 2.567273
4.388 2.566673
4.390 2.566073
4.392 2.565473
4.394 2.564873
4.396 2.564273
4.398 2.563073
4.400 2.563073
4.402 2.561873
4.404 2.561873
4.406 2.561273
4.408 2.560673
4.410 2.560073
4.412 2.559473
4.414 2.558873
4.416 2.558273
4.418 2.557673
4.420 2.557073
4.422 2.556473
4.424 2.555873
4.426 2.555273
4.428 2.554673
4.430 2.554073
4.432 2.553473
4.434 2.552873
4.436 2.552273
4.438 2.551673
4.440 2.551073
4.442 2.550473
4.444 2.549873
4.446 2.549273
4.448 2.548673
4.450 2.548073
4.452 2.546873
4.454 2.546873
4.456 2.545673
4.458 2.545673
4.460 2.545073
4.462 2.544473
4.464 2.543873
4.466 2.543273
4.468 2.542673
4.470 2.542073
4.472 2.541473
4.474 2.540873
4.476 2.540273
4.478 2.539673
4.480 2.539073
4.482 2.537873
4.484 2.537873
4.486 2.537273
4.488 2.536073
4.490 2.536073
4.492 2.535473
4.494 2.534873
4.496 2.534273
4.498 2.533673
4.500 2.533073
4.502 2.532473
4.504 2.531873
4.506 2.531273
4.508 2.530673
4.510 2.530073
4.512 2.528873
4.514 2.528273
4.516 2.527673
4.518 2.527673
4.520 2.527073
4.522 2.526473
4.524 2.525873
4.526 2.524673
4.528 2.524073
4.530 2.524073
4.532 2.524073
4.534 2.522873
4.536 2.522273
4.538 2.521673
4.540 2.521073
4.542 2.520473
4.544 2.519873
4.546 2.519273
4.548 2.518673
4.550 2.518073
4.552 2.517473
4.554 2.516873
4.556 2.516273
4.558 2.515673
4.560 2.515073
4.562 2.514473
4.564 2.513873
4.566 2.513273
4.568 2.512673
4.570 2.512073
4.572 2.511473
4.574 2.510873
4.576 2.510273
4.578 2.509673
4.580 2.509073
4.582 2.508473
4.584 2.507873
4.586 2.507273
4.588 2.506673
4.590 2.506073
4.592 2.505473
4.594 2.504273
4.596 2.503673
4.598 2.503673
4.600 2.503073
4.602 2.502473
4.604 2.501873
4.606 2.501273
4.608 2.500673
4.610 2.500073
4.612 2.499473
4.614 2.498273
4.616 2.497673
4.618 2.497673
4.620 2.497073
4.622 2.495873
4.624 2.495873
4.626 2.495273
4.628 2.494673
4.630 2.494073
4.632 2.492873
4.634 2.492873
4.636 2.492273
4.638 2.491673
4.640 2.491073
4.642 2.490473
4.644 2.489873
4.646 2.489273
4.648 2.488673
4.650 2.488073
4.652 2.487473
4.654 2.486873
4.656 2.486873
4.658 2.485673
4.660 2.485073
4.662 2.484473
4.664 2.483873
4.666 2.483273
4.668 2.482673
4.670 2.482073
4.672 2.481473
4.674 2.480873
4.676 2.480273
4.678 2.479673
4.680 2.479073
4.682 2.478473
4.684 2.477873
4.686 2.477273
4.688 2.476673
4.690 2.476073
4.692 2.475473
4.694 2.474873
4.696 2.474273
4.698 2.473673
4.700 2.473073
4.702 2.472473
4.704 2.471873
4.706 2.471273
4.708 2.470673
4.710 2.470073
4.712 2.469473
4.714 2.468873
4.716 2.468273
4.718 2.467673
4.720 2.467073
4.722 2.466473
4.724 2.465873
4.726 2.465273
4.728 2.464673
4.730 2.464073
4.732 2.463473
4.734 2.462273
4.736 2.461673
4.738 2.461673
4.740 2.460473
4.742 2.460473
4.744 2.459873
4.746 2.459273
4.748 2.458673
4.750 2.458073
4.752 2.457473
4.754 2.456873
4.756 2.456273
4.758 2.455073
4.760 2.455073
4.762 2.454473
4.764 2.453873
4.766 2.453273
4.768 2.452073
4.770 2.452073
4.772 2.451473
4.774 2.450873
4.776 2.450273
4.778 2.449673
4.780 2.449673
4.782 2.448473
4.784 2.447873
4.786 2.447273
4.788 2.446673
4.790 2.446073
4.792 2.444873
4.794 2.444273
4.796 2.443673
4.798 2.443673
4.800 2.443073
4.802 2.442473
4.804 2.441873
4.806 2.441273
4.808 2.440673
4.810 2.440073
4.812 2.439473
4.814 2.438273
4.816 2.437673
4.818 2.437073
4.820 2.437073
4.822 2.435873
4.824 2.435273
4.826 2.435273
4.828 2.434073
4.830 2.434073
4.832 2.433473
4.834 2.432873
4.836 2.432273
4.838 2.431673
4.840 2.431073
4.842 2.430473
4.844 2.429873
4.846 2.429273
4.848 2.428673
4.850 2.427473
4.852 2.427473
4.854 2.426873
4.856 2.426273
4.858 2.426273
4.860 2.424473
4.862 2.424473
4.864 2.423873
4.866 2.423273
4.868 2.422073
4.870 2.422073
4.872 2.421473
4.874 2.420873
4.876 2.420273
4.878 2.419673
4.880 2.419073
4.882 2.418473
4.884 2.417273
4.886 2.417273
4.888 2.416673
4.890 2.416073
4.892 2.415473
4.894 2.414873
4.896 2.414273
4.898 2.413673
4.900 2.413073
4.902 2.411873
4.904 2.411873
4.906 2.411273
4.908 2.409473
4.910 2.409473
4.912 2.409473
4.914 2.408873
4.916 2.408273
4.918 2.407673
4.920 2.407073
4.922 2.406473
4.924 2.405873
4.926 2.405273
4.928 2.404673
4.930 2.403473
4.932 2.402873
4.934 2.402873
4.936 2.402273
4.938 2.401673
4.940 2.401073
4.942 2.400473
4.944 2.399873
4.946 2.398673
4.948 2.398673
4.950 2.398073
4.952 2.396873
4.954 2.396873
4.956 2.396273
4.958 2.395673
4.960 2.395073
4.962 2.394473
4.964 2.393873
4.966 2.393273
4.968 2.392673
4.970 2.392073
4.972 2.391473
4.974 2.390273
4.976 2.390273
4.978 2.389673
4.980 2.389073
4.982 2.388473
4.984 2.386073
4.986 2.386073
4.988 2.386073
4.990 2.385473
4.992 2.384873
4.994 2.384273
4.996 2.384273
4.998 2.383673
5.000 2.383073
5.002 2.382473
5.004 2.381873
5.006 2.381273
5.008 2.380673
5.010 2.380073
5.012 2.379473
5.014 2.378873
5.016 2.377673
5.018 2.377673
5.020 2.377073
5.022 2.375873
5.024 2.375873
5.026 2.375273
5.028 2.374673
5.030 2.374073
5.032 2.373473
5.034 2.372873
5.036 2.372273
5.038 2.371673
5.040 2.371073
5.042 2.370473
5.044 2.369273
5.046 2.369273
5.048 2.368673
5.050 2.368073
5.052 2.367473
5.054 2.366873
5.056 2.365673
5.058 2.365673
5.060 2.365073
5.062 2.364473
5.064 2.363873
5.066 2.363273
5.068 2.362073
5.070 2.362073
5.072 2.360873
5.074 2.360873
5.076 2.360273
5.078 2.359073
5.080 2.359073
5.082 2.358473
5.084 2.357873
5.086 2.357273
5.088 2.356673
5.090 2.356073
5.092 2.355473
5.094 2.354873
5.096 2.353673
5.098 2.353673
5.100 2.353073
5.102 2.352473
5.104 2.351273
5.106 2.351273
5.108 2.350673
5.110 2.350073
5.112 2.349473
5.114 2.348873
5.116 2.348273
5.118 2.347673
5.120 2.347073
5.122 2.346473
5.124 2.345873
5.126 2.344673
5.128 2.344073
5.130 2.343473
5.132 2.342873
5.134 2.342873
5.136 2.342273
5.138 2.341673
5.140 2.341073
5.142 2.340473
5.144 2.339873
5.146 2.339273
5.148 2.338073
5.150 2.338073
5.152 2.337473
5.154 2.336873
5.156 2.336273
5.158 2.335073
5.160 2.335073
5.162 2.334473
5.164 2.333873
5.166 2.333273
5.168 2.332673
5.170 2.332073
5.172 2.331473
5.174 2.330873
5.176 2.330273
5.178 2.329673
5.180 2.329073
5.182 2.328473
5.184 2.327873
5.186 2.327273
5.188 2.327273
5.190 2.327273
5.192 2.327273
5.194 2.325473
5.196 2.324273
5.198 2.323073
5.200 2.323073
5.202 2.322473
5.204 2.321873
5.206 2.321273
5.208 2.320673
5.210 2.320073
5.212 2.319473
5.214 2.318873
5.216 2.318273
5.218 2.317673
5.220 2.316473
5.222 2.315873
5.224 2.315273
5.226 2.315273
5.228 2.314073
5.230 2.314073
5.232 2.313473
5.234 2.312873
5.236 2.312273
5.238 2.311673
5.240 2.311073
5.242 2.310473
5.244 2.308673
5.246 2.308673
5.248 2.308073
5.250 2.307473
5.252 2.306873
5.254 2.306273
5.256 2.306273
5.258 2.305673
5.260 2.305073
5.262 2.304473
5.264 2.303873
5.266 2.303273
5.268 2.302673
5.270 2.302073
5.272 2.301473
5.274 2.300873
5.276 2.299673
5.278 2.299673
5.280 2.299073
5.282 2.298473
5.284 2.297873
5.286 2.297273
5.288 2.296073
5.290 2.296073
5.292 2.294873
5.294 2.294873
5.296 2.294273
5.298 2.293673
5.300 2.293073
5.302 2.292473
5.304 2.291873
5.306 2.291273
5.308 2.290673
5.310 2.290073
5.312 2.288873
5.314 2.288873
5.316 2.288273
5.318 2.287073
5.320 2.287073
5.322 2.286473
5.324 2.285273
5.326 2.285273
5.328 2.284073
5.330 2.284073
5.332 2.283473
5.334 2.282873
5.336 2.282273
5.338 2.281673
5.340 2.281073
5.342 2.279873
5.344 2.279873
5.346 2.279273
5.348 2.278673
5.350 2.278073
5.352 2.277473
5.354 2.276873
5.356 2.276273
5.358 2.275673
5.360 2.275073
5.362 2.274473
5.364 2.273873
5.366 2.272673
5.368 2.272073
5.370 2.272073
5.372 2.271473
5.374 2.270273
5.376 2.270273
5.378 2.269673
5.380 2.269073
5.382 2.267873
5.384 2.267273
5.386 2.267273
5.388 2.266073
5.390 2.266073
5.392 2.265473
5.394 2.264873
5.396 2.264273
5.398 2.263673
5.400 2.263073
5.402 2.262473
5.404 2.261873
5.406 2.261273
5.408 2.260673
5.410 2.260073
5.412 2.260073
5.414 2.260073
5.416 2.258273
5.418 2.257673
5.420 2.257073
5.422 2.256473
5.424 2.255873
5.426 2.255273
5.428 2.254673
5.430 2.254073
5.432 2.252873
5.434 2.252273
5.436 2.252273
5.438 2.251673
5.440 2.251073
5.442 2.250473
5.444 2.249873
5.446 2.249273
5.448 2.248673
5.450 2.248073
5.452 2.247473
5.454 2.246873
5.456 2.246273
5.458 2.245673
5.460 2.245073
5.462 2.244473
5.464 2.243273
5.466 2.243273
5.468 2.242673
5.470 2.242073
5.472 2.240873
5.474 2.240273
5.476 2.240273
5.478 2.239673
5.480 2.239073
5.482 2.237873
5.484 2.237873
5.486 2.236673
5.488 2.236673
5.490 2.236073
5.492 2.235473
5.494 2.234873
5.496 2.234273
5.498 2.233673
5.500 2.233073
5.502 2.231873
5.504 2.231273
5.506 2.230673
5.508 2.230673
5.510 2.230073
5.512 2.229473
5.514 2.228873
5.516 2.227673
5.518 2.227073
5.520 2.226473
5.522 2.226473
5.524 2.225273
5.526 2.225273
5.528 2.224673
5.530 2.224073
5.532 2.223473
5.534 2.222873
5.536 2.222273
5.538 2.221673
5.540 2.221073
5.542 2.220473
5.544 2.219873
5.546 2.219273
5.548 2.218073
5.550 2.218073
5.552 2.217473
5.554 2.216873
5.556 2.216273
5.558 2.215673
5.560 2.215073
5.562 2.214473
5.564 2.213873
5.566 2.213273
5.568 2.212073
5.570 2.212073
5.572 2.210873
5.574 2.210873
5.576 2.210273
5.578 2.209673
5.580 2.209073
5.582 2.208473
5.584 2.207873
5.586 2.207273
5.588 2.206673
5.590 2.206073
5.592 2.204873
5.594 2.204273
5.596 2.204273
5.598 2.203673
5.600 2.203073
5.602 2.202473
5.604 2.201273
5.606 2.200673
5.608 2.200673
5.610 2.200073
5.612 2.199473
5.614 2.198873
5.616 2.198273
5.618 2.197073
5.620 2.197073
5.622 2.196473
5.624 2.195873
5.626 2.195273
5.628 2.194673
5.630 2.194073
5.632 2.192873
5.634 2.192873
5.636 2.192273
5.638 2.191673
5.640 2.191073
5.642 2.190473
5.644 2.189873
5.646 2.189273
5.648 2.188673
5.650 2.188073
5.652 2.187473
5.654 2.186873
5.656 2.186273
5.658 2.185673
5.660 2.185073
5.662 2.184473
5.664 2.183873
5.666 2.183273
5.668 2.182673
5.670 2.182073
5.672 2.181473
5.674 2.180873
5.676 2.180273
5.678 2.179673
5.680 2.179073
5.682 2.178473
5.684 2.177873
5.686 2.177273
5.688 2.176673
5.690 2.176073
5.692 2.175473
5.694 2.174873
5.696 2.174273
5.698 2.173673
5.700 2.173073
5.702 2.172473
5.704 2.171873
5.706 2.171273
5.708 2.170673
5.710 2.170073
5.712 2.169473
5.714 2.168273
5.716 2.167673
5.718 2.167673
5.720 2.167073
5.722 2.166473
5.724 2.165873
5.726 2.165273
5.728 2.164673
5.730 2.164073
5.732 2.163473
5.734 2.162873
5.736 2.162273
5.738 2.161673
5.740 2.161073
5.742 2.160473
5.744 2.159873
5.746 2.159273
5.748 2.158673
5.750 2.158073
5.752 2.157473
5.754 2.156873
5.756 2.156273
5.758 2.155673
5.760 2.155073
5.762 2.154473
5.764 2.153873
5.766 2.152673
5.768 2.152673
5.770 2.152073
5.772 2.150873
5.774 2.150873
5.776 2.150273
5.778 2.149673
5.780 2.149073
5.782 2.148473
5.784 2.147873
5.786 2.146673
5.788 2.146073
5.790 2.146073
5.792 2.144873
5.794 2.144273
5.796 2.144273
5.798 2.143073
5.800 2.143073
5.802 2.142473
5.804 2.141873
5.806 2.141273
5.808 2.140673
5.810 2.140073
5.812 2.138873
5.814 2.138273
5.816 2.137673
5.818 2.137673
5.820 2.137073
5.822 2.136473
5.824 2.135273
5.826 2.134673
5.828 2.134073
5.830 2.134073
5.832 2.133473
5.834 2.132873
5.836 2.132273
5.838 2.131673
5.840 2.131073
5.842 2.130473
5.844 2.129873
5.846 2.129273
5.848 2.128673
5.850 2.126273
5.852 2.126273
5.854 2.126273
5.856 2.126273
5.858 2.125673
5.860 2.125073
5.862 2.123873
5.864 2.123873
5.866 2.123273
5.868 2.122673
5.870 2.122073
5.872 2.121473
5.874 2.120873
5.876 2.120273
5.878 2.119673
5.880 2.119073
5.882 2.118473
5.884 2.117273
5.886 2.116673
5.888 2.116673
5.890 2.116073
5.892 2.114873
5.894 2.114273
5.896 2.113673
5.898 2.113673
5.900 2.113073
5.902 2.113073
5.904 2.113073
5.906 2.111273
5.908 2.110673
5.910 2.110073
5.912 2.109473
5.914 2.108273
5.916 2.108273
5.918 2.107673
5.920 2.107073
5.922 2.106473
5.924 2.105873
5.926 2.105273
5.928 2.104673
5.930 2.104073
5.932 2.103473
5.934 2.102873
5.936 2.101673
5.938 2.101673
5.940 2.100473
5.942 2.099873
5.944 2.099273
5.946 2.099273
5.948 2.098673
5.950 2.098073
5.952 2.097473
5.954 2.096873
5.956 2.096273
5.958 2.095673
5.960 2.094473
5.962 2.094473
5.964 2.093873
5.966 2.093273
5.968 2.092673
5.970 2.092073
5.972 2.091473
5.974 2.090873
5.976 2.089673
5.978 2.089073
5.980 2.089073
5.982 2.088473
5.984 2.087873
5.986 2.087273
5.988 2.086673
5.990 2.085473
5.992 2.084873
5.994 2.084873
5.996 2.084273
5.998 2.083673
6.000 2.082473
6.002 2.082473
6.004 2.081873
6.006 2.081273
6.008 2.080673
6.010 2.079473
6.012 2.078873
6.014 2.078273
6.016 2.077673
6.018 2.077673
6.020 2.077073
6.022 2.076473
6.024 2.075873
6.026 2.075273
6.028 2.074073
6.030 2.074073
6.032 2.072873
6.034 2.072873
6.036 2.072273
6.038 2.071673
6.040 2.071073
6.042 2.069873
6.044 2.069873
6.046 2.069273
6.048 2.068673
6.050 2.068073
6.052 2.068073
6.054 2.068073
6.056 2.068073
6.058 2.065673
6.060 2.064473
6.062 2.063873
6.064 2.063873
6.066 2.063273
6.068 2.062673
6.070 2.062073
6.072 2.061473
6.074 2.060873
6.076 2.060273
6.078 2.059673
6.080 2.059073
6.082 2.057873
6.084 2.057873
6.086 2.056673
6.088 2.056673
6.090 2.056073
6.092 2.056073
6.094 2.056073
6.096 2.054873
6.098 2.053673
6.100 2.053073
6.102 2.052473
6.104 2.051873
6.106 2.051273
6.108 2.050673
6.110 2.050073
6.112 2.049473
6.114 2.049473
6.116 2.048273
6.118 2.047673
6.120 2.047073
6.122 2.046473
6.124 2.045273
6.126 2.045273
6.128 2.044673
6.130 2.044073
6.132 2.043473
6.134 2.042873
6.136 2.042273
6.138 2.041673
6.140 2.041073
6.142 2.040473
6.144 2.039873
6.146 2.039273
6.148 2.038073
6.150 2.038073
6.152 2.037473
6.154 2.036873
6.156 2.036273
6.158 2.035073
6.160 2.035073
6.162 2.034473
6.164 2.033873
6.166 2.033273
6.168 2.032673
6.170 2.032073
6.172 2.031473
6.174 2.030273
6.176 2.029673
6.178 2.029073
6.180 2.029073
6.182 2.027873
6.184 2.027873
6.186 2.027273
6.188 2.026673
6.190 2.026073
6.192 2.025473
6.194 2.024273
6.196 2.023673
6.198 2.023673
6.200 2.023073
6.202 2.022473
6.204 2.021873
6.206 2.021273
6.208 2.020673
6.210 2.020073
6.212 2.019473
6.214 2.018873
6.216 2.018273
6.218 2.017073
6.220 2.016473
6.222 2.016473
6.224 2.015273
6.226 2.015273
6.228 2.014673
6.230 2.014073
6.232 2.013473
6.234 2.012873
6.236 2.011673
6.238 2.011673
6.240 2.011073
6.242 2.010473
6.244 2.009873
6.246 2.009273
6.248 2.008673
6.250 2.005073
6.252 2.004473
6.254 2.004473
6.256 2.003873
6.258 2.003273
6.260 2.002673
6.262 2.002073
6.264 2.002073
6.266 2.001473
6.268 2.000873
6.270 2.000273
6.272 1.999673
6.274 1.999073
6.276 1.998473
6.278 1.997873
6.280 1.997273
6.282 1.996673
6.284 1.996073
6.286 1.995473
6.288 1.994873
6.290 1.993673
6.292 1.993673
6.294 1.993073
6.296 1.992473
6.298 1.991873
6.300 1.991273
6.302 1.990673
6.304 1.990073
6.306 1.989473
6.308 1.988873
6.310 1.988273
6.312 1.988273
6.314 1.987073
6.316 1.986473
6.318 1.985873
6.320 1.985273
6.322 1.984673
6.324 1.984073
6.326 1.983473
6.328 1.982873
6.330 1.982873
6.332 1.981673
6.334 1.981073
6.336 1.979873
6.338 1.979873
6.340 1.978673
6.342 1.978073
6.344 1.978073
6.346 1.977473
6.348 1.976873
6.350 1.976273
6.352 1.975673
6.354 1.975073
6.356 1.974473
6.358 1.973873
6.360 1.973273
6.362 1.972673
6.364 1.972073
6.366 1.971473
6.368 1.970873
6.370 1.970273
6.372 1.969673
6.374 1.969073
6.376 1.968473
6.378 1.966673
6.380 1.964873
6.382 1.964873
6.384 1.964873
6.386 1.964273
6.388 1.964273
6.390 1.963673
6.392 1.963673
6.394 1.962473
6.396 1.962473
6.398 1.961873
6.400 1.961273
6.402 1.960673
6.404 1.960073
6.406 1.959473
6.408 1.958273
6.410 1.958273
6.412 1.957673
6.414 1.956473
6.416 1.956473
6.418 1.955273
6.420 1.955273
6.422 1.954673
6.424 1.954073
6.426 1.953473
6.428 1.952873
6.430 1.951673
6.432 1.951673
6.434 1.951073
6.436 1.950473
6.438 1.949873
6.440 1.949273
6.442 1.948673
6.444 1.948073
6.446 1.948073
6.448 1.946873
6.450 1.946273
6.452 1.945673
6.454 1.945073
6.456 1.944473
6.458 1.943873
6.460 1.943273
6.462 1.942673
6.464 1.942073
6.466 1.941473
6.468 1.940873
6.470 1.940273
6.472 1.939673
6.474 1.939073
6.476 1.938473
6.478 1.937273
6.480 1.936673
6.482 1.936673
6.484 1.936073
6.486 1.936073
6.488 1.936073
6.490 1.934273
6.492 1.933073
6.494 1.933073
6.496 1.931873
6.498 1.931873
6.500 1.931273
6.502 1.930673
6.504 1.930073
6.506 1.928873
6.508 1.928873
6.510 1.928273
6.512 1.927673
6.514 1.927073
6.516 1.926473
6.518 1.925873
6.520 1.925273
6.522 1.924673
6.524 1.923473
6.526 1.923473
6.528 1.922873
6.530 1.922273
6.532 1.921673
6.534 1.921073
6.536 1.919873
6.538 1.919873
6.540 1.919273
6.542 1.918073
6.544 1.918073
6.546 1.917473
6.548 1.916873
6.550 1.916273
6.552 1.915673
6.554 1.915073
6.556 1.914473
6.558 1.913873
6.560 1.913273
6.562 1.912073
6.564 1.912073
6.566 1.911473
6.568 1.910873
6.570 1.910273
6.572 1.909673
6.574 1.909073
6.576 1.908473
6.578 1.907873
6.580 1.907273
6.582 1.906673
6.584 1.906073
6.586 1.905473
6.588 1.904873
6.590 1.903673
6.592 1.903673
6.594 1.903073
6.596 1.902473
6.598 1.901873
6.600 1.900673
6.602 1.900673
6.604 1.900073
6.606 1.899473
6.608 1.898873
6.610 1.898273
6.612 1.897673
6.614 1.896473
6.616 1.895873
6.618 1.895273
6.620 1.894673
6.622 1.894673
6.624 1.894073
6.626 1.892873
6.628 1.892873
6.630 1.892273
6.632 1.891673
6.634 1.891073
6.636 1.890473
6.638 1.889873
6.640 1.889273
6.642 1.888673
6.644 1.888073
6.646 1.887473
6.648 1.886873
6.650 1.885673
6.652 1.885673
6.654 1.885073
6.656 1.884473
6.658 1.883873
6.660 1.883273
6.662 1.882673
6.664 1.882073
6.666 1.881473
6.668 1.880873
6.670 1.880273
6.672 1.879073
6.674 1.879073
6.676 1.878473
6.678 1.877873
6.680 1.877273
6.682 1.876673
6.684 1.876073
6.686 1.876073
6.688 1.876073
6.690 1.873673
6.692 1.873673
6.694 1.873073
6.696 1.872473
6.698 1.871873
6.700 1.871273
6.702 1.870673
6.704 1.870073
6.706 1.869473
6.708 1.868873
6.710 1.868273
6.712 1.867073
6.714 1.867073
6.716 1.866473
6.718 1.865873
6.720 1.865273
6.722 1.864673
6.724 1.864073
6.726 1.862873
6.728 1.862873
6.730 1.862273
6.732 1.861673
6.734 1.861073
6.736 1.860473
6.738 1.859873
6.740 1.858673
6.742 1.858673
6.744 1.858073
6.746 1.857473
6.748 1.856273
6.750 1.855673
6.752 1.855673
6.754 1.855073
6.756 1.854473
6.758 1.853873
6.760 1.853273
6.762 1.852673
6.764 1.852073
6.766 1.851473
6.768 1.850873
6.770 1.850273
6.772 1.849673
6.774 1.849073
6.776 1.848473
6.778 1.847873
6.780 1.847273
6.782 1.846673
6.784 1.846073
6.786 1.845473
6.788 1.844873
6.790 1.844273
6.792 1.843673
6.794 1.843073
6.796 1.842473
6.798 1.841873
6.800 1.841273
6.802 1.840673
6.804 1.840073
6.806 1.839473
6.808 1.838873
6.810 1.838273
6.812 1.837673
6.814 1.837073
6.816 1.836473
6.818 1.835873
6.820 1.835273
6.822 1.834673
6.824 1.834073
6.826 1.833473
6.828 1.832273
6.830 1.832273
6.832 1.831673
6.834 1.831073
6.836 1.830473
6.838 1.829873
6.840 1.829273
6.842 1.828673
6.844 1.827473
6.846 1.827473
6.848 1.826873
6.850 1.826273
6.852 1.825673
6.854 1.825073
6.856 1.824473
6.858 1.823873
6.860 1.823273
6.862 1.822673
6.864 1.821473
6.866 1.820873
6.868 1.820873
6.870 1.820273
6.872 1.819673
6.874 1.819073
6.876 1.818473
6.878 1.817273
6.880 1.816673
6.882 1.816673
6.884 1.815473
6.886 1.815473
6.888 1.814873
6.890 1.814273
6.892 1.813673
6.894 1.813073
6.896 1.812473
6.898 1.811873
6.900 1.811273
6.902 1.810073
6.904 1.810073
6.906 1.809473
6.908 1.808873
6.910 1.807673
6.912 1.807673
6.914 1.807073
6.916 1.806473
6.918 1.805873
6.920 1.804673
6.922 1.804073
6.924 1.803473
6.926 1.803473
6.928 1.802273
6.930 1.801673
6.932 1.801073
6.934 1.800473
6.936 1.799873
6.938 1.799873
6.940 1.799273
6.942 1.798673
6.944 1.798073
6.946 1.797473
6.948 1.796873
6.950 1.796273
6.952 1.795073
6.954 1.795073
6.956 1.794473
6.958 1.793873
6.960 1.792673
6.962 1.792673
6.964 1.792073
6.966 1.791473
6.968 1.790273
6.970 1.790273
6.972 1.789673
6.974 1.789073
6.976 1.788473
6.978 1.787273
6.980 1.787273
6.982 1.786673
6.984 1.786073
6.986 1.785473
6.988 1.784273
6.990 1.784273
6.992 1.783673
6.994 1.783073
6.996 1.782473
6.998 1.781873
7.000 1.781273
7.002 1.780073
7.004 1.780073
7.006 1.779473
7.008 1.779473
7.010 1.778273
7.012 1.778273
7.014 1.778273
7.016 1.778273
7.018 1.778273
7.020 1.775273
7.022 1.774673
7.024 1.774073
7.026 1.773473
7.028 1.772873
7.030 1.772273
7.032 1.771673
7.034 1.771073
7.036 1.770473
7.038 1.769873
7.040 1.769273
7.042 1.768073
7.044 1.768073
7.046 1.768073
7.048 1.768073
7.050 1.766273
7.052 1.765673
7.054 1.765073
7.056 1.764473
7.058 1.763873
7.060 1.763273
7.062 1.762673
7.064 1.762073
7.066 1.761473
7.068 1.760873
7.070 1.760273
7.072 1.759673
7.074 1.759073
7.076 1.758473
7.078 1.757873
7.080 1.757273
7.082 1.756673
7.084 1.756073
7.086 1.756073
7.088 1.756073
7.090 1.754273
7.092 1.752473
7.094 1.752473
7.096 1.752473
7.098 1.751273
7.100 1.751273
7.102 1.750073
7.104 1.750073
7.106 1.749473
7.108 1.748273
7.110 1.748273
7.112 1.747673
7.114 1.747073
7.116 1.746473
7.118 1.745873
7.120 1.745273
7.122 1.744673
7.124 1.744073
7.126 1.743473
7.128 1.742273
7.130 1.741673
7.132 1.741073
7.134 1.741073
7.136 1.740473
7.138 1.739873
7.140 1.739273
7.142 1.738673
7.144 1.738073
7.146 1.737473
7.148 1.736873
7.150 1.736273
7.152 1.735673
7.154 1.735073
7.156 1.734473
7.158 1.733873
7.160 1.732673
7.162 1.732673
7.164 1.731473
7.166 1.731473
7.168 1.730873
7.170 1.730273
7.172 1.729673
7.174 1.729073
7.176 1.728473
7.178 1.727873
7.180 1.727273
7.182 1.726673
7.184 1.726073
7.186 1.724873
7.188 1.724873
7.190 1.724273
7.192 1.723673
7.194 1.723073
7.196 1.722473
7.198 1.721873
7.200 1.721273
7.202 1.720673
7.204 1.720073
7.206 1.720073
7.208 1.720073
7.210 1.718273
7.212 1.717673
7.214 1.717073
7.216 1.716473
7.218 1.715873
7.220 1.715273
7.222 1.714673
7.224 1.714073
7.226 1.713473
7.228 1.712873
7.230 1.712273
7.232 1.711673
7.234 1.711073
7.236 1.709873
7.238 1.709873
7.240 1.709273
7.242 1.708673
7.244 1.708073
7.246 1.706873
7.248 1.705673
7.250 1.705073
7.252 1.705073
7.254 1.704473
7.256 1.704473
7.258 1.703873
7.260 1.703273
7.262 1.702673
7.264 1.702073
7.266 1.701473
7.268 1.700873
7.270 1.700273
7.272 1.699673
7.274 1.699073
7.276 1.698473
7.278 1.697873
7.280 1.697273
7.282 1.696673
7.284 1.696073
7.286 1.694873
7.288 1.694273
7.290 1.693673
7.292 1.693073
7.294 1.693073
7.296 1.692473
7.298 1.691873
7.300 1.691273
7.302 1.690673
7.304 1.690073
7.306 1.689473
7.308 1.688273
7.310 1.688273
7.312 1.687673
7.314 1.686473
7.316 1.686473
7.318 1.685273
7.320 1.685273
7.322 1.684673
7.324 1.684073
7.326 1.683473
7.328 1.682873
7.330 1.682273
7.332 1.681673
7.334 1.681073
7.336 1.680473
7.338 1.679873
7.340 1.679273
7.342 1.678673
7.344 1.678073
7.346 1.677473
7.348 1.676873
7.350 1.676273
7.352 1.675673
7.354 1.675073
7.356 1.674473
7.358 1.673873
7.360 1.673273
7.362 1.672673
7.364 1.672073
7.366 1.670873
7.368 1.670273
7.370 1.670273
7.372 1.669673
7.374 1.669073
7.376 1.668473
7.378 1.667873
7.380 1.666673
7.382 1.666073
7.384 1.666073
7.386 1.665473
7.388 1.664273
7.390 1.664273
7.392 1.663673
7.394 1.663073
7.396 1.662473
7.398 1.661873
7.400 1.661273
7.402 1.660673
7.404 1.660073
7.406 1.659473
7.408 1.658873
7.410 1.657673
7.412 1.657673
7.414 1.657073
7.416 1.656473
7.418 1.655873
7.420 1.655273
7.422 1.654673
7.424 1.654073
7.426 1.653473
7.428 1.652273
7.430 1.652273
7.432 1.651673
7.434 1.651073
7.436 1.650473
7.438 1.649873
7.440 1.648673
7.442 1.648673
7.444 1.648073
7.446 1.646873
7.448 1.646873
7.450 1.646273
7.452 1.645673
7.454 1.645073
7.456 1.644473
7.458 1.643873
7.460 1.643273
7.462 1.641473
7.464 1.641473
7.466 1.641473
7.468 1.640873
7.470 1.640273
7.472 1.639673
7.474 1.639073
7.476 1.638473
7.478 1.637873
7.480 1.637273
7.482 1.636073
7.484 1.636073
7.486 1.635473
7.488 1.634873
7.490 1.634273
7.492 1.633673
7.494 1.633073
7.496 1.631873
7.498 1.631873
7.500 1.631273
7.502 1.630073
7.504 1.630073
7.506 1.629473
7.508 1.628273
7.510 1.628273
7.512 1.627673
7.514 1.627073
7.516 1.626473
7.518 1.625273
7.520 1.625273
7.522 1.624673
7.524 1.624073
7.526 1.624073
7.528 1.624073
7.530 1.624073
7.532 1.621673
7.534 1.621673
7.536 1.621673
7.538 1.621673
7.540 1.619273
7.542 1.618673
7.544 1.618073
7.546 1.617473
7.548 1.616873
7.550 1.616273
7.552 1.615673
7.554 1.615073
7.556 1.614473
7.558 1.613273
7.560 1.612673
7.562 1.612673
7.564 1.612073
7.566 1.611473
7.568 1.610873
7.570 1.610273
7.572 1.609673
7.574 1.609073
7.576 1.608473
7.578 1.607873
7.580 1.607873
7.582 1.606673
7.584 1.606073
7.586 1.605473
7.588 1.604273
7.590 1.604273
7.592 1.603673
7.594 1.603073
7.596 1.602473
7.598 1.601873
7.600 1.601273
7.602 1.600673
7.604 1.600073
7.606 1.599473
7.608 1.598873
7.610 1.598273
7.612 1.597673
7.614 1.597073
7.616 1.596473
7.618 1.595873
7.620 1.595273
7.622 1.594073
7.624 1.594073
7.626 1.592873
7.628 1.592873
7.630 1.592273
7.632 1.591673
7.634 1.591073
7.636 1.590473
7.638 1.589873
7.640 1.589273
7.642 1.588673
7.644 1.586873
7.646 1.586873
7.648 1.586873
7.650 1.586273
7.652 1.585673
7.654 1.585073
7.656 1.584473
7.658 1.583273
7.660 1.583273
7.662 1.582673
7.664 1.582073
7.666 1.580873
7.668 1.580873
7.670 1.580273
7.672 1.579073
7.674 1.579073
7.676 1.578473
7.678 1.577873
7.680 1.577273
7.682 1.576673
7.684 1.576073
7.686 1.575473
7.688 1.574873
7.690 1.574273
7.692 1.573673
7.694 1.572473
7.696 1.572473
7.698 1.571273
7.700 1.571273
7.702 1.570673
7.704 1.570073
7.706 1.569473
7.708 1.568873
7.710 1.568273
7.712 1.567673
7.714 1.567073
7.716 1.566473
7.718 1.565873
7.720 1.565273
7.722 1.564673
7.724 1.563473
7.726 1.563473
7.728 1.562873
7.730 1.561673
7.732 1.561073
7.734 1.561073
7.736 1.560473
7.738 1.559273
7.740 1.558673
7.742 1.558073
7.744 1.557473
7.746 1.557473
7.748 1.556873
7.750 1.556273
7.752 1.555073
7.754 1.555073
7.756 1.553873
7.758 1.553873
7.760 1.553273
7.762 1.552673
7.764 1.552073
7.766 1.551473
7.768 1.550873
7.770 1.550273
7.772 1.549673
7.774 1.549073
7.776 1.548473
7.778 1.547873
7.780 1.547273
7.782 1.546673
7.784 1.546073
7.786 1.545473
7.788 1.544873
7.790 1.544273
7.792 1.543673
7.794 1.543073
7.796 1.542473
7.798 1.541873
7.800 1.541273
7.802 1.540673
7.804 1.539473
7.806 1.539473
7.808 1.538873
7.810 1.538273
7.812 1.537673
7.814 1.536473
7.816 1.536473
7.818 1.535873
7.820 1.535273
7.822 1.534673
7.824 1.534073
7.826 1.533473
7.828 1.532873
7.830 1.532273
7.832 1.531673
7.834 1.531073
7.836 1.530473
7.838 1.529873
7.840 1.529273
7.842 1.528673
7.844 1.526873
7.846 1.526273
7.848 1.525673
7.850 1.525673
7.852 1.525673
7.854 1.525073
7.856 1.524473
7.858 1.523873
7.860 1.522673
7.862 1.522673
7.864 1.522073
7.866 1.521473
7.868 1.520873
7.870 1.520273
7.872 1.519073
7.874 1.519073
7.876 1.518473
7.878 1.517873
7.880 1.517273
7.882 1.516073
7.884 1.516073
7.886 1.515473
7.888 1.514873
7.890 1.514273
7.892 1.513673
7.894 1.513073
7.896 1.512473
7.898 1.511873
7.900 1.511273
7.902 1.510673
7.904 1.510073
7.906 1.509473
7.908 1.508873
7.910 1.507673
7.912 1.507673
7.914 1.506473
7.916 1.506473
7.918 1.505873
7.920 1.505273
7.922 1.504673
7.924 1.504073
7.926 1.503473
7.928 1.502273
7.930 1.502273
7.932 1.501673
7.934 1.501073
7.936 1.500473
7.938 1.499873
7.940 1.499273
7.942 1.498673
7.944 1.498073
7.946 1.497473
7.948 1.496873
7.950 1.496273
7.952 1.495673
7.954 1.495073
7.956 1.494473
7.958 1.493273
7.960 1.492673
7.962 1.492673
7.964 1.492073
7.966 1.491473
7.968 1.490873
7.970 1.490273
7.972 1.489673
7.974 1.489073
7.976 1.489073
7.978 1.487873
7.980 1.487273
7.982 1.486673
7.984 1.486073
7.986 1.485473
7.988 1.484273
7.990 1.484273
7.992 1.483673
7.994 1.483073
7.996 1.482473
7.998 1.481873
8.000 1.481273
8.002 1.480673
8.004 1.480073
8.006 1.479473
8.008 1.478873
8.010 1.478273
8.012 1.477673
8.014 1.477073
8.016 1.475873
8.018 1.475873
8.020 1.475273
8.022 1.474073
8.024 1.474073
8.026 1.473473
8.028 1.472873
8.030 1.472273
8.032 1.471673
8.034 1.471073
8.036 1.470473
8.038 1.469273
8.040 1.469273
8.042 1.468673
8.044 1.468073
8.046 1.467473
8.048 1.465673
8.050 1.465673
8.052 1.465673
8.054 1.465673
8.056 1.464473
8.058 1.463873
8.060 1.463273
8.062 1.462673
8.064 1.462073
8.066 1.461473
8.068 1.460873
8.070 1.460273
8.072 1.459673
8.074 1.459073
8.076 1.458473
8.078 1.457873
8.080 1.457273
8.082 1.456673
8.084 1.456073
8.086 1.455473
8.088 1.454873
8.090 1.454273
8.092 1.453673
8.094 1.453073
8.096 1.452473
8.098 1.451873
8.100 1.451273
8.102 1.450673
8.104 1.450073
8.106 1.449473
8.108 1.448873
8.110 1.447673
8.112 1.447673
8.114 1.447073
8.116 1.446473
8.118 1.445873
8.120 1.445273
8.122 1.444673
8.124 1.444073
8.126 1.443473
8.128 1.441673
8.130 1.441673
8.132 1.441673
8.134 1.441073
8.136 1.440473
8.138 1.439273
8.140 1.439273
8.142 1.438673
8.144 1.438073
8.146 1.437473
8.148 1.436873
8.150 1.436273
8.152 1.435673
8.154 1.435073
8.156 1.434473
8.158 1.433873
8.160 1.433273
8.162 1.432673
8.164 1.432073
8.166 1.431473
8.168 1.430873
8.170 1.430273
8.172 1.429673
8.174 1.429073
8.176 1.428473
8.178 1.427873
8.180 1.427873
8.182 1.427873
8.184 1.427873
8.186 1.427873
8.188 1.426673
8.190 1.425473
8.192 1.424873
8.194 1.424873
8.196 1.424273
8.198 1.423673
8.200 1.423073
8.202 1.422473
8.204 1.421273
8.206 1.421273
8.208 1.420673
8.210 1.420073
8.212 1.419473
8.214 1.418873
8.216 1.418273
8.218 1.417073
8.220 1.416473
8.222 1.415873
8.224 1.415873
8.226 1.415273
8.228 1.414673
8.230 1.414073
8.232 1.413473
8.234 1.412873
8.236 1.412273
8.238 1.411673
8.240 1.411073
8.242 1.410473
8.244 1.409273
8.246 1.409273
8.248 1.408673
8.250 1.407473
8.252 1.406873
8.254 1.406873
8.256 1.405673
8.258 1.405073
8.260 1.405073
8.262 1.404473
8.264 1.403873
8.266 1.403273
8.268 1.402073
8.270 1.402073
8.272 1.401473
8.274 1.400873
8.276 1.400273
8.278 1.399673
8.280 1.399073
8.282 1.397873
8.284 1.397273
8.286 1.397273
8.288 1.396073
8.290 1.396073
8.292 1.395473
8.294 1.394873
8.296 1.394273
8.298 1.393073
8.300 1.393073
8.302 1.392473
8.304 1.391873
8.306 1.391273
8.308 1.390673
8.310 1.390073
8.312 1.389473
8.314 1.388873
8.316 1.388273
8.318 1.387073
8.320 1.387073
8.322 1.386473
8.324 1.385873
8.326 1.385273
8.328 1.384673
8.330 1.384673
8.332 1.384673
8.334 1.382273
8.336 1.382273
8.338 1.381673
8.340 1.380473
8.342 1.380473
8.344 1.379873
8.346 1.379273
8.348 1.378673
8.350 1.378073
8.352 1.377473
8.354 1.376873
8.356 1.376273
8.358 1.375673
8.360 1.375073
8.362 1.374473
8.364 1.373273
8.366 1.373273
8.368 1.372673
8.370 1.372073
8.372 1.371473
8.374 1.370873
8.376 1.370273
8.378 1.369673
8.380 1.369073
8.382 1.368473
8.384 1.367873
8.386 1.367273
8.388 1.366673
8.390 1.365473
8.392 1.365473
8.394 1.364873
8.396 1.364273
8.398 1.363673
8.400 1.363073
8.402 1.362473
8.404 1.361873
8.406 1.361273
8.408 1.360673
8.410 1.360073
8.412 1.359473
8.414 1.358873
8.416 1.358273
8.418 1.357673
8.420 1.357073
8.422 1.356473
8.424 1.355873
8.426 1.355273
8.428 1.354673
8.430 1.354073
8.432 1.353473
8.434 1.352873
8.436 1.352273
8.438 1.351673
8.440 1.351073
8.442 1.350473
8.444 1.349873
8.446 1.349273
8.448 1.348673
8.450 1.348073
8.452 1.346873
8.454 1.346873
8.456 1.346273
8.458 1.345673
8.460 1.345073
8.462 1.344473
8.464 1.343873
8.466 1.343273
8.468 1.342673
8.470 1.342073
8.472 1.341473
8.474 1.340873
8.476 1.340273
8.478 1.339673
8.480 1.339073
8.482 1.338473
8.484 1.337873
8.486 1.337273
8.488 1.336673
8.490 1.336073
8.492 1.335473
8.494 1.333073
8.496 1.333073
8.498 1.332473
8.500 1.332473
8.502 1.332473
8.504 1.331273
8.506 1.330673
8.508 1.330073
8.510 1.329473
8.512 1.329473
8.514 1.328873
8.516 1.328273
8.518 1.327673
8.520 1.327073
8.522 1.326473
8.524 1.325273
8.526 1.325273
8.528 1.324673
8.530 1.324073
8.532 1.323473
8.534 1.322873
8.536 1.321673
8.538 1.321073
8.540 1.320473
8.542 1.319873
8.544 1.319873
8.546 1.318673
8.548 1.318673
8.550 1.317473
8.552 1.317473
8.554 1.316873
8.556 1.316273
8.558 1.315673
8.560 1.314473
8.562 1.314473
8.564 1.313273
8.566 1.312673
8.568 1.312673
8.570 1.312073
8.572 1.311473
8.574 1.310873
8.576 1.310273
8.578 1.309673
8.580 1.309073
8.582 1.307873
8.584 1.307873
8.586 1.307273
8.588 1.306073
8.590 1.305473
8.592 1.305473
8.594 1.304873
8.596 1.303673
8.598 1.303673
8.600 1.303073
8.602 1.302473
8.604 1.301273
8.606 1.300673
8.608 1.300073
8.610 1.300073
8.612 1.299473
8.614 1.298873
8.616 1.298273
8.618 1.297673
8.620 1.297073
8.622 1.295873
8.624 1.295873
8.626 1.294673
8.628 1.294073
8.630 1.294073
8.632 1.293473
8.634 1.292873
8.636 1.292273
8.638 1.291673
8.640 1.291073
8.642 1.290473
8.644 1.289873
8.646 1.289873
8.648 1.288073
8.650 1.288073
8.652 1.287473
8.654 1.286873
8.656 1.285673
8.658 1.285073
8.660 1.285073
8.662 1.283873
8.664 1.283873
8.666 1.283273
8.668 1.282673
8.670 1.282073
8.672 1.281473
8.674 1.280873
8.676 1.280273
8.678 1.279673
8.680 1.279073
8.682 1.278473
8.684 1.277873
8.686 1.277273
8.688 1.276673
8.690 1.276073
8.692 1.275473
8.694 1.274873
8.696 1.274273
8.698 1.273673
8.700 1.273073
8.702 1.272473
8.704 1.271873
8.706 1.270673
8.708 1.270673
8.710 1.270073
8.712 1.269473
8.714 1.268873
8.716 1.268273
8.718 1.267673
8.720 1.267073
8.722 1.266473
8.724 1.265873
8.726 1.265873
8.728 1.264673
8.730 1.264073
8.732 1.263473
8.734 1.262873
8.736 1.261673
8.738 1.261073
8.740 1.261073
8.742 1.259873
8.744 1.259273
8.746 1.259273
8.748 1.258673
8.750 1.258073
8.752 1.257473
8.754 1.256873
8.756 1.256273
8.758 1.255673
8.760 1.255073
8.762 1.254473
8.764 1.253873
8.766 1.252673
8.768 1.252673
8.770 1.252073
8.772 1.251473
8.774 1.250873
8.776 1.250273
8.778 1.249673
8.780 1.249073
8.782 1.248473
8.784 1.247873
8.786 1.247273
8.788 1.246673
8.790 1.246073
8.792 1.245473
8.794 1.244873
8.796 1.244273
8.798 1.243673
8.800 1.243073
8.802 1.241873
8.804 1.241273
8.806 1.241273
8.808 1.240673
8.810 1.240073
8.812 1.238873
8.814 1.238873
8.816 1.238273
8.818 1.237673
8.820 1.237073
8.822 1.235873
8.824 1.235273
8.826 1.235273
8.828 1.234673
8.830 1.234073
8.832 1.233473
8.834 1.232873
8.836 1.232273
8.838 1.231673
8.840 1.231073
8.842 1.230473
8.844 1.229273
8.846 1.228673
8.848 1.228673
8.850 1.228073
8.852 1.227473
8.854 1.227473
8.856 1.226273
8.858 1.225673
8.860 1.225073
8.862 1.224473
8.864 1.223874
8.866 1.223276
8.868 1.222679
8.870 1.222082
8.872 1.221487
8.874 1.220892
8.876 1.219704
8.878 1.219704
8.880 1.219112
8.882 1.217929
8.884 1.217929
8.886 1.217339
8.888 1.216750
8.890 1.216161
8.892 1.215574
8.894 1.214987
8.896 1.214401
8.898 1.213231
8.900 1.212647
8.902 1.212647
8.904 1.212647
8.906 1.210901
8.908 1.210901
8.910 1.210320
8.912 1.209741
8.914 1.209162
8.916 1.208584
8.918 1.208007
8.920 1.207430
8.922 1.206854
8.924 1.206279
8.926 1.206279
8.928 1.206279
8.930 1.206279
8.932 1.203988
8.934 1.203417
8.936 1.202847
8.938 1.202278
8.940 1.201709
8.942 1.201141
8.944 1.200008
8.946 1.200008
8.948 1.199443
8.950 1.198879
8.952 1.198315
8.954 1.197752
8.956 1.197190
8.958 1.196629
8.960 1.196068
8.962 1.195508
8.964 1.194949
8.966 1.194391
8.968 1.193834
8.970 1.193278
8.972 1.192167
8.974 1.192167
8.976 1.191060
8.978 1.191060
8.980 1.191060
8.982 1.190507
8.984 1.189404
8.986 1.188854
8.988 1.187757
8.990 1.187757
8.992 1.186662
8.994 1.186662
8.996 1.186116
8.998 1.185026
9.000 1.185026
9.002 1.184482
9.004 1.183940
9.006 1.183397
9.008 1.182856
9.010 1.182316
9.012 1.182316
9.014 1.181237
9.016 1.180699
9.018 1.180162
9.020 1.179625
9.022 1.178555
9.024 1.178555
9.026 1.178020
9.028 1.177487
9.030 1.176955
9.032 1.176423
9.034 1.175892
9.036 1.175362
9.038 1.174833
9.040 1.174304
9.042 1.173776
9.044 1.173250
9.046 1.172723
9.048 1.172198
9.050 1.171150
9.052 1.170627
9.054 1.170627
9.056 1.170105
9.058 1.169584
9.060 1.169063
9.062 1.168544
9.064 1.168025
9.066 1.167507
9.068 1.166989
9.070 1.166473
9.072 1.165957
9.074 1.165442
9.076 1.164415
9.078 1.164415
9.080 1.163902
9.082 1.163391
9.084 1.162880
9.086 1.162880
9.088 1.161860
9.090 1.161352
9.092 1.160844
9.094 1.160337
9.096 1.159326
9.098 1.159326
9.100 1.158821
9.102 1.157815
9.104 1.157815
9.106 1.157313
9.108 1.156811
9.110 1.156311
9.112 1.155811
9.114 1.155312
9.116 1.154814
9.118 1.154317
9.120 1.153820
9.122 1.153325
9.124 1.152830
9.126 1.152336
9.128 1.151842
9.130 1.151350
9.132 1.150858
9.134 1.150367
9.136 1.149877
9.138 1.149388
9.140 1.148899
9.142 1.148412
9.144 1.147439
9.146 1.147439
9.148 1.146953
9.150 1.146469
9.152 1.145985
9.154 1.145502
9.156 1.145020
9.158 1.144539
9.160 1.144058
9.162 1.143579
9.164 1.143100
9.166 1.142622
9.168 1.142144
9.170 1.141668
9.172 1.140717
9.174 1.140717
9.176 1.139770
9.178 1.139770
9.180 1.139297
9.182 1.138826
9.184 1.138355
9.186 1.137885
9.188 1.137415
9.190 1.136947
9.192 1.136479
9.194 1.136012
9.196 1.135546
9.198 1.135081
9.200 1.134616
9.202 1.132766
9.204 1.132766
9.206 1.132766
9.208 1.132766
9.210 1.132306
9.212 1.131846
9.214 1.131387
9.216 1.130472
9.218 1.130472
9.220 1.130015
9.222 1.129560
9.224 1.129105
9.226 1.128651
9.228 1.128197
9.230 1.127745
9.232 1.127293
9.234 1.126842
9.236 1.126392
9.238 1.125943
9.240 1.125494
9.242 1.125047
9.244 1.124154
9.246 1.123708
9.248 1.123264
9.250 1.122820
9.252 1.122377
9.254 1.122377
9.256 1.121935
9.258 1.121494
9.260 1.121053
9.262 1.120614
9.264 1.120175
9.266 1.119737
9.268 1.118863
9.270 1.118863
9.272 1.118427
9.274 1.117992
9.276 1.117558
9.278 1.117125
9.280 1.116693
9.282 1.116261
9.284 1.115400
9.286 1.114971
9.288 1.114971
9.290 1.114542
9.292 1.114114
9.294 1.113687
9.296 1.112836
9.298 1.112412
9.300 1.111988
9.302 1.111988
9.304 1.111565
9.306 1.110722
9.308 1.110301
9.310 1.110301
9.312 1.109881
9.314 1.109462
9.316 1.109044
9.318 1.108627
9.320 1.108211
9.322 1.107380
9.324 1.107380
9.326 1.106553
9.328 1.106553
9.330 1.106140
9.332 1.105728
9.334 1.105317
9.336 1.104498
9.338 1.104090
9.340 1.103682
9.342 1.103682
9.344 1.103275
9.346 1.102869
9.348 1.102059
9.350 1.102059
9.352 1.101655
9.354 1.101253
9.356 1.100850
9.358 1.100449
9.360 1.100049
9.362 1.099250
9.364 1.099250
9.366 1.099250
9.368 1.098058
9.370 1.098058
9.372 1.097662
9.374 1.096873
9.376 1.096873
9.378 1.096088
9.380 1.096088
9.382 1.095696
9.384 1.095305
9.386 1.094915
9.388 1.094526
9.390 1.094137
9.392 1.093749
9.394 1.093363
9.396 1.092976
9.398 1.092207
9.400 1.092207
9.402 1.091823
9.404 1.091440
9.406 1.091058
9.408 1.090677
9.410 1.089916
9.412 1.089916
9.414 1.089538
9.416 1.088782
9.418 1.088782
9.420 1.088406
9.422 1.087655
9.424 1.087281
9.426 1.086908
9.428 1.086535
9.430 1.086535
9.432 1.086164
9.434 1.085793
9.436 1.085423
9.438 1.085053
9.440 1.084685
9.442 1.084317
9.444 1.083950
9.446 1.083950
9.448 1.083950
9.450 1.083219
9.452 1.082491
9.454 1.081766
9.456 1.081766
9.458 1.081044
9.460 1.080684
9.462 1.080684
9.464 1.080325
9.466 1.079967
9.468 1.079610
9.470 1.079253
9.472 1.078898
9.474 1.078543
9.476 1.078189
9.478 1.077835
9.480 1.077483
9.482 1.076780
9.484 1.076780
9.486 1.076430
9.488 1.076081
9.490 1.075732
9.492 1.075385
9.494 1.075038
9.496 1.074692
9.498 1.074346
9.500 1.074002
9.502 1.073658
9.504 1.073315
9.506 1.072973
9.508 1.072632
9.510 1.072291
9.512 1.071952
9.514 1.071613
9.516 1.071275
9.518 1.070937
9.520 1.070601
9.522 1.070265
9.524 1.069930
9.526 1.069263
9.528 1.069263
9.530 1.068930
9.532 1.068599
9.534 1.068268
9.536 1.067938
9.538 1.067608
9.540 1.067280
9.542 1.066952
9.544 1.066625
9.546 1.066299
9.548 1.065974
9.550 1.065649
9.552 1.065326
9.554 1.065003
9.556 1.064681
9.558 1.064359
9.560 1.064039
9.562 1.063719
9.564 1.063400
9.566 1.063082
9.568 1.062765
9.570 1.062133
9.572 1.062133
9.574 1.061818
9.576 1.061504
9.578 1.061504
9.580 1.061190
9.582 1.060566
9.584 1.060255
9.586 1.059945
9.588 1.059636
9.590 1.059020
9.592 1.059020
9.594 1.058713
9.596 1.058407
9.598 1.058101
9.600 1.057797
9.602 1.057493
9.604 1.057190
9.606 1.056888
9.608 1.056286
9.610 1.055987
9.612 1.055987
9.614 1.055987
9.616 1.055688
9.618 1.055688
9.620 1.054796
9.622 1.054500
9.624 1.054205
9.626 1.053911
9.628 1.053618
9.630 1.053034
9.632 1.053034
9.634 1.052743
9.636 1.052453
9.638 1.052164
9.640 1.051875
9.642 1.051587
9.644 1.051300
9.646 1.051014
9.648 1.050729
9.650 1.050445
9.652 1.050161
9.654 1.049878
9.656 1.049596
9.658 1.049315
9.660 1.049034
9.662 1.048754
9.664 1.048475
9.666 1.048197
9.668 1.047920
9.670 1.047644
9.672 1.047368
9.674 1.047093
9.676 1.046819
9.678 1.046546
9.680 1.046273
9.682 1.046001
9.684 1.045730
9.686 1.045460
9.688 1.045191
9.690 1.044923
9.692 1.044655
9.694 1.044388
9.696 1.044122
9.698 1.043857
9.700 1.043592
9.702 1.043328
9.704 1.043065
9.706 1.042803
9.708 1.042282
9.710 1.042022
9.712 1.042022
9.714 1.041763
9.716 1.041505
9.718 1.041248
9.720 1.040991
9.722 1.040735
9.724 1.040481
9.726 1.040226
9.728 1.039973
9.730 1.039721
9.732 1.039469
9.734 1.039469
9.736 1.038968
9.738 1.038719
9.740 1.038719
9.742 1.038222
9.744 1.037976
9.746 1.037729
9.748 1.037484
9.750 1.037240
9.752 1.036996
9.754 1.036753
9.756 1.036270
9.758 1.036270
9.760 1.036029
9.762 1.035789
9.764 1.035551
9.766 1.035312
9.768 1.035075
9.770 1.034839
9.772 1.034603
9.774 1.034368
9.776 1.034134
9.778 1.033668
9.780 1.033437
9.782 1.033437
9.784 1.033206
9.786 1.032976
9.788 1.032746
9.790 1.032518
9.792 1.032290
9.794 1.032063
9.796 1.031837
9.798 1.031612
9.800 1.031387
9.802 1.031164
9.804 1.030719
9.806 1.030719
9.808 1.030497
9.810 1.030277
9.812 1.029403
9.814 1.029403
9.816 1.029403
9.818 1.029403
9.820 1.028971
9.822 1.028971
9.824 1.028756
9.826 1.028328
9.828 1.028328
9.830 1.028116
9.832 1.027904
9.834 1.027693
9.836 1.027483
9.838 1.027274
9.840 1.027065
9.842 1.026651
9.844 1.026445
9.846 1.026239
9.848 1.026239
9.850 1.025831
9.852 1.025628
9.854 1.025628
9.856 1.025225
9.858 1.025225
9.860 1.025024
9.862 1.024825
9.864 1.024626
9.866 1.024428
9.868 1.024230
9.870 1.024034
9.872 1.023643
9.874 1.023643
9.876 1.023449
9.878 1.023256
9.880 1.022872
9.882 1.022872
9.884 1.022681
9.886 1.022491
9.888 1.022301
9.890 1.022113
9.892 1.021925
9.894 1.021738
9.896 1.021552
9.898 1.021182
9.900 1.021182
9.902 1.020999
9.904 1.020816
9.906 1.020634
9.908 1.020452
9.910 1.020092
9.912 1.020092
9.914 1.019913
9.916 1.019735
9.918 1.019381
9.920 1.019381
9.922 1.019206
9.924 1.019031
9.926 1.018683
9.928 1.018683
9.930 1.018683
9.932 1.018339
9.934 1.018168
9.936 1.017998
9.938 1.017829
9.940 1.017660
9.942 1.017493
9.944 1.017326
9.946 1.017160
9.948 1.016994
9.950 1.016830
9.952 1.016666
9.954 1.016503
9.956 1.016341
9.958 1.016180
9.960 1.015860
9.962 1.015860
9.964 1.015701
9.966 1.015385
9.968 1.015229
9.970 1.015229
9.972 1.015073
9.974 1.014918
9.976 1.014764
9.978 1.014611
9.980 1.014458
9.982 1.014307
9.984 1.014156
9.986 1.014006
9.988 1.013856
9.990 1.013560
9.992 1.013560
9.994 1.013413
9.996 1.013267
9.998 1.013122
10.000 1.012978
10.002 1.012834
10.004 1.012691
10.006 1.012549
10.008 1.012408
10.010 1.012267
10.012 1.012127
10.014 1.011988
10.016 1.011850
10.018 1.011713
10.020 1.011577
10.022 1.011441
10.024 1.011306
10.026 1.011172
10.028 1.011039
10.030 1.010906
10.032 1.010774
10.034 1.010643
10.036 1.010513
10.038 1.010384
10.040 1.010256
10.042 1.010001
10.044 1.010001
10.046 1.010001
10.048 1.010001
10.050 1.009625
10.052 1.009501
10.054 1.009378
10.056 1.009256
10.058 1.009135
10.060 1.008895
10.062 1.008776
10.064 1.008776
10.066 1.008658
10.068 1.008541
10.070 1.008424
10.072 1.008308
10.074 1.008194
10.076 1.007966
10.078 1.007966
10.080 1.007854
10.082 1.007631
10.084 1.007631
10.086 1.007521
10.088 1.007412
10.090 1.007303
10.092 1.007195
10.094 1.007089
10.096 1.006982
10.098 1.006877
10.100 1.006773
10.102 1.006669
10.104 1.006566
10.106 1.006464
10.108 1.006262
10.110 1.006262
10.112 1.006162
10.114 1.006064
10.116 1.005965
10.118 1.005772
10.120 1.005772
10.122 1.005676
10.124 1.005581
10.126 1.005487
10.128 1.005394
10.130 1.005301
10.132 1.005209
10.134 1.005119
10.136 1.005028
10.138 1.004939
10.140 1.004851
10.142 1.004763
10.144 1.004676
10.146 1.004590
10.148 1.004505
10.150 1.004420
10.152 1.004337
10.154 1.004254
10.156 1.004172
10.158 1.004090
10.160 1.004010
10.162 1.003851
10.164 1.003851
10.166 1.003851
10.168 1.003696
10.170 1.003619
10.172 1.003469
10.174 1.003469
10.176 1.003395
10.178 1.003321
10.180 1.003321
10.182 1.003321
10.184 1.003106
10.186 1.003106
10.188 1.003106
10.190 1.003106
10.192 1.002967
10.194 1.002764
10.196 1.002698
10.198 1.002632
10.200 1.002568
10.202 1.002504
10.204 1.002441
10.206 1.002379
10.208 1.002318
10.210 1.002257
10.212 1.002198
10.214 1.002081
10.216 1.002023
10.218 1.001967
10.220 1.001967
10.222 1.001911
10.224 1.001856
10.226 1.001802
10.228 1.001749
10.230 1.001696
10.232 1.001645
10.234 1.001594
10.236 1.001544
10.238 1.001494
10.240 1.001446
10.242 1.001351
10.244 1.001351
10.246 1.001305
10.248 1.001260
10.250 1.001215
10.252 1.001172
10.254 1.001129
10.256 1.001087
10.258 1.001045
10.260 1.001005
10.262 1.000965
10.264 1.000926
10.266 1.000888
10.268 1.000851
10.270 1.000814
10.272 1.000779
10.274 1.000744
10.276 1.000710
10.278 1.000676
10.280 1.000644
10.282 1.000612
10.284 1.000581
10.286 1.000522
10.288 1.000493
10.290 1.000493
10.292 1.000466
10.294 1.000413
10.296 1.000387
10.298 1.000387
10.300 1.000363
10.302 1.000339
10.304 1.000316
10.306 1.000273
10.308 1.000273
10.310 1.000252
10.312 1.000233
10.314 1.000214
10.316 1.000196
10.318 1.000162
10.320 1.000162
10.322 1.000146
10.324 1.000131
10.326 1.000117
10.328 1.000091
10.330 1.000091
10.332 1.000080
10.334 1.000069
10.336 1.000059
10.338 1.000049
10.340 1.000041
10.342 1.000026
10.344 1.000026
10.346 1.000020
10.348 1.000015
10.350 1.000010
10.352 1.000007
10.354 1.000004
10.356 1.000001
10.358 1.000001
10.360 1.000000
10.362 1.000000
10.364 1.000000
10.366 1.000000
10.368 1.000000
10.370 1.000000
10.372 1.000000
10.374 1.000000
10.376 1.000000
10.378 1.000000
10.380 1.000000
10.382 1.000000
10.384 1.000000
10.386 1.000000
10.388 1.000000
10.390 1.000000
10.392 1.000000
10.394 1.000000
10.396 1.000000
10.398 1.000000
10.400 1.000000
10.402 1.000000
10.404 1.000000
10.406 1.000000
10.408 1.000000
10.410 1.000000
10.412 1.000000
10.414 1.000000
10.416 1.000000
10.418 1.000000
10.420 1.000000
10.422 1.000000
10.424 1.000000
10.426 1.000000
10.428 1.000000
10.430 1.000000
10.432 1.000000
10.434 1.000000
10.436 1.000000
10.438 1.000000
10.440 1.000000
10.442 1.000000
10.444 1.000000
10.446 1.000000
10.448 1.000000
10.450 1.000000
10.452 1.000000
10.454 1.000000
10.456 1.000000
10.458 1.000000
10.460 1.000000
10.462 1.000000
10.464 1.000000
10.466 1.000000
10.468 1.000000
10.470 1.000000
10.472 1.000000
10.474 1.000000
10.476 1.000000
10.478 1.000000
10.480 1.000000
10.482 1.000000
10.484 1.000000
10.486 1.000000
10.488 1.000000
10.490 1.000000
10.492 1.000000
10.494 1.000000
10.496 1.000000
10.498 1.000000
10.500 1.000000
10.502 1.000000
10.504 1.000000
10.506 1.000000
10.508 1.000000
10.510 1.000000
10.512 1.000000
10.514 1.000000
10.516 1.000000
10.518 1.000000
10.520 1.000000
10.522 1.000000
10.524 1.000000
10.526 1.000000
10.528 1.000000
10.530 1.000000
10.532 1.000000
10.534 1.000000
10.536 1.000000
10.538 1.000000
10.540 1.000000
10.542 1.000000
10.544 1.000000
10.546 1.000000
10.548 1.000000
10.550 1.000000
10.552 1.000000
10.554 1.000000
10.556 1.000000
10.558 1.000000
10.560 1.000000
10.562 1.000000
10.564 1.000000
10.566 1.000000
10.568 1.000000
10.570 1.000000
10.572 1.000000
10.574 1.000000
10.576 1.000000
10.578 1.000000
10.580 1.000000
10.582 1.000000
10.584 1.000000
10.586 1.000000
10.588 1.000000
10.590 1.000000
10.592 1.000000
10.594 1.000000
10.596 1.000000
10.598 1.000000
10.600 1.000000
10.602 1.000000
10.604 1.000000
10.606 1.000000
10.608 1.000000
10.610 1.000000
10.612 1.000000
10.614 1.000000
10.616 1.000000
10.618 1.000000
10.620 1.000000
10.622 1.000000
10.624 1.000000
10.626 1.000000
10.628 1.000000
