0.000 -0.100633
0.002 -0.100633
0.004 -0.100635
0.006 -0.100637
0.008 -0.100639
0.010 -0.100639
0.012 -0.100647
0.014 -0.100653
0.016 -0.100659
0.018 -0.100665
0.020 -0.100673
0.022 -0.100681
0.024 -0.100691
0.026 -0.100701
0.028 -0.100711
0.030 -0.100723
0.032 -0.100735
0.034 -0.100749
0.036 -0.100763
0.038 -0.100777
0.040 -0.100793
0.042 -0.100809
0.044 -0.100827
0.046 -0.100845
0.048 -0.100863
0.050 -0.100883
0.052 -0.100903
0.054 -0.100925
0.056 -0.100947
0.058 -0.100993
0.060 -0.100993
0.062 -0.101017
0.064 -0.101043
0.066 -0.101069
0.068 -0.101095
0.070 -0.101123
0.072 -0.101151
0.074 -0.101181
0.076 -0.101211
0.078 -0.101241
0.080 -0.101273
0.082 -0.101305
0.084 -0.101339
0.086 -0.101373
0.088 -0.101407
0.090 -0.101443
0.092 -0.101479
0.094 -0.101517
0.096 -0.101555
0.098 -0.101593
0.100 -0.101633
0.102 -0.101673
0.104 -0.101715
0.106 -0.101757
0.108 -0.101799
0.110 -0.101843
0.112 -0.101887
0.114 -0.101933
0.116 -0.101979
0.118 -0.102025
0.120 -0.102073
0.122 -0.102121
0.124 -0.102171
0.126 -0.102221
0.128 -0.102271
0.130 -0.102323
0.132 -0.102375
0.134 -0.102429
0.136 -0.102483
0.138 -0.102537
0.140 -0.102593
0.142 -0.102649
0.144 -0.102707
0.146 -0.102765
0.148 -0.102823
0.150 -0.102883
0.152 -0.102943
0.154 -0.103005
0.156 -0.103067
0.158 -0.103129
0.160 -0.103193
0.162 -0.103257
0.164 -0.103323
0.166 -0.103389
0.168 -0.103455
0.170 -0.103523
0.172 -0.103801
0.174 -0.103801
0.176 -0.103801
0.178 -0.103801
0.180 -0.103873
0.182 -0.103945
0.184 -0.104019
0.186 -0.104093
0.188 -0.104167
0.190 -0.104243
0.192 -0.104319
0.194 -0.104397
0.196 -0.104475
0.198 -0.104553
0.200 -0.104633
0.202 -0.104713
0.204 -0.104795
0.206 -0.104877
0.208 -0.104959
0.210 -0.105043
0.212 -0.105127
0.214 -0.105213
0.216 -0.105299
0.218 -0.105385
0.220 -0.105473
0.222 -0.105561
0.224 -0.105651
0.226 -0.105741
0.228 -0.105831
0.230 -0.105923
0.232 -0.106015
0.234 -0.106109
0.236 -0.106203
0.238 -0.106297
0.240 -0.106393
0.242 -0.106489
0.244 -0.106587
0.246 -0.106685
0.248 -0.106783
0.250 -0.106883
0.252 -0.106983
0.254 -0.107085
0.256 -0.107187
0.258 -0.107289
0.260 -0.107393
0.262 -0.107497
0.264 -0.107603
0.266 -0.107709
0.268 -0.107815
0.270 -0.107923
0.272 -0.108031
0.274 -0.108141
0.276 -0.108251
0.278 -0.108361
0.280 -0.108473
0.282 -0.108585
0.284 -0.108699
0.286 -0.108813
0.288 -0.108927
0.290 -0.109043
0.292 -0.109159
0.294 -0.109277
0.296 -0.109395
0.298 -0.109513
0.300 -0.109633
0.302 -0.109753
0.304 -0.109875
0.306 -0.109997
0.308 -0.110119
0.310 -0.110243
0.312 -0.110367
0.314 -0.110493
0.316 -0.110619
0.318 -0.110745
0.320 -0.110873
0.322 -0.111001
0.324 -0.111131
0.326 -0.111261
0.328 -0.111391
0.330 -0.111523
0.332 -0.111655
0.334 -0.111789
0.336 -0.111923
0.338 -0.112057
0.340 -0.112193
0.342 -0.112329
0.344 -0.112467
0.346 -0.112605
0.348 -0.112743
0.350 -0.112883
0.352 -0.113023
0.354 -0.113165
0.356 -0.113307
0.358 -0.113449
0.360 -0.113593
0.362 -0.113737
0.364 -0.113883
0.366 -0.114029
0.368 -0.114175
0.370 -0.114323
0.372 -0.114471
0.374 -0.114621
0.376 -0.114771
0.378 -0.114921
0.380 -0.115073
0.382 -0.115225
0.384 -0.115379
0.386 -0.115533
0.388 -0.115687
0.390 -0.115843
0.392 -0.115999
0.394 -0.116157
0.396 -0.116315
0.398 -0.116473
0.400 -0.116633
0.402 -0.116793
0.404 -0.116955
0.406 -0.117117
0.408 -0.117279
0.410 -0.117443
0.412 -0.117607
0.414 -0.117773
0.416 -0.117939
0.418 -0.118105
0.420 -0.118273
0.422 -0.118441
0.424 -0.118611
0.426 -0.118781
0.428 -0.118951
0.430 -0.119123
0.432 -0.119295
0.434 -0.119469
0.436 -0.119643
0.438 -0.119817
0.440 -0.119993
0.442 -0.120169
0.444 -0.120347
0.446 -0.120525
0.448 -0.120703
0.450 -0.120883
0.452 -0.121063
0.454 -0.121245
0.456 -0.121427
0.458 -0.121609
0.460 -0.121793
0.462 -0.121977
0.464 -0.122163
0.466 -0.122349
0.468 -0.122535
0.470 -0.122723
0.472 -0.122911
0.474 -0.123101
0.476 -0.123291
0.478 -0.123481
0.480 -0.123673
0.482 -0.123865
0.484 -0.124059
0.486 -0.124253
0.488 -0.124447
0.490 -0.124447
0.492 -0.124447
0.494 -0.124447
0.496 -0.124447
0.498 -0.124447
0.500 -0.125633
0.502 -0.125833
0.504 -0.126035
0.506 -0.126237
0.508 -0.126439
0.510 -0.126643
0.512 -0.126847
0.514 -0.127053
0.516 -0.127259
0.518 -0.127465
0.520 -0.127673
0.522 -0.127881
0.524 -0.128091
0.526 -0.128301
0.528 -0.128511
0.530 -0.128723
0.532 -0.128935
0.534 -0.129149
0.536 -0.129363
0.538 -0.129577
0.540 -0.129793
0.542 -0.130227
0.544 -0.130227
0.546 -0.130445
0.548 -0.130663
0.550 -0.130883
0.552 -0.131103
0.554 -0.131325
0.556 -0.131547
0.558 -0.131769
0.560 -0.131993
0.562 -0.132217
0.564 -0.132443
0.566 -0.132669
0.568 -0.132895
0.570 -0.133123
0.572 -0.133351
0.574 -0.133581
0.576 -0.133811
0.578 -0.134041
0.580 -0.134041
0.582 -0.134505
0.584 -0.134739
0.586 -0.134973
0.588 -0.135207
0.590 -0.135443
0.592 -0.135679
0.594 -0.135917
0.596 -0.136393
0.598 -0.136393
0.600 -0.136633
0.602 -0.136873
0.604 -0.137115
0.606 -0.137357
0.608 -0.137599
0.610 -0.137843
0.612 -0.138087
0.614 -0.138333
0.616 -0.138579
0.618 -0.138825
0.620 -0.139073
0.622 -0.139321
0.624 -0.139571
0.626 -0.139821
0.628 -0.140071
0.630 -0.140323
0.632 -0.140575
0.634 -0.140829
0.636 -0.141083
0.638 -0.141337
0.640 -0.141593
0.642 -0.141849
0.644 -0.142107
0.646 -0.142365
0.648 -0.142623
0.650 -0.142883
0.652 -0.143143
0.654 -0.143405
0.656 -0.143405
0.658 -0.143405
0.660 -0.144193
0.662 -0.144457
0.664 -0.144723
0.666 -0.144989
0.668 -0.145255
0.670 -0.145523
0.672 -0.145791
0.674 -0.146061
0.676 -0.146331
0.678 -0.146601
0.680 -0.146873
0.682 -0.147145
0.684 -0.147419
0.686 -0.147693
0.688 -0.147967
0.690 -0.148243
0.692 -0.148519
0.694 -0.148797
0.696 -0.149075
0.698 -0.149633
0.700 -0.149913
0.702 -0.149913
0.704 -0.150195
0.706 -0.150477
0.708 -0.150759
0.710 -0.151043
0.712 -0.151327
0.714 -0.151613
0.716 -0.151899
0.718 -0.152185
0.720 -0.152473
0.722 -0.152761
0.724 -0.153051
0.726 -0.153341
0.728 -0.153631
0.730 -0.153923
0.732 -0.154215
0.734 -0.154509
0.736 -0.154803
0.738 -0.155097
0.740 -0.155393
0.742 -0.155689
0.744 -0.155987
0.746 -0.156285
0.748 -0.156583
0.750 -0.156883
0.752 -0.157183
0.754 -0.157485
0.756 -0.157787
0.758 -0.158089
0.760 -0.158393
0.762 -0.158697
0.764 -0.159003
0.766 -0.159309
0.768 -0.159615
0.770 -0.159923
0.772 -0.160231
0.774 -0.160541
0.776 -0.160851
0.778 -0.161161
0.780 -0.161473
0.782 -0.161785
0.784 -0.162099
0.786 -0.162413
0.788 -0.162727
0.790 -0.163043
0.792 -0.163359
0.794 -0.163677
0.796 -0.163995
0.798 -0.164313
0.800 -0.164633
0.802 -0.164953
0.804 -0.165275
0.806 -0.165597
0.808 -0.165919
0.810 -0.166243
0.812 -0.166567
0.814 -0.166893
0.816 -0.167219
0.818 -0.167545
0.820 -0.167873
0.822 -0.168201
0.824 -0.168531
0.826 -0.168861
0.828 -0.169191
0.830 -0.169523
0.832 -0.169855
0.834 -0.170189
0.836 -0.170523
0.838 -0.170857
0.840 -0.171193
0.842 -0.171529
0.844 -0.171867
0.846 -0.172205
0.848 -0.172543
0.850 -0.172883
0.852 -0.173223
0.854 -0.173565
0.856 -0.173907
0.858 -0.174249
0.860 -0.174593
0.862 -0.174937
0.864 -0.175629
0.866 -0.175629
0.868 -0.175975
0.870 -0.176323
0.872 -0.176671
0.874 -0.177021
0.876 -0.177371
0.878 -0.177721
0.880 -0.178073
0.882 -0.178425
0.884 -0.178779
0.886 -0.179133
0.888 -0.179487
0.890 -0.180557
0.892 -0.180915
0.894 -0.180915
0.896 -0.180915
0.898 -0.181273
0.900 -0.181633
0.902 -0.181993
0.904 -0.182355
0.906 -0.182717
0.908 -0.183079
0.910 -0.183443
0.912 -0.183807
0.914 -0.184173
0.916 -0.184539
0.918 -0.184905
0.920 -0.185273
0.922 -0.185641
0.924 -0.186011
0.926 -0.186381
0.928 -0.186751
0.930 -0.187123
0.932 -0.187495
0.934 -0.187869
0.936 -0.188243
0.938 -0.188617
0.940 -0.188993
0.942 -0.189369
0.944 -0.189747
0.946 -0.190125
0.948 -0.190503
0.950 -0.190883
0.952 -0.191263
0.954 -0.191645
0.956 -0.192027
0.958 -0.192409
0.960 -0.192793
0.962 -0.193177
0.964 -0.193563
0.966 -0.193949
0.968 -0.194335
0.970 -0.195501
0.972 -0.195501
0.974 -0.195501
0.976 -0.195891
0.978 -0.196281
0.980 -0.196673
0.982 -0.197065
0.984 -0.197459
0.986 -0.197853
0.988 -0.198247
0.990 -0.198643
0.992 -0.199039
0.994 -0.199437
0.996 -0.199835
0.998 -0.200233
1.000 -0.200633
1.002 -0.201033
1.004 -0.201435
1.006 -0.201837
1.008 -0.202239
1.010 -0.202643
1.012 -0.203047
1.014 -0.203453
1.016 -0.203859
1.018 -0.204265
1.020 -0.204673
1.022 -0.205081
1.024 -0.205491
1.026 -0.205901
1.028 -0.206311
1.030 -0.206723
1.032 -0.207135
1.034 -0.207549
1.036 -0.207963
1.038 -0.208377
1.040 -0.208793
1.042 -0.209209
1.044 -0.209627
1.046 -0.210045
1.048 -0.210463
1.050 -0.210883
1.052 -0.211303
1.054 -0.211303
1.056 -0.212147
1.058 -0.212569
1.060 -0.212993
1.062 -0.213417
1.064 -0.213843
1.066 -0.214269
1.068 -0.214695
1.070 -0.215123
1.072 -0.215551
1.074 -0.215981
1.076 -0.216411
1.078 -0.216841
1.080 -0.217273
1.082 -0.217705
1.084 -0.218139
1.086 -0.218573
1.088 -0.219007
1.090 -0.219443
1.092 -0.219879
1.094 -0.220317
1.096 -0.220755
1.098 -0.221193
1.100 -0.221633
1.102 -0.222073
1.104 -0.222515
1.106 -0.222957
1.108 -0.223399
1.110 -0.223843
1.112 -0.224287
1.114 -0.224733
1.116 -0.225179
1.118 -0.225625
1.120 -0.226073
1.122 -0.226521
1.124 -0.226971
1.126 -0.227421
1.128 -0.227871
1.130 -0.229229
1.132 -0.229229
1.134 -0.229229
1.136 -0.229683
1.138 -0.230137
1.140 -0.230593
1.142 -0.231049
1.144 -0.231507
1.146 -0.231965
1.148 -0.232423
1.150 -0.232883
1.152 -0.233343
1.154 -0.233805
1.156 -0.234267
1.158 -0.234729
1.160 -0.235193
1.162 -0.235657
1.164 -0.236123
1.166 -0.236589
1.168 -0.237055
1.170 -0.237523
1.172 -0.237991
1.174 -0.238461
1.176 -0.238931
1.178 -0.239401
1.180 -0.239873
1.182 -0.240345
1.184 -0.240819
1.186 -0.241293
1.188 -0.241767
1.190 -0.242243
1.192 -0.242719
1.194 -0.243197
1.196 -0.243675
1.198 -0.244153
1.200 -0.244633
1.202 -0.245113
1.204 -0.245595
1.206 -0.246077
1.208 -0.246559
1.210 -0.247043
1.212 -0.248013
1.214 -0.248013
1.216 -0.248499
1.218 -0.248985
1.220 -0.249473
1.222 -0.249961
1.224 -0.250450
1.226 -0.250939
1.228 -0.251427
1.230 -0.251914
1.232 -0.252401
1.234 -0.252886
1.236 -0.253371
1.238 -0.253855
1.240 -0.254338
1.242 -0.254821
1.244 -0.255302
1.246 -0.255783
1.248 -0.256263
1.250 -0.256742
1.252 -0.257220
1.254 -0.257698
1.256 -0.258175
1.258 -0.258651
1.260 -0.259126
1.262 -0.259600
1.264 -0.260074
1.266 -0.260546
1.268 -0.261018
1.270 -0.261490
1.272 -0.261960
1.274 -0.262429
1.276 -0.262898
1.278 -0.263366
1.280 -0.263833
1.282 -0.264300
1.284 -0.264765
1.286 -0.265230
1.288 -0.265694
1.290 -0.266157
1.292 -0.266620
1.294 -0.267081
1.296 -0.267542
1.298 -0.268002
1.300 -0.268461
1.302 -0.268919
1.304 -0.269377
1.306 -0.269834
1.308 -0.270290
1.310 -0.270745
1.312 -0.271199
1.314 -0.271653
1.316 -0.272105
1.318 -0.272557
1.320 -0.273009
1.322 -0.273459
1.324 -0.273909
1.326 -0.274357
1.328 -0.274805
1.330 -0.275252
1.332 -0.275699
1.334 -0.276144
1.336 -0.276589
1.338 -0.277033
1.340 -0.277476
1.342 -0.277919
1.344 -0.278360
1.346 -0.278801
1.348 -0.279241
1.350 -0.279680
1.352 -0.280118
1.354 -0.280556
1.356 -0.280993
1.358 -0.281429
1.360 -0.281864
1.362 -0.282298
1.364 -0.282732
1.366 -0.283165
1.368 -0.283597
1.370 -0.284028
1.372 -0.284458
1.374 -0.284888
1.376 -0.285316
1.378 -0.285744
1.380 -0.286171
1.382 -0.286598
1.384 -0.287023
1.386 -0.287448
1.388 -0.287872
1.390 -0.288295
1.392 -0.288718
1.394 -0.289139
1.396 -0.289560
1.398 -0.289980
1.400 -0.290399
1.402 -0.290817
1.404 -0.291235
1.406 -0.291652
1.408 -0.292068
1.410 -0.292483
1.412 -0.292897
1.414 -0.293311
1.416 -0.293724
1.418 -0.294136
1.420 -0.294547
1.422 -0.294957
1.424 -0.295367
1.426 -0.295775
1.428 -0.296183
1.430 -0.296591
1.432 -0.296997
1.434 -0.297402
1.436 -0.297807
1.438 -0.298211
1.440 -0.298614
1.442 -0.299017
1.444 -0.299418
1.446 -0.299819
1.448 -0.300219
1.450 -0.300618
1.452 -0.301016
1.454 -0.301414
1.456 -0.301811
1.458 -0.302207
1.460 -0.302602
1.462 -0.302996
1.464 -0.303390
1.466 -0.303783
1.468 -0.304175
1.470 -0.304566
1.472 -0.304956
1.474 -0.305346
1.476 -0.305734
1.478 -0.306122
1.480 -0.306510
1.482 -0.306896
1.484 -0.307281
1.486 -0.307666
1.488 -0.308050
1.490 -0.308433
1.492 -0.308816
1.494 -0.309197
1.496 -0.309578
1.498 -0.309958
1.500 -0.310337
1.502 -0.310716
1.504 -0.311093
1.506 -0.311470
1.508 -0.311846
1.510 -0.312221
1.512 -0.312595
1.514 -0.312969
1.516 -0.313342
1.518 -0.313714
1.520 -0.314085
1.522 -0.314455
1.524 -0.314825
1.526 -0.315193
1.528 -0.315561
1.530 -0.315929
1.532 -0.316295
1.534 -0.316661
1.536 -0.317025
1.538 -0.317389
1.540 -0.317752
1.542 -0.318115
1.544 -0.318476
1.546 -0.318837
1.548 -0.319197
1.550 -0.319556
1.552 -0.319915
1.554 -0.320272
1.556 -0.320629
1.558 -0.320985
1.560 -0.321340
1.562 -0.321694
1.564 -0.322048
1.566 -0.322401
1.568 -0.322753
1.570 -0.323104
1.572 -0.324500
1.574 -0.324500
1.576 -0.324500
1.578 -0.324500
1.580 -0.324848
1.582 -0.325194
1.584 -0.325540
1.586 -0.325884
1.588 -0.326228
1.590 -0.326571
1.592 -0.326914
1.594 -0.327255
1.596 -0.327596
1.598 -0.327936
1.600 -0.328275
1.602 -0.328614
1.604 -0.328951
1.606 -0.329288
1.608 -0.329624
1.610 -0.329959
1.612 -0.330293
1.614 -0.330627
1.616 -0.330960
1.618 -0.331292
1.620 -0.331623
1.622 -0.331953
1.624 -0.332283
1.626 -0.332612
1.628 -0.332940
1.630 -0.333267
1.632 -0.333593
1.634 -0.333919
1.636 -0.334243
1.638 -0.334567
1.640 -0.334891
1.642 -0.335213
1.644 -0.335534
1.646 -0.335855
1.648 -0.336175
1.650 -0.337130
1.652 -0.337130
1.654 -0.337130
1.656 -0.337447
1.658 -0.337763
1.660 -0.338078
1.662 -0.338392
1.664 -0.338706
1.666 -0.339019
1.668 -0.339331
1.670 -0.339642
1.672 -0.339952
1.674 -0.340262
1.676 -0.340571
1.678 -0.340879
1.680 -0.341186
1.682 -0.341492
1.684 -0.341798
1.686 -0.342102
1.688 -0.342406
1.690 -0.343614
1.692 -0.343614
1.694 -0.343614
1.696 -0.343614
1.698 -0.343914
1.700 -0.344213
1.702 -0.344512
1.704 -0.344809
1.706 -0.345106
1.708 -0.345402
1.710 -0.345697
1.712 -0.345992
1.714 -0.346285
1.716 -0.346578
1.718 -0.346870
1.720 -0.347161
1.722 -0.347451
1.724 -0.347741
1.726 -0.348030
1.728 -0.348318
1.730 -0.348605
1.732 -0.348891
1.734 -0.349177
1.736 -0.349461
1.738 -0.350593
1.740 -0.350593
1.742 -0.350593
1.744 -0.350873
1.746 -0.350873
1.748 -0.351153
1.750 -0.351432
1.752 -0.351711
1.754 -0.351988
1.756 -0.352265
1.758 -0.352541
1.760 -0.352816
1.762 -0.353091
1.764 -0.353364
1.766 -0.353637
1.768 -0.353909
1.770 -0.354180
1.772 -0.354180
1.774 -0.354720
1.776 -0.354989
1.778 -0.355257
1.780 -0.355524
1.782 -0.355790
1.784 -0.356056
1.786 -0.356321
1.788 -0.356584
1.790 -0.356848
1.792 -0.357110
1.794 -0.357372
1.796 -0.357632
1.798 -0.357892
1.800 -0.358151
1.802 -0.358410
1.804 -0.358667
1.806 -0.358924
1.808 -0.359180
1.810 -0.359690
1.812 -0.359690
1.814 -0.359943
1.816 -0.360196
1.818 -0.360448
1.820 -0.360699
1.822 -0.360949
1.824 -0.361199
1.826 -0.361448
1.828 -0.361696
1.830 -0.361943
1.832 -0.362189
1.834 -0.362435
1.836 -0.362680
1.838 -0.362924
1.840 -0.363167
1.842 -0.363409
1.844 -0.363651
1.846 -0.363891
1.848 -0.364131
1.850 -0.364370
1.852 -0.364609
1.854 -0.364846
1.856 -0.365083
1.858 -0.365319
1.860 -0.365554
1.862 -0.365789
1.864 -0.366022
1.866 -0.366255
1.868 -0.366487
1.870 -0.366718
1.872 -0.366948
1.874 -0.367178
1.876 -0.367407
1.878 -0.367635
1.880 -0.367862
1.882 -0.368088
1.884 -0.368314
1.886 -0.368539
1.888 -0.369430
1.890 -0.369650
1.892 -0.369650
1.894 -0.369650
1.896 -0.369650
1.898 -0.369870
1.900 -0.370090
1.902 -0.370308
1.904 -0.370525
1.906 -0.370742
1.908 -0.370958
1.910 -0.371173
1.912 -0.371388
1.914 -0.371601
1.916 -0.371814
1.918 -0.372026
1.920 -0.372237
1.922 -0.372448
1.924 -0.372657
1.926 -0.372866
1.928 -0.373074
1.930 -0.373281
1.932 -0.373487
1.934 -0.373693
1.936 -0.373898
1.938 -0.374102
1.940 -0.374709
1.942 -0.374709
1.944 -0.374709
1.946 -0.374909
1.948 -0.375109
1.950 -0.375309
1.952 -0.375507
1.954 -0.375705
1.956 -0.375901
1.958 -0.376097
1.960 -0.376292
1.962 -0.376487
1.964 -0.376680
1.966 -0.376873
1.968 -0.377065
1.970 -0.377256
1.972 -0.377447
1.974 -0.377636
1.976 -0.377825
1.978 -0.378013
1.980 -0.378200
1.982 -0.378386
1.984 -0.378572
1.986 -0.378757
1.988 -0.378941
1.990 -0.379124
1.992 -0.379306
1.994 -0.379488
1.996 -0.379669
1.998 -0.379848
2.000 -0.380028
2.002 -0.380206
2.004 -0.380384
2.006 -0.380560
2.008 -0.380736
2.010 -0.380911
2.012 -0.381086
2.014 -0.381259
2.016 -0.381432
2.018 -0.381604
2.020 -0.381775
2.022 -0.381946
2.024 -0.382115
2.026 -0.382284
2.028 -0.382452
2.030 -0.382619
2.032 -0.382785
2.034 -0.382951
2.036 -0.383116
2.038 -0.383280
2.040 -0.383443
2.042 -0.383605
2.044 -0.383928
2.046 -0.383928
2.048 -0.384088
2.050 -0.384247
2.052 -0.384405
2.054 -0.384563
2.056 -0.384719
2.058 -0.384875
2.060 -0.385030
2.062 -0.385185
2.064 -0.385338
2.066 -0.385491
2.068 -0.385643
2.070 -0.385794
2.072 -0.385945
2.074 -0.386094
2.076 -0.386243
2.078 -0.386391
2.080 -0.386538
2.082 -0.386684
2.084 -0.386830
2.086 -0.386975
2.088 -0.387119
2.090 -0.387262
2.092 -0.387404
2.094 -0.387546
2.096 -0.387687
2.098 -0.387827
2.100 -0.387966
2.102 -0.388104
2.104 -0.388242
2.106 -0.388378
2.108 -0.388514
2.110 -0.388650
2.112 -0.388784
2.114 -0.388917
2.116 -0.389050
2.118 -0.389182
2.120 -0.389313
2.122 -0.389444
2.124 -0.389573
2.126 -0.389702
2.128 -0.389830
2.130 -0.389957
2.132 -0.390084
2.134 -0.390209
2.136 -0.390334
2.138 -0.390458
2.140 -0.390581
2.142 -0.390703
2.144 -0.390825
2.146 -0.390946
2.148 -0.391066
2.150 -0.391185
2.152 -0.391303
2.154 -0.391421
2.156 -0.391537
2.158 -0.391653
2.160 -0.391769
2.162 -0.391883
2.164 -0.391997
2.166 -0.392109
2.168 -0.392221
2.170 -0.392332
2.172 -0.392443
2.174 -0.392552
2.176 -0.392661
2.178 -0.392769
2.180 -0.392876
2.182 -0.392983
2.184 -0.393088
2.186 -0.393193
2.188 -0.393297
2.190 -0.393400
2.192 -0.393502
2.194 -0.393604
2.196 -0.393705
2.198 -0.393805
2.200 -0.393904
2.202 -0.394002
2.204 -0.394100
2.206 -0.394197
2.208 -0.394292
2.210 -0.394388
2.212 -0.394482
2.214 -0.394576
2.216 -0.394668
2.218 -0.394760
2.220 -0.394851
2.222 -0.394942
2.224 -0.395031
2.226 -0.395120
2.228 -0.395208
2.230 -0.395295
2.232 -0.395382
2.234 -0.395467
2.236 -0.395552
2.238 -0.395636
2.240 -0.395719
2.242 -0.395801
2.244 -0.395883
2.246 -0.395964
2.248 -0.396044
2.250 -0.396123
2.252 -0.396201
2.254 -0.396279
2.256 -0.396356
2.258 -0.396432
2.260 -0.396507
2.262 -0.396581
2.264 -0.396655
2.266 -0.396727
2.268 -0.396799
2.270 -0.396870
2.272 -0.396941
2.274 -0.397010
2.276 -0.397079
2.278 -0.397147
2.280 -0.397214
2.282 -0.397281
2.284 -0.397346
2.286 -0.397411
2.288 -0.397475
2.290 -0.397538
2.292 -0.397600
2.294 -0.397662
2.296 -0.397723
2.298 -0.397783
2.300 -0.397842
2.302 -0.397900
2.304 -0.397958
2.306 -0.398015
2.308 -0.398071
2.310 -0.398126
2.312 -0.398180
2.314 -0.398234
2.316 -0.398286
2.318 -0.398338
2.320 -0.398390
2.322 -0.398440
2.324 -0.398489
2.326 -0.398538
2.328 -0.398586
2.330 -0.398633
2.332 -0.398680
2.334 -0.398725
2.336 -0.398770
2.338 -0.398814
2.340 -0.398941
2.342 -0.398941
2.344 -0.398982
2.346 -0.398982
2.348 -0.399022
2.350 -0.399061
2.352 -0.399099
2.354 -0.399137
2.356 -0.399174
2.358 -0.399210
2.360 -0.399245
2.362 -0.399279
2.364 -0.399313
2.366 -0.399345
2.368 -0.399377
2.370 -0.399409
2.372 -0.399439
2.374 -0.399439
2.376 -0.399439
2.378 -0.399439
2.380 -0.399439
2.382 -0.399579
2.384 -0.399604
2.386 -0.399629
2.388 -0.399653
2.390 -0.399676
2.392 -0.399699
2.394 -0.399720
2.396 -0.399741
2.398 -0.399761
2.400 -0.399780
2.402 -0.399798
2.404 -0.399816
2.406 -0.399833
2.408 -0.399849
2.410 -0.399864
2.412 -0.399878
2.414 -0.399892
2.416 -0.399904
2.418 -0.399916
2.420 -0.399928
2.422 -0.399938
2.424 -0.399948
2.426 -0.399956
2.428 -0.399964
2.430 -0.399971
2.432 -0.399978
2.434 -0.399983
2.436 -0.399988
2.438 -0.399992
2.440 -0.399995
2.442 -0.399998
2.444 -0.399999
2.446 -0.400000
2.448 -0.400000
