0.000 -0.100633
0.002 -0.100633
0.004 -0.100633
0.006 -0.100634
0.008 -0.100636
0.010 -0.100638
0.012 -0.100639
0.014 -0.100643
0.016 -0.100649
0.018 -0.100654
0.020 -0.100660
0.022 -0.100666
0.024 -0.100673
0.026 -0.100681
0.028 -0.100690
0.030 -0.100699
0.032 -0.100709
0.034 -0.100720
0.036 -0.100731
0.038 -0.100744
0.040 -0.100757
0.042 -0.100771
0.044 -0.100785
0.046 -0.100800
0.048 -0.100816
0.050 -0.100833
0.052 -0.100851
0.054 -0.100869
0.056 -0.100888
0.058 -0.100908
0.060 -0.100942
0.062 -0.100959
0.064 -0.100974
0.066 -0.100994
0.068 -0.101018
0.070 -0.101044
0.072 -0.101070
0.074 -0.101096
0.076 -0.101123
0.078 -0.101150
0.080 -0.101179
0.082 -0.101208
0.084 -0.101238
0.086 -0.101269
0.088 -0.101301
0.090 -0.101334
0.092 -0.101367
0.094 -0.101401
0.096 -0.101436
0.098 -0.101472
0.100 -0.101509
0.102 -0.101546
0.104 -0.101585
0.106 -0.101624
0.108 -0.101664
0.110 -0.101704
0.112 -0.101746
0.114 -0.101788
0.116 -0.101832
0.118 -0.101876
0.120 -0.101920
0.122 -0.101966
0.124 -0.102013
0.126 -0.102060
0.128 -0.102108
0.130 -0.102157
0.132 -0.102207
0.134 -0.102257
0.136 -0.102309
0.138 -0.102361
0.140 -0.102414
0.142 -0.102468
0.144 -0.102523
0.146 -0.102578
0.148 -0.102635
0.150 -0.102692
0.152 -0.102750
0.154 -0.102809
0.156 -0.102869
0.158 -0.102929
0.160 -0.102991
0.162 -0.103053
0.164 -0.103116
0.166 -0.103180
0.168 -0.103244
0.170 -0.103310
0.172 -0.103376
0.174 -0.103561
0.176 -0.103666
0.178 -0.103682
0.180 -0.103667
0.182 -0.103702
0.184 -0.103777
0.186 -0.103862
0.188 -0.103943
0.190 -0.104017
0.192 -0.104089
0.194 -0.104163
0.196 -0.104239
0.198 -0.104316
0.200 -0.104394
0.202 -0.104473
0.204 -0.104552
0.206 -0.104633
0.208 -0.104714
0.210 -0.104796
0.212 -0.104879
0.214 -0.104962
0.216 -0.105047
0.218 -0.105132
0.220 -0.105218
0.222 -0.105305
0.224 -0.105393
0.226 -0.105481
0.228 -0.105571
0.230 -0.105661
0.232 -0.105752
0.234 -0.105844
0.236 -0.105937
0.238 -0.106030
0.240 -0.106124
0.242 -0.106220
0.244 -0.106316
0.246 -0.106412
0.248 -0.106510
0.250 -0.106608
0.252 -0.106708
0.254 -0.106808
0.256 -0.106909
0.258 -0.107010
0.260 -0.107113
0.262 -0.107216
0.264 -0.107321
0.266 -0.107426
0.268 -0.107531
0.270 -0.107638
0.272 -0.107746
0.274 -0.107854
0.276 -0.107963
0.278 -0.108073
0.280 -0.108184
0.282 -0.108295
0.284 -0.108408
0.286 -0.108521
0.288 -0.108635
0.290 -0.108750
0.292 -0.108865
0.294 -0.108982
0.296 -0.109099
0.298 -0.109217
0.300 -0.109336
0.302 -0.109456
0.304 -0.109576
0.306 -0.109698
0.308 -0.109820
0.310 -0.109943
0.312 -0.110067
0.314 -0.110191
0.316 -0.110317
0.318 -0.110443
0.320 -0.110570
0.322 -0.110698
0.324 -0.110826
0.326 -0.110956
0.328 -0.111086
0.330 -0.111217
0.332 -0.111349
0.334 -0.111482
0.336 -0.111615
0.338 -0.111750
0.340 -0.111885
0.342 -0.112021
0.344 -0.112158
0.346 -0.112295
0.348 -0.112434
0.350 -0.112573
0.352 -0.112713
0.354 -0.112854
0.356 -0.112995
0.358 -0.113138
0.360 -0.113281
0.362 -0.113425
0.364 -0.113570
0.366 -0.113715
0.368 -0.113862
0.370 -0.114009
0.372 -0.114157
0.374 -0.114306
0.376 -0.114456
0.378 -0.114606
0.380 -0.114758
0.382 -0.114910
0.384 -0.115063
0.386 -0.115216
0.388 -0.115371
0.390 -0.115526
0.392 -0.115683
0.394 -0.115839
0.396 -0.115997
0.398 -0.116156
0.400 -0.116315
0.402 -0.116475
0.404 -0.116636
0.406 -0.116798
0.408 -0.116961
0.410 -0.117124
0.412 -0.117288
0.414 -0.117453
0.416 -0.117619
0.418 -0.117786
0.420 -0.117953
0.422 -0.118122
0.424 -0.118291
0.426 -0.118460
0.428 -0.118631
0.430 -0.118803
0.432 -0.118975
0.434 -0.119148
0.436 -0.119322
0.438 -0.119496
0.440 -0.119672
0.442 -0.119848
0.444 -0.120025
0.446 -0.120203
0.448 -0.120382
0.450 -0.120561
0.452 -0.120742
0.454 -0.120923
0.456 -0.121104
0.458 -0.121287
0.460 -0.121471
0.462 -0.121655
0.464 -0.121840
0.466 -0.122026
0.468 -0.122213
0.470 -0.122400
0.472 -0.122589
0.474 -0.122778
0.476 -0.122968
0.478 -0.123158
0.480 -0.123350
0.482 -0.123542
0.484 -0.123735
0.486 -0.123929
0.488 -0.124124
0.490 -0.124319
0.492 -0.124406
0.494 -0.124423
0.496 -0.124429
0.498 -0.124450
0.500 -0.124483
0.502 -0.124861
0.504 -0.125373
0.506 -0.125723
0.508 -0.125929
0.510 -0.126095
0.512 -0.126283
0.514 -0.126497
0.516 -0.126721
0.518 -0.126943
0.520 -0.127161
0.522 -0.127378
0.524 -0.127595
0.526 -0.127813
0.528 -0.128033
0.530 -0.128253
0.532 -0.128473
0.534 -0.128694
0.536 -0.128915
0.538 -0.129137
0.540 -0.129360
0.542 -0.129583
0.544 -0.129928
0.546 -0.130109
0.548 -0.130267
0.550 -0.130465
0.552 -0.130694
0.554 -0.130932
0.556 -0.131164
0.558 -0.131392
0.560 -0.131619
0.562 -0.131847
0.564 -0.132076
0.566 -0.132307
0.568 -0.132538
0.570 -0.132769
0.572 -0.133001
0.574 -0.133234
0.576 -0.133468
0.578 -0.133702
0.580 -0.133937
0.582 -0.134042
0.584 -0.134325
0.586 -0.134632
0.588 -0.134899
0.590 -0.135134
0.592 -0.135361
0.594 -0.135595
0.596 -0.135835
0.598 -0.136211
0.600 -0.136406
0.602 -0.136576
0.604 -0.136788
0.606 -0.137036
0.608 -0.137292
0.610 -0.137544
0.612 -0.137790
0.614 -0.138034
0.616 -0.138280
0.618 -0.138528
0.620 -0.138777
0.622 -0.139027
0.624 -0.139277
0.626 -0.139528
0.628 -0.139780
0.630 -0.140033
0.632 -0.140286
0.634 -0.140540
0.636 -0.140794
0.638 -0.141050
0.640 -0.141306
0.642 -0.141563
0.644 -0.141821
0.646 -0.142079
0.648 -0.142338
0.650 -0.142598
0.652 -0.142859
0.654 -0.143121
0.656 -0.143383
0.658 -0.143499
0.660 -0.143522
0.662 -0.143893
0.664 -0.144338
0.666 -0.144685
0.668 -0.144948
0.670 -0.145190
0.672 -0.145445
0.674 -0.145716
0.676 -0.145993
0.678 -0.146269
0.680 -0.146544
0.682 -0.146818
0.684 -0.147093
0.686 -0.147369
0.688 -0.147645
0.690 -0.147923
0.692 -0.148201
0.694 -0.148480
0.696 -0.148760
0.698 -0.149040
0.700 -0.149478
0.702 -0.149861
0.704 -0.150001
0.706 -0.150164
0.708 -0.150416
0.710 -0.150719
0.712 -0.151026
0.714 -0.151320
0.716 -0.151605
0.718 -0.151889
0.720 -0.152175
0.722 -0.152465
0.724 -0.152755
0.726 -0.153046
0.728 -0.153337
0.730 -0.153629
0.732 -0.153922
0.734 -0.154216
0.736 -0.154510
0.738 -0.154805
0.740 -0.155101
0.742 -0.155398
0.744 -0.155695
0.746 -0.155994
0.748 -0.156293
0.750 -0.156592
0.752 -0.156893
0.754 -0.157194
0.756 -0.157496
0.758 -0.157799
0.760 -0.158103
0.762 -0.158407
0.764 -0.158713
0.766 -0.159019
0.768 -0.159325
0.770 -0.159633
0.772 -0.159941
0.774 -0.160250
0.776 -0.160560
0.778 -0.160871
0.780 -0.161182
0.782 -0.161495
0.784 -0.161808
0.786 -0.162122
0.788 -0.162436
0.790 -0.162752
0.792 -0.163068
0.794 -0.163385
0.796 -0.163703
0.798 -0.164021
0.800 -0.164340
0.802 -0.164661
0.804 -0.164982
0.806 -0.165303
0.808 -0.165626
0.810 -0.165949
0.812 -0.166273
0.814 -0.166598
0.816 -0.166924
0.818 -0.167250
0.820 -0.167578
0.822 -0.167906
0.824 -0.168235
0.826 -0.168564
0.828 -0.168895
0.830 -0.169226
0.832 -0.169558
0.834 -0.169891
0.836 -0.170225
0.838 -0.170559
0.840 -0.170895
0.842 -0.171231
0.844 -0.171568
0.846 -0.171905
0.848 -0.172244
0.850 -0.172583
0.852 -0.172923
0.854 -0.173264
0.856 -0.173606
0.858 -0.173948
0.860 -0.174291
0.862 -0.174635
0.864 -0.174980
0.866 -0.175520
0.868 -0.175797
0.870 -0.176038
0.872 -0.176342
0.874 -0.176697
0.876 -0.177064
0.878 -0.177423
0.880 -0.177775
0.882 -0.178124
0.884 -0.178475
0.886 -0.178828
0.888 -0.179183
0.890 -0.179539
0.892 -0.180154
0.894 -0.180743
0.896 -0.180972
0.898 -0.180981
0.900 -0.181164
0.902 -0.181526
0.904 -0.181947
0.906 -0.182348
0.908 -0.182719
0.910 -0.183078
0.912 -0.183439
0.914 -0.183805
0.916 -0.184175
0.918 -0.184546
0.920 -0.184917
0.922 -0.185288
0.924 -0.185659
0.926 -0.186032
0.928 -0.186405
0.930 -0.186779
0.932 -0.187153
0.934 -0.187528
0.936 -0.187904
0.938 -0.188281
0.940 -0.188659
0.942 -0.189037
0.944 -0.189416
0.946 -0.189795
0.948 -0.190176
0.950 -0.190557
0.952 -0.190938
0.954 -0.191321
0.956 -0.191704
0.958 -0.192088
0.960 -0.192473
0.962 -0.192859
0.964 -0.193245
0.966 -0.193632
0.968 -0.194020
0.970 -0.194408
0.972 -0.195048
0.974 -0.195467
0.976 -0.195585
0.978 -0.195800
0.980 -0.196172
0.982 -0.196612
0.984 -0.197045
0.986 -0.197454
0.988 -0.197849
0.990 -0.198244
0.992 -0.198643
0.994 -0.199046
0.996 -0.199450
0.998 -0.199854
1.000 -0.200258
1.002 -0.200663
1.004 -0.201068
1.006 -0.201475
1.008 -0.201881
1.010 -0.202289
1.012 -0.202697
1.014 -0.203105
1.016 -0.203515
1.018 -0.203925
1.020 -0.204336
1.022 -0.204747
1.024 -0.205159
1.026 -0.205572
1.028 -0.205985
1.030 -0.206399
1.032 -0.206814
1.034 -0.207229
1.036 -0.207646
1.038 -0.208062
1.040 -0.208480
1.042 -0.208898
1.044 -0.209317
1.046 -0.209737
1.048 -0.210157
1.050 -0.210579
1.052 -0.211000
1.054 -0.211423
1.056 -0.211610
1.058 -0.212102
1.060 -0.212652
1.062 -0.213135
1.064 -0.213559
1.066 -0.213966
1.068 -0.214383
1.070 -0.214811
1.072 -0.215244
1.074 -0.215677
1.076 -0.216109
1.078 -0.216540
1.080 -0.216973
1.082 -0.217406
1.084 -0.217840
1.086 -0.218275
1.088 -0.218711
1.090 -0.219148
1.092 -0.219585
1.094 -0.220023
1.096 -0.220461
1.098 -0.220901
1.100 -0.221341
1.102 -0.221782
1.104 -0.222224
1.106 -0.222666
1.108 -0.223110
1.110 -0.223554
1.112 -0.223998
1.114 -0.224444
1.116 -0.224890
1.118 -0.225337
1.120 -0.225785
1.122 -0.226234
1.124 -0.226683
1.126 -0.227133
1.128 -0.227584
1.130 -0.228036
1.132 -0.228721
1.134 -0.229198
1.136 -0.229349
1.138 -0.229611
1.140 -0.230048
1.142 -0.230559
1.144 -0.231062
1.146 -0.231537
1.148 -0.231997
1.150 -0.232458
1.152 -0.232923
1.154 -0.233391
1.156 -0.233861
1.158 -0.234331
1.160 -0.234801
1.162 -0.235271
1.164 -0.235741
1.166 -0.236213
1.168 -0.236685
1.170 -0.237158
1.172 -0.237631
1.174 -0.238105
1.176 -0.238579
1.178 -0.239054
1.180 -0.239530
1.182 -0.240006
1.184 -0.240483
1.186 -0.240961
1.188 -0.241439
1.190 -0.241918
1.192 -0.242398
1.194 -0.242878
1.196 -0.243359
1.198 -0.243840
1.200 -0.244323
1.202 -0.244805
1.204 -0.245289
1.206 -0.245773
1.208 -0.246258
1.210 -0.246744
1.212 -0.247230
1.214 -0.247941
1.216 -0.248323
1.218 -0.248675
1.220 -0.249113
1.222 -0.249614
1.224 -0.250130
1.226 -0.250634
1.228 -0.251126
1.230 -0.251614
1.232 -0.252103
1.234 -0.252594
1.236 -0.253084
1.238 -0.253573
1.240 -0.254062
1.242 -0.254549
1.244 -0.255036
1.246 -0.255523
1.248 -0.256008
1.250 -0.256493
1.252 -0.256977
1.254 -0.257461
1.256 -0.257943
1.258 -0.258425
1.260 -0.258907
1.262 -0.259387
1.264 -0.259867
1.266 -0.260346
1.268 -0.260824
1.270 -0.261301
1.272 -0.261778
1.274 -0.262254
1.276 -0.262729
1.278 -0.263203
1.280 -0.263676
1.282 -0.264149
1.284 -0.264621
1.286 -0.265092
1.288 -0.265562
1.290 -0.266031
1.292 -0.266500
1.294 -0.266967
1.296 -0.267434
1.298 -0.267900
1.300 -0.268366
1.302 -0.268830
1.304 -0.269294
1.306 -0.269757
1.308 -0.270218
1.310 -0.270680
1.312 -0.271140
1.314 -0.271599
1.316 -0.272058
1.318 -0.272516
1.320 -0.272972
1.322 -0.273429
1.324 -0.273884
1.326 -0.274338
1.328 -0.274792
1.330 -0.275244
1.332 -0.275696
1.334 -0.276147
1.336 -0.276597
1.338 -0.277046
1.340 -0.277495
1.342 -0.277942
1.344 -0.278389
1.346 -0.278835
1.348 -0.279280
1.350 -0.279724
1.352 -0.280167
1.354 -0.280609
1.356 -0.281051
1.358 -0.281492
1.360 -0.281932
1.362 -0.282370
1.364 -0.282809
1.366 -0.283246
1.368 -0.283682
1.370 -0.284118
1.372 -0.284552
1.374 -0.284986
1.376 -0.285419
1.378 -0.285851
1.380 -0.286283
1.382 -0.286713
1.384 -0.287143
1.386 -0.287571
1.388 -0.287999
1.390 -0.288426
1.392 -0.288852
1.394 -0.289277
1.396 -0.289702
1.398 -0.290125
1.400 -0.290548
1.402 -0.290970
1.404 -0.291391
1.406 -0.291811
1.408 -0.292230
1.410 -0.292649
1.412 -0.293066
1.414 -0.293483
1.416 -0.293899
1.418 -0.294314
1.420 -0.294728
1.422 -0.295141
1.424 -0.295554
1.426 -0.295965
1.428 -0.296376
1.430 -0.296786
1.432 -0.297195
1.434 -0.297603
1.436 -0.298011
1.438 -0.298417
1.440 -0.298823
1.442 -0.299228
1.444 -0.299632
1.446 -0.300035
1.448 -0.300437
1.450 -0.300839
1.452 -0.301239
1.454 -0.301639
1.456 -0.302038
1.458 -0.302436
1.460 -0.302834
1.462 -0.303230
1.464 -0.303626
1.466 -0.304020
1.468 -0.304414
1.470 -0.304807
1.472 -0.305200
1.474 -0.305591
1.476 -0.305982
1.478 -0.306371
1.480 -0.306760
1.482 -0.307148
1.484 -0.307535
1.486 -0.307922
1.488 -0.308307
1.490 -0.308692
1.492 -0.309076
1.494 -0.309459
1.496 -0.309841
1.498 -0.310223
1.500 -0.310603
1.502 -0.310983
1.504 -0.311362
1.506 -0.311740
1.508 -0.312117
1.510 -0.312494
1.512 -0.312870
1.514 -0.313244
1.516 -0.313618
1.518 -0.313991
1.520 -0.314364
1.522 -0.314735
1.524 -0.315106
1.526 -0.315476
1.528 -0.315845
1.530 -0.316213
1.532 -0.316580
1.534 -0.316947
1.536 -0.317313
1.538 -0.317678
1.540 -0.318042
1.542 -0.318405
1.544 -0.318767
1.546 -0.319129
1.548 -0.319490
1.550 -0.319850
1.552 -0.320209
1.554 -0.320567
1.556 -0.320925
1.558 -0.321282
1.560 -0.321638
1.562 -0.321993
1.564 -0.322347
1.566 -0.322700
1.568 -0.323053
1.570 -0.323405
1.572 -0.323756
1.574 -0.324368
1.576 -0.324840
1.578 -0.325000
1.580 -0.325004
1.582 -0.325202
1.584 -0.325570
1.586 -0.325982
1.588 -0.326369
1.590 -0.326724
1.592 -0.327066
1.594 -0.327411
1.596 -0.327759
1.598 -0.328108
1.600 -0.328457
1.602 -0.328803
1.604 -0.329148
1.606 -0.329492
1.608 -0.329835
1.610 -0.330177
1.612 -0.330518
1.614 -0.330858
1.616 -0.331197
1.618 -0.331535
1.620 -0.331871
1.622 -0.332207
1.624 -0.332542
1.626 -0.332876
1.628 -0.333209
1.630 -0.333541
1.632 -0.333872
1.634 -0.334202
1.636 -0.334531
1.638 -0.334859
1.640 -0.335186
1.642 -0.335512
1.644 -0.335837
1.646 -0.336161
1.648 -0.336484
1.650 -0.336807
1.652 -0.337397
1.654 -0.337752
1.656 -0.337834
1.658 -0.337995
1.660 -0.338290
1.662 -0.338644
1.664 -0.338992
1.666 -0.339318
1.668 -0.339629
1.670 -0.339940
1.672 -0.340252
1.674 -0.340566
1.676 -0.340880
1.678 -0.341192
1.680 -0.341502
1.682 -0.341812
1.684 -0.342120
1.686 -0.342428
1.688 -0.342735
1.690 -0.343041
1.692 -0.343620
1.694 -0.344039
1.696 -0.344167
1.698 -0.344162
1.700 -0.344330
1.702 -0.344649
1.704 -0.345007
1.706 -0.345341
1.708 -0.345647
1.710 -0.345942
1.712 -0.346238
1.714 -0.346538
1.716 -0.346839
1.718 -0.347139
1.720 -0.347437
1.722 -0.347733
1.724 -0.348029
1.726 -0.348323
1.728 -0.348617
1.730 -0.348909
1.732 -0.349201
1.734 -0.349491
1.736 -0.349781
1.738 -0.350069
1.740 -0.350635
1.742 -0.351033
1.744 -0.351150
1.746 -0.351299
1.748 -0.351399
1.750 -0.351613
1.752 -0.351913
1.754 -0.352231
1.756 -0.352532
1.758 -0.352815
1.760 -0.353093
1.762 -0.353372
1.764 -0.353652
1.766 -0.353932
1.768 -0.354211
1.770 -0.354488
1.772 -0.354764
1.774 -0.354888
1.776 -0.355217
1.778 -0.355572
1.780 -0.355879
1.782 -0.356146
1.784 -0.356402
1.786 -0.356664
1.788 -0.356932
1.790 -0.357201
1.792 -0.357469
1.794 -0.357734
1.796 -0.357998
1.798 -0.358261
1.800 -0.358523
1.802 -0.358785
1.804 -0.359045
1.806 -0.359305
1.808 -0.359563
1.810 -0.359820
1.812 -0.360220
1.814 -0.360424
1.816 -0.360601
1.818 -0.360822
1.820 -0.361079
1.822 -0.361344
1.824 -0.361602
1.826 -0.361852
1.828 -0.362099
1.830 -0.362346
1.832 -0.362593
1.834 -0.362840
1.836 -0.363086
1.838 -0.363331
1.840 -0.363575
1.842 -0.363818
1.844 -0.364060
1.846 -0.364301
1.848 -0.364541
1.850 -0.364781
1.852 -0.365019
1.854 -0.365257
1.856 -0.365494
1.858 -0.365730
1.860 -0.365965
1.862 -0.366200
1.864 -0.366433
1.866 -0.366666
1.868 -0.366898
1.870 -0.367129
1.872 -0.367359
1.874 -0.367588
1.876 -0.367817
1.878 -0.368044
1.880 -0.368271
1.882 -0.368497
1.884 -0.368722
1.886 -0.368946
1.888 -0.369170
1.890 -0.369688
1.892 -0.370134
1.894 -0.370284
1.896 -0.370269
1.898 -0.370241
1.900 -0.370380
1.902 -0.370628
1.904 -0.370889
1.906 -0.371126
1.908 -0.371341
1.910 -0.371550
1.912 -0.371761
1.914 -0.371976
1.916 -0.372190
1.918 -0.372404
1.920 -0.372616
1.922 -0.372826
1.924 -0.373036
1.926 -0.373246
1.928 -0.373454
1.930 -0.373662
1.932 -0.373868
1.934 -0.374074
1.936 -0.374279
1.938 -0.374483
1.940 -0.374687
1.942 -0.375116
1.944 -0.375349
1.946 -0.375386
1.948 -0.375473
1.950 -0.375652
1.952 -0.375874
1.954 -0.376092
1.956 -0.376295
1.958 -0.376487
1.960 -0.376678
1.962 -0.376871
1.964 -0.377065
1.966 -0.377258
1.968 -0.377450
1.970 -0.377640
1.972 -0.377830
1.974 -0.378019
1.976 -0.378208
1.978 -0.378395
1.980 -0.378582
1.982 -0.378768
1.984 -0.378953
1.986 -0.379137
1.988 -0.379321
1.990 -0.379503
1.992 -0.379685
1.994 -0.379866
1.996 -0.380046
1.998 -0.380226
2.000 -0.380404
2.002 -0.380582
2.004 -0.380759
2.006 -0.380935
2.008 -0.381111
2.010 -0.381285
2.012 -0.381459
2.014 -0.381632
2.016 -0.381804
2.018 -0.381976
2.020 -0.382146
2.022 -0.382316
2.024 -0.382485
2.026 -0.382653
2.028 -0.382821
2.030 -0.382987
2.032 -0.383153
2.034 -0.383318
2.036 -0.383482
2.038 -0.383645
2.040 -0.383808
2.042 -0.383970
2.044 -0.384131
2.046 -0.384381
2.048 -0.384508
2.050 -0.384618
2.052 -0.384755
2.054 -0.384915
2.056 -0.385079
2.058 -0.385238
2.060 -0.385393
2.062 -0.385546
2.064 -0.385698
2.066 -0.385850
2.068 -0.386001
2.070 -0.386152
2.072 -0.386302
2.074 -0.386451
2.076 -0.386599
2.078 -0.386747
2.080 -0.386893
2.082 -0.387039
2.084 -0.387184
2.086 -0.387328
2.088 -0.387472
2.090 -0.387615
2.092 -0.387756
2.094 -0.387898
2.096 -0.388038
2.098 -0.388177
2.100 -0.388316
2.102 -0.388454
2.104 -0.388591
2.106 -0.388727
2.108 -0.388863
2.110 -0.388998
2.112 -0.389132
2.114 -0.389265
2.116 -0.389397
2.118 -0.389529
2.120 -0.389659
2.122 -0.389789
2.124 -0.389918
2.126 -0.390047
2.128 -0.390174
2.130 -0.390301
2.132 -0.390427
2.134 -0.390552
2.136 -0.390677
2.138 -0.390800
2.140 -0.390923
2.142 -0.391045
2.144 -0.391166
2.146 -0.391287
2.148 -0.391407
2.150 -0.391525
2.152 -0.391643
2.154 -0.391761
2.156 -0.391877
2.158 -0.391993
2.160 -0.392108
2.162 -0.392222
2.164 -0.392335
2.166 -0.392447
2.168 -0.392559
2.170 -0.392670
2.172 -0.392780
2.174 -0.392889
2.176 -0.392998
2.178 -0.393106
2.180 -0.393213
2.182 -0.393319
2.184 -0.393424
2.186 -0.393529
2.188 -0.393632
2.190 -0.393735
2.192 -0.393837
2.194 -0.393939
2.196 -0.394039
2.198 -0.394139
2.200 -0.394238
2.202 -0.394336
2.204 -0.394433
2.206 -0.394530
2.208 -0.394626
2.210 -0.394721
2.212 -0.394815
2.214 -0.394908
2.216 -0.395001
2.218 -0.395093
2.220 -0.395184
2.222 -0.395274
2.224 -0.395363
2.226 -0.395452
2.228 -0.395540
2.230 -0.395627
2.232 -0.395713
2.234 -0.395798
2.236 -0.395883
2.238 -0.395967
2.240 -0.396050
2.242 -0.396132
2.244 -0.396213
2.246 -0.396294
2.248 -0.396374
2.250 -0.396453
2.252 -0.396531
2.254 -0.396609
2.256 -0.396685
2.258 -0.396761
2.260 -0.396836
2.262 -0.396910
2.264 -0.396984
2.266 -0.397056
2.268 -0.397128
2.270 -0.397199
2.272 -0.397270
2.274 -0.397339
2.276 -0.397408
2.278 -0.397476
2.280 -0.397543
2.282 -0.397609
2.284 -0.397674
2.286 -0.397739
2.288 -0.397803
2.290 -0.397866
2.292 -0.397928
2.294 -0.397990
2.296 -0.398051
2.298 -0.398110
2.300 -0.398169
2.302 -0.398228
2.304 -0.398285
2.306 -0.398342
2.308 -0.398398
2.310 -0.398453
2.312 -0.398507
2.314 -0.398561
2.316 -0.398613
2.318 -0.398665
2.320 -0.398716
2.322 -0.398767
2.324 -0.398816
2.326 -0.398865
2.328 -0.398913
2.330 -0.398960
2.332 -0.399006
2.334 -0.399052
2.336 -0.399097
2.338 -0.399140
2.340 -0.399184
2.342 -0.399273
2.344 -0.399321
2.346 -0.399350
2.348 -0.399359
2.350 -0.399382
2.352 -0.399419
2.354 -0.399462
2.356 -0.399502
2.358 -0.399538
2.360 -0.399573
2.362 -0.399606
2.364 -0.399640
2.366 -0.399672
2.368 -0.399704
2.370 -0.399736
2.372 -0.399766
2.374 -0.399795
2.376 -0.399807
2.378 -0.399809
2.380 -0.399808
2.382 -0.399810
2.384 -0.399891
2.386 -0.399959
2.388 -0.399993
2.390 -0.400008
2.392 -0.400023
2.394 -0.400042
2.396 -0.400064
2.398 -0.400085
2.400 -0.400105
2.402 -0.400123
2.404 -0.400140
2.406 -0.400157
2.408 -0.400173
2.410 -0.400188
2.412 -0.400203
2.414 -0.400216
2.416 -0.400229
2.418 -0.400241
2.420 -0.400252
2.422 -0.400262
2.424 -0.400272
2.426 -0.400281
2.428 -0.400289
2.430 -0.400296
2.432 -0.400302
2.434 -0.400308
2.436 -0.400313
2.438 -0.400317
2.440 -0.400320
2.442 -0.400322
2.444 -0.400324
2.446 -0.400325
2.448 -0.400325
