0.000 3.658073
0.002 3.658073
0.004 3.658073
0.006 3.658073
0.008 3.658073
0.010 3.658073
0.012 3.658073
0.014 3.658071
0.016 3.658071
0.018 3.658070
0.020 3.658068
0.022 3.658065
0.024 3.658060
0.026 3.658055
0.028 3.658050
0.030 3.658045
0.032 3.658039
0.034 3.658032
0.036 3.658025
0.038 3.658017
0.040 3.658008
0.042 3.657998
0.044 3.657988
0.046 3.657977
0.048 3.657966
0.050 3.657953
0.052 3.657935
0.054 3.657927
0.056 3.657913
0.058 3.657898
0.060 3.657892
0.062 3.657873
0.064 3.657851
0.066 3.657840
0.068 3.657824
0.070 3.657800
0.072 3.657771
0.074 3.657744
0.076 3.657720
0.078 3.657697
0.080 3.657673
0.082 3.657648
0.084 3.657621
0.086 3.657594
0.088 3.657566
0.090 3.657537
0.092 3.657507
0.094 3.657476
0.096 3.657444
0.098 3.657412
0.100 3.657378
0.102 3.657344
0.104 3.657309
0.106 3.657273
0.108 3.657236
0.110 3.657198
0.112 3.657160
0.114 3.657120
0.116 3.657080
0.118 3.657038
0.120 3.656995
0.122 3.656950
0.124 3.656903
0.126 3.656855
0.128 3.656806
0.130 3.656755
0.132 3.656703
0.134 3.656650
0.136 3.656596
0.138 3.656540
0.140 3.656482
0.142 3.656421
0.144 3.656359
0.146 3.656295
0.148 3.656230
0.150 3.656164
0.152 3.656103
0.154 3.656039
0.156 3.655970
0.158 3.655896
0.160 3.655819
0.162 3.655742
0.164 3.655666
0.166 3.655590
0.168 3.655513
0.170 3.655436
0.172 3.655357
0.174 3.655277
0.176 3.655196
0.178 3.655114
0.180 3.655031
0.182 3.654978
0.184 3.654886
0.186 3.654784
0.188 3.654689
0.190 3.654602
0.192 3.654517
0.194 3.654429
0.196 3.654338
0.198 3.654246
0.200 3.654155
0.202 3.654064
0.204 3.653971
0.206 3.653878
0.208 3.653784
0.210 3.653689
0.212 3.653593
0.214 3.653497
0.216 3.653400
0.218 3.653302
0.220 3.653203
0.222 3.653104
0.224 3.653004
0.226 3.652904
0.228 3.652802
0.230 3.652700
0.232 3.652597
0.234 3.652494
0.236 3.652390
0.238 3.652285
0.240 3.652180
0.242 3.652074
0.244 3.651967
0.246 3.651860
0.248 3.651752
0.250 3.651643
0.252 3.651534
0.254 3.651423
0.256 3.651313
0.258 3.651201
0.260 3.651089
0.262 3.650976
0.264 3.650863
0.266 3.650749
0.268 3.650634
0.270 3.650519
0.272 3.650402
0.274 3.650285
0.276 3.650168
0.278 3.650050
0.280 3.649932
0.282 3.649812
0.284 3.649692
0.286 3.649571
0.288 3.649450
0.290 3.649327
0.292 3.649205
0.294 3.649081
0.296 3.648957
0.298 3.648832
0.300 3.648707
0.302 3.648581
0.304 3.648454
0.306 3.648326
0.308 3.648198
0.310 3.648069
0.312 3.647939
0.314 3.647809
0.316 3.647679
0.318 3.647547
0.320 3.647415
0.322 3.647282
0.324 3.647148
0.326 3.647013
0.328 3.646878
0.330 3.646742
0.332 3.646606
0.334 3.646469
0.336 3.646331
0.338 3.646192
0.340 3.646052
0.342 3.645912
0.344 3.645771
0.346 3.645630
0.348 3.645488
0.350 3.645514
0.352 3.645635
0.354 3.645218
0.356 3.644792
0.358 3.644601
0.360 3.644557
0.362 3.644497
0.364 3.644360
0.366 3.644183
0.368 3.644011
0.370 3.643860
0.372 3.643718
0.374 3.643572
0.376 3.643419
0.378 3.643263
0.380 3.643108
0.382 3.642954
0.384 3.642800
0.386 3.642645
0.388 3.642488
0.390 3.642330
0.392 3.642375
0.394 3.642123
0.396 3.641817
0.398 3.641611
0.400 3.641489
0.402 3.641374
0.404 3.641224
0.406 3.640832
0.408 3.640755
0.410 3.640744
0.412 3.640630
0.414 3.640424
0.416 3.640207
0.418 3.640023
0.420 3.639865
0.422 3.639709
0.424 3.639542
0.426 3.639367
0.428 3.639192
0.430 3.639019
0.432 3.638847
0.434 3.638674
0.436 3.638498
0.438 3.637833
0.440 3.637141
0.442 3.637164
0.444 3.637611
0.446 3.637973
0.448 3.637820
0.450 3.637389
0.452 3.637020
0.454 3.636819
0.456 3.636699
0.458 3.636559
0.460 3.636374
0.462 3.636171
0.464 3.635975
0.466 3.635790
0.468 3.635607
0.470 3.635421
0.472 3.635230
0.474 3.635037
0.476 3.634845
0.478 3.634653
0.480 3.634461
0.482 3.634267
0.484 3.634073
0.486 3.633878
0.488 3.633682
0.490 3.633485
0.492 3.633288
0.494 3.633090
0.496 3.632891
0.498 3.632691
0.500 3.632491
0.502 3.632289
0.504 3.632087
0.506 3.631885
0.508 3.631681
0.510 3.631477
0.512 3.631271
0.514 3.631066
0.516 3.630859
0.518 3.630652
0.520 3.630444
0.522 3.630235
0.524 3.630025
0.526 3.629814
0.528 3.629603
0.530 3.629391
0.532 3.629497
0.534 3.629133
0.536 3.628686
0.538 3.628400
0.540 3.628250
0.542 3.628110
0.544 3.627914
0.546 3.627677
0.548 3.627439
0.550 3.627215
0.552 3.627000
0.554 3.626784
0.556 3.626562
0.558 3.626337
0.560 3.626112
0.562 3.625888
0.564 3.626008
0.566 3.625620
0.568 3.625140
0.570 3.624836
0.572 3.624679
0.574 3.624533
0.576 3.624326
0.578 3.624076
0.580 3.623823
0.582 3.623586
0.584 3.623360
0.586 3.623131
0.588 3.622896
0.590 3.622659
0.592 3.622789
0.594 3.622748
0.596 3.622066
0.598 3.621475
0.600 3.621231
0.602 3.621158
0.604 3.621031
0.606 3.620794
0.608 3.620507
0.610 3.620235
0.612 3.619993
0.614 3.619761
0.616 3.619522
0.618 3.619273
0.620 3.619022
0.622 3.618773
0.624 3.618525
0.626 3.618277
0.628 3.618027
0.630 3.617776
0.632 3.617523
0.634 3.617270
0.636 3.617016
0.638 3.616762
0.640 3.615273
0.642 3.614363
0.644 3.614772
0.646 3.615675
0.648 3.616234
0.650 3.615899
0.652 3.615168
0.654 3.614604
0.656 3.614333
0.658 3.614181
0.660 3.613985
0.662 3.613714
0.664 3.613417
0.666 3.613137
0.668 3.612875
0.670 3.612182
0.672 3.612122
0.674 3.612167
0.676 3.611988
0.678 3.611622
0.680 3.611243
0.682 3.610940
0.684 3.610691
0.686 3.610443
0.688 3.610172
0.690 3.609887
0.692 3.609603
0.694 3.609325
0.696 3.609048
0.698 3.608770
0.700 3.608489
0.702 3.608207
0.704 3.607924
0.706 3.607641
0.708 3.607358
0.710 3.607074
0.712 3.606788
0.714 3.606502
0.716 3.606216
0.718 3.605928
0.720 3.605640
0.722 3.605351
0.724 3.605061
0.726 3.604771
0.728 3.604479
0.730 3.604187
0.732 3.603894
0.734 3.603601
0.736 3.603306
0.738 3.603011
0.740 3.602715
0.742 3.602418
0.744 3.602120
0.746 3.601822
0.748 3.601523
0.750 3.601223
0.752 3.600922
0.754 3.600621
0.756 3.600319
0.758 3.600016
0.760 3.599712
0.762 3.599407
0.764 3.599102
0.766 3.598796
0.768 3.598489
0.770 3.598181
0.772 3.597872
0.774 3.597563
0.776 3.597253
0.778 3.596942
0.780 3.596630
0.782 3.596318
0.784 3.596004
0.786 3.595690
0.788 3.595375
0.790 3.595060
0.792 3.594743
0.794 3.594426
0.796 3.594108
0.798 3.593789
0.800 3.593470
0.802 3.593149
0.804 3.592828
0.806 3.592506
0.808 3.592183
0.810 3.591859
0.812 3.591535
0.814 3.591209
0.816 3.590884
0.818 3.590557
0.820 3.590229
0.822 3.589900
0.824 3.589571
0.826 3.589241
0.828 3.588910
0.830 3.588579
0.832 3.588247
0.834 3.587913
0.836 3.587579
0.838 3.587244
0.840 3.586908
0.842 3.586572
0.844 3.586235
0.846 3.585897
0.848 3.585558
0.850 3.585219
0.852 3.584878
0.854 3.584537
0.856 3.584195
0.858 3.583852
0.860 3.583508
0.862 3.583164
0.864 3.582819
0.866 3.582473
0.868 3.582126
0.870 3.582376
0.872 3.581740
0.874 3.580949
0.876 3.580468
0.878 3.580246
0.880 3.580042
0.882 3.579732
0.884 3.579345
0.886 3.578953
0.888 3.578591
0.890 3.578246
0.892 3.577900
0.894 3.577543
0.896 3.577181
0.898 3.576820
0.900 3.576462
0.902 3.576103
0.904 3.575743
0.906 3.575381
0.908 3.575019
0.910 3.574023
0.912 3.573963
0.914 3.574065
0.916 3.573838
0.918 3.573335
0.920 3.572810
0.922 3.572398
0.924 3.572065
0.926 3.571735
0.928 3.571373
0.930 3.570990
0.932 3.570607
0.934 3.570234
0.936 3.569864
0.938 3.569492
0.940 3.569116
0.942 3.568738
0.944 3.568359
0.946 3.567981
0.948 3.567603
0.950 3.566558
0.952 3.566498
0.954 3.566608
0.956 3.566372
0.958 3.565845
0.960 3.565296
0.962 3.564864
0.964 3.564517
0.966 3.564173
0.968 3.563795
0.970 3.563395
0.972 3.562996
0.974 3.562606
0.976 3.562220
0.978 3.561832
0.980 3.561439
0.982 3.561045
0.984 3.560650
0.986 3.560256
0.988 3.559861
0.990 3.559466
0.992 3.559069
0.994 3.558671
0.996 3.558273
0.998 3.557874
1.000 3.557474
1.002 3.557074
1.004 3.556672
1.006 3.556270
1.008 3.555867
1.010 3.555464
1.012 3.555059
1.014 3.554653
1.016 3.554247
1.018 3.553840
1.020 3.553433
1.022 3.553024
1.024 3.552615
1.026 3.552205
1.028 3.551794
1.030 3.551382
1.032 3.550969
1.034 3.550556
1.036 3.550142
1.038 3.549727
1.040 3.549311
1.042 3.548895
1.044 3.548477
1.046 3.548059
1.048 3.547640
1.050 3.547221
1.052 3.546800
1.054 3.546379
1.056 3.545957
1.058 3.545534
1.060 3.545110
1.062 3.544686
1.064 3.544261
1.066 3.543835
1.068 3.543408
1.070 3.542980
1.072 3.542552
1.074 3.542122
1.076 3.541693
1.078 3.541262
1.080 3.540830
1.082 3.540398
1.084 3.539965
1.086 3.539531
1.088 3.539096
1.090 3.538660
1.092 3.538223
1.094 3.537786
1.096 3.537348
1.098 3.536909
1.100 3.536470
1.102 3.536029
1.104 3.535588
1.106 3.535146
1.108 3.534703
1.110 3.533463
1.112 3.533404
1.114 3.533550
1.116 3.533278
1.118 3.532657
1.120 3.532011
1.122 3.531505
1.124 3.531102
1.126 3.530703
1.128 3.530264
1.130 3.529799
1.132 3.529338
1.134 3.528888
1.136 3.528443
1.138 3.527996
1.140 3.528356
1.142 3.527509
1.144 3.526453
1.146 3.525822
1.148 3.525547
1.150 3.525296
1.152 3.525715
1.154 3.524818
1.156 3.523705
1.158 3.523060
1.160 3.522796
1.162 3.522554
1.164 3.522154
1.166 3.521642
1.168 3.521128
1.170 3.520658
1.172 3.520214
1.174 3.519766
1.176 3.519304
1.178 3.518835
1.180 3.518368
1.182 3.517904
1.184 3.517441
1.186 3.516976
1.188 3.516509
1.190 3.516040
1.192 3.515571
1.194 3.515102
1.196 3.514632
1.198 3.514160
1.200 3.513688
1.202 3.513215
1.204 3.512741
1.206 3.512267
1.208 3.511791
1.210 3.511315
1.212 3.510837
1.214 3.510359
1.216 3.509880
1.218 3.509400
1.220 3.508919
1.222 3.508437
1.224 3.507954
1.226 3.507471
1.228 3.506986
1.230 3.507345
1.232 3.506452
1.234 3.505341
1.236 3.504668
1.238 3.504361
1.240 3.504080
1.242 3.503648
1.244 3.503108
1.246 3.502562
1.248 3.502058
1.250 3.501580
1.252 3.501098
1.254 3.500603
1.256 3.500101
1.258 3.499599
1.260 3.499102
1.262 3.498605
1.264 3.498106
1.266 3.497604
1.268 3.497102
1.270 3.497457
1.272 3.497401
1.274 3.495851
1.276 3.494522
1.278 3.494012
1.280 3.493901
1.282 3.493665
1.284 3.493166
1.286 3.492552
1.288 3.491977
1.290 3.491470
1.292 3.490988
1.294 3.490489
1.296 3.489970
1.298 3.489446
1.300 3.488927
1.302 3.488413
1.304 3.487899
1.306 3.487382
1.308 3.486863
1.310 3.486342
1.312 3.485821
1.314 3.485300
1.316 3.484778
1.318 3.484254
1.320 3.483730
1.322 3.483205
1.324 3.482679
1.326 3.482152
1.328 3.481624
1.330 3.481095
1.332 3.480565
1.334 3.480035
1.336 3.479503
1.338 3.478971
1.340 3.478438
1.342 3.477904
1.344 3.477369
1.346 3.476833
1.348 3.476297
1.350 3.475759
1.352 3.476108
1.354 3.475146
1.356 3.473952
1.358 3.473215
1.360 3.472863
1.362 3.472537
1.364 3.472056
1.366 3.471460
1.368 3.470859
1.370 3.470302
1.372 3.469772
1.374 3.469239
1.376 3.468691
1.378 3.468136
1.380 3.467583
1.382 3.467033
1.384 3.466483
1.386 3.465932
1.388 3.465379
1.390 3.465726
1.392 3.466545
1.394 3.467175
1.396 3.467417
1.398 3.467461
1.400 3.466626
1.402 3.464498
1.404 3.463926
1.406 3.462143
1.408 3.460916
1.410 3.460588
1.412 3.460540
1.414 3.460232
1.416 3.459611
1.418 3.458892
1.420 3.458237
1.422 3.457661
1.424 3.457105
1.426 3.456530
1.428 3.455936
1.430 3.455342
1.432 3.454757
1.434 3.454178
1.436 3.453599
1.438 3.453016
1.440 3.452432
1.442 3.452766
1.444 3.453583
1.446 3.452373
1.448 3.449802
1.450 3.448331
1.452 3.448156
1.454 3.448275
1.456 3.447986
1.458 3.447300
1.460 3.446538
1.462 3.445891
1.464 3.445346
1.466 3.444811
1.468 3.444238
1.470 3.443641
1.472 3.443046
1.474 3.443388
1.476 3.442376
1.478 3.441124
1.480 3.440341
1.482 3.440878
1.484 3.440085
1.486 3.438892
1.488 3.438056
1.490 3.437615
1.492 3.437250
1.494 3.436752
1.496 3.436134
1.498 3.435499
1.500 3.434904
1.502 3.434340
1.504 3.433777
1.506 3.433203
1.508 3.432620
1.510 3.431116
1.512 3.430052
1.514 3.430593
1.516 3.430899
1.518 3.430331
1.520 3.429333
1.522 3.428468
1.524 3.427881
1.526 3.427414
1.528 3.426906
1.530 3.426323
1.532 3.425714
1.534 3.425121
1.536 3.424549
1.538 3.423982
1.540 3.424331
1.542 3.423312
1.544 3.422053
1.546 3.421270
1.548 3.420887
1.550 3.420535
1.552 3.420020
1.554 3.419389
1.556 3.418753
1.558 3.417241
1.560 3.416195
1.562 3.416747
1.564 3.417052
1.566 3.416477
1.568 3.415476
1.570 3.414610
1.572 3.414025
1.574 3.413560
1.576 3.413051
1.578 3.412467
1.580 3.411857
1.582 3.411265
1.584 3.410692
1.586 3.410125
1.588 3.409550
1.590 3.408968
1.592 3.408387
1.594 3.408730
1.596 3.407714
1.598 3.406459
1.600 3.405677
1.602 3.405293
1.604 3.404939
1.606 3.404424
1.608 3.403792
1.610 3.403156
1.612 3.402566
1.614 3.402006
1.616 3.401442
1.618 3.400864
1.620 3.400280
1.622 3.399698
1.624 3.399121
1.626 3.398545
1.628 3.397968
1.630 3.397390
1.632 3.396812
1.634 3.396234
1.636 3.395656
1.638 3.395078
1.640 3.394500
1.642 3.394845
1.644 3.395675
1.646 3.396314
1.648 3.394710
1.650 3.391010
1.652 3.389080
1.654 3.389192
1.656 3.389749
1.658 3.389646
1.660 3.388908
1.662 3.388046
1.664 3.387369
1.666 3.386851
1.668 3.386347
1.670 3.385786
1.672 3.385185
1.674 3.384588
1.676 3.384011
1.678 3.383446
1.680 3.382878
1.682 3.382304
1.684 3.381727
1.686 3.381150
1.688 3.380574
1.690 3.379999
1.692 3.379423
1.694 3.378847
1.696 3.378271
1.698 3.377694
1.700 3.377117
1.702 3.376541
1.704 3.375964
1.706 3.375387
1.708 3.374810
1.710 3.374233
1.712 3.373655
1.714 3.373078
1.716 3.372500
1.718 3.371923
1.720 3.371345
1.722 3.370768
1.724 3.370190
1.726 3.369612
1.728 3.369034
1.730 3.368456
1.732 3.367878
1.734 3.367301
1.736 3.366723
1.738 3.366144
1.740 3.365566
1.742 3.364988
1.744 3.364410
1.746 3.363832
1.748 3.363253
1.750 3.362675
1.752 3.362096
1.754 3.361518
1.756 3.360940
1.758 3.360361
1.760 3.359783
1.762 3.359204
1.764 3.358625
1.766 3.358047
1.768 3.357468
1.770 3.356890
1.772 3.356311
1.774 3.355733
1.776 3.355154
1.778 3.354575
1.780 3.353997
1.782 3.353418
1.784 3.352839
1.786 3.352260
1.788 3.351681
1.790 3.351102
1.792 3.350524
1.794 3.349945
1.796 3.349366
1.798 3.348787
1.800 3.348208
1.802 3.347629
1.804 3.347050
1.806 3.346471
1.808 3.345891
1.810 3.345312
1.812 3.344733
1.814 3.344154
1.816 3.343575
1.818 3.342997
1.820 3.342417
1.822 3.341838
1.824 3.341259
1.826 3.340680
1.828 3.340101
1.830 3.336974
1.832 3.335879
1.834 3.337186
1.836 3.338929
1.838 3.338833
1.840 3.337409
1.842 3.336004
1.844 3.335223
1.846 3.334843
1.848 3.334453
1.850 3.333896
1.852 3.333245
1.854 3.332613
1.856 3.332030
1.858 3.331468
1.860 3.330896
1.862 3.330308
1.864 3.329716
1.866 3.329127
1.868 3.328544
1.870 3.327963
1.872 3.327381
1.874 3.327721
1.876 3.326701
1.878 3.325441
1.880 3.324656
1.882 3.324269
1.884 3.323913
1.886 3.323395
1.888 3.322762
1.890 3.322124
1.892 3.321532
1.894 3.320969
1.896 3.320404
1.898 3.319825
1.900 3.319239
1.902 3.318655
1.904 3.318077
1.906 3.317500
1.908 3.316922
1.910 3.316342
1.912 3.315763
1.914 3.315183
1.916 3.314604
1.918 3.314026
1.920 3.313447
1.922 3.312867
1.924 3.312288
1.926 3.311710
1.928 3.311131
1.930 3.310552
1.932 3.309973
1.934 3.309394
1.936 3.308816
1.938 3.308237
1.940 3.307658
1.942 3.307079
1.944 3.306500
1.946 3.305921
1.948 3.305342
1.950 3.304763
1.952 3.305107
1.954 3.305937
1.956 3.304067
1.958 3.301950
1.960 3.301040
1.962 3.300979
1.964 3.300893
1.966 3.300404
1.968 3.299670
1.970 3.298952
1.972 3.298348
1.974 3.297805
1.976 3.297249
1.978 3.296662
1.980 3.296063
1.982 3.295472
1.984 3.294891
1.986 3.294314
1.988 3.293736
1.990 3.293154
1.992 3.292573
1.994 3.291992
1.996 3.291412
1.998 3.290833
2.000 3.290253
2.002 3.290597
2.004 3.289580
2.006 3.288324
2.008 3.287541
2.010 3.287157
2.012 3.286803
2.014 3.286288
2.016 3.285656
2.018 3.285020
2.020 3.284431
2.022 3.283870
2.024 3.283306
2.026 3.282729
2.028 3.282145
2.030 3.281563
2.032 3.280986
2.034 3.280410
2.036 3.279833
2.038 3.279256
2.040 3.278677
2.042 3.278099
2.044 3.277521
2.046 3.276943
2.048 3.276366
2.050 3.275788
2.052 3.275210
2.054 3.274631
2.056 3.274053
2.058 3.273475
2.060 3.272897
2.062 3.272319
2.064 3.271740
2.066 3.271162
2.068 3.270584
2.070 3.269082
2.072 3.268941
2.074 3.269040
2.076 3.268665
2.078 3.267892
2.080 3.267089
2.082 3.266447
2.084 3.265922
2.086 3.265401
2.088 3.264834
2.090 3.264238
2.092 3.263645
2.094 3.263065
2.096 3.262492
2.098 3.261918
2.100 3.261338
2.102 3.260757
2.104 3.260176
2.106 3.259597
2.108 3.259019
2.110 3.258440
2.112 3.257860
2.114 3.257281
2.116 3.256702
2.118 3.256123
2.120 3.255544
2.122 3.254965
2.124 3.253462
2.126 3.253321
2.128 3.253420
2.130 3.253044
2.132 3.252270
2.134 3.251466
2.136 3.251747
2.138 3.250783
2.140 3.249584
2.142 3.248812
2.144 3.248410
2.146 3.248041
2.148 3.247524
2.150 3.246898
2.152 3.246265
2.154 3.245674
2.156 3.245110
2.158 3.244544
2.160 3.243965
2.162 3.243380
2.164 3.242798
2.166 3.242219
2.168 3.242565
2.170 3.241549
2.172 3.240292
2.174 3.239509
2.176 3.239124
2.178 3.238770
2.180 3.238254
2.182 3.237622
2.184 3.236986
2.186 3.236395
2.188 3.235834
2.190 3.235270
2.192 3.234692
2.194 3.234107
2.196 3.233524
2.198 3.232946
2.200 3.232370
2.202 3.231792
2.204 3.231214
2.206 3.230634
2.208 3.230055
2.210 3.229477
2.212 3.228898
2.214 3.228320
2.216 3.227741
2.218 3.227162
2.220 3.226583
2.222 3.226004
2.224 3.225425
2.226 3.224847
2.228 3.224267
2.230 3.223688
2.232 3.223109
2.234 3.222530
2.236 3.221951
2.238 3.221373
2.240 3.220794
2.242 3.220215
2.244 3.219636
2.246 3.219057
2.248 3.218478
2.250 3.217899
2.252 3.217320
2.254 3.216740
2.256 3.216161
2.258 3.215582
2.260 3.215003
2.262 3.214424
2.264 3.213845
2.266 3.213266
2.268 3.212687
2.270 3.212107
2.272 3.211528
2.274 3.210949
2.276 3.210371
2.278 3.209791
2.280 3.209212
2.282 3.208633
2.284 3.208054
2.286 3.207475
2.288 3.206896
2.290 3.206317
2.292 3.205738
2.294 3.205159
2.296 3.204580
2.298 3.204001
2.300 3.203421
2.302 3.202842
2.304 3.202263
2.306 3.201684
2.308 3.201105
2.310 3.200526
2.312 3.199947
2.314 3.200291
2.316 3.199273
2.318 3.198017
2.320 3.197234
2.322 3.196849
2.324 3.196494
2.326 3.195979
2.328 3.195346
2.330 3.194710
2.332 3.194120
2.334 3.193558
2.336 3.192993
2.338 3.192415
2.340 3.191830
2.342 3.191247
2.344 3.190669
2.346 3.190092
2.348 3.189515
2.350 3.188936
2.352 3.188357
2.354 3.187778
2.356 3.187199
2.358 3.186621
2.360 3.186042
2.362 3.185463
2.364 3.184884
2.366 3.184305
2.368 3.183726
2.370 3.183147
2.372 3.182568
2.374 3.181989
2.376 3.181410
2.378 3.180832
2.380 3.180253
2.382 3.179674
2.384 3.179095
2.386 3.178516
2.388 3.177937
2.390 3.178281
2.392 3.177264
2.394 3.176007
2.396 3.175224
2.398 3.174840
2.400 3.174485
2.402 3.173970
2.404 3.173338
2.406 3.172701
2.408 3.172111
2.410 3.171549
2.412 3.170985
2.414 3.170407
2.416 3.169822
2.418 3.169239
2.420 3.168661
2.422 3.168085
2.424 3.167507
2.426 3.166928
2.428 3.166349
2.430 3.165770
2.432 3.165192
2.434 3.164613
2.436 3.164034
2.438 3.163456
2.440 3.162877
2.442 3.162298
2.444 3.161719
2.446 3.161140
2.448 3.160561
2.450 3.159982
2.452 3.159403
2.454 3.158824
2.456 3.158245
2.458 3.157666
2.460 3.157088
2.462 3.156508
2.464 3.155929
2.466 3.155350
2.468 3.154771
2.470 3.154192
2.472 3.153613
2.474 3.153034
2.476 3.152455
2.478 3.151876
2.480 3.151297
2.482 3.150718
2.484 3.150139
2.486 3.149560
2.488 3.148981
2.490 3.148402
2.492 3.147823
2.494 3.147243
2.496 3.146664
2.498 3.146085
2.500 3.145506
2.502 3.144927
2.504 3.144348
2.506 3.143769
2.508 3.143190
2.510 3.143534
2.512 3.142517
2.514 3.141260
2.516 3.140477
2.518 3.140092
2.520 3.139737
2.522 3.139221
2.524 3.138589
2.526 3.137953
2.528 3.137363
2.530 3.136801
2.532 3.136237
2.534 3.135658
2.536 3.135073
2.538 3.134491
2.540 3.133912
2.542 3.133336
2.544 3.132759
2.546 3.132180
2.548 3.131601
2.550 3.131022
2.552 3.130443
2.554 3.129865
2.556 3.129286
2.558 3.128707
2.560 3.128128
2.562 3.127549
2.564 3.126970
2.566 3.126392
2.568 3.125812
2.570 3.125233
2.572 3.124654
2.574 3.124076
2.576 3.123497
2.578 3.122917
2.580 3.122338
2.582 3.121759
2.584 3.121180
2.586 3.120601
2.588 3.120022
2.590 3.120366
2.592 3.121196
2.594 3.121834
2.596 3.121152
2.598 3.119784
2.600 3.119555
2.602 3.117524
2.604 3.114079
2.606 3.113537
2.608 3.113470
2.610 3.113353
2.612 3.112957
2.614 3.112362
2.616 3.111731
2.618 3.111139
2.620 3.110576
2.622 3.110012
2.624 3.110358
2.626 3.109340
2.628 3.108087
2.630 3.107315
2.632 3.106943
2.634 3.106599
2.636 3.106091
2.638 3.105466
2.640 3.104836
2.642 3.104252
2.644 3.103697
2.646 3.103138
2.648 3.103489
2.650 3.102471
2.652 3.101215
2.654 3.100438
2.656 3.100060
2.658 3.099711
2.660 3.099199
2.662 3.098571
2.664 3.097938
2.666 3.097351
2.668 3.096793
2.670 3.097155
2.672 3.097989
2.674 3.096777
2.676 3.094199
2.678 3.093657
2.680 3.093979
2.682 3.093919
2.684 3.092322
2.686 3.090956
2.688 3.090416
2.690 3.090259
2.692 3.089955
2.694 3.089379
2.696 3.088690
2.698 3.088047
2.700 3.087478
2.702 3.086934
2.704 3.086374
2.706 3.085794
2.708 3.085210
2.710 3.084632
2.712 3.084060
2.714 3.083488
2.716 3.082914
2.718 3.082337
2.720 3.081761
2.722 3.081185
2.724 3.080609
2.726 3.080033
2.728 3.079456
2.730 3.078879
2.732 3.078302
2.734 3.077725
2.736 3.077148
2.738 3.076571
2.740 3.075994
2.742 3.075416
2.744 3.074839
2.746 3.074261
2.748 3.073684
2.750 3.073106
2.752 3.072528
2.754 3.071950
2.756 3.071372
2.758 3.070794
2.760 3.070216
2.762 3.069637
2.764 3.069059
2.766 3.068481
2.768 3.067902
2.770 3.067324
2.772 3.066745
2.774 3.066167
2.776 3.065588
2.778 3.065010
2.780 3.064431
2.782 3.063852
2.784 3.063273
2.786 3.062694
2.788 3.062116
2.790 3.061537
2.792 3.060958
2.794 3.060379
2.796 3.059800
2.798 3.059221
2.800 3.058643
2.802 3.058064
2.804 3.057485
2.806 3.056905
2.808 3.056327
2.810 3.055748
2.812 3.055169
2.814 3.054590
2.816 3.054011
2.818 3.053432
2.820 3.052853
2.822 3.052274
2.824 3.051694
2.826 3.051115
2.828 3.050536
2.830 3.049957
2.832 3.049378
2.834 3.048798
2.836 3.048219
2.838 3.047640
2.840 3.047061
2.842 3.046481
2.844 3.045902
2.846 3.045323
2.848 3.044743
2.850 3.044164
2.852 3.043585
2.854 3.043005
2.856 3.042426
2.858 3.041847
2.860 3.041268
2.862 3.040688
2.864 3.040109
2.866 3.039530
2.868 3.038951
2.870 3.037448
2.872 3.037306
2.874 3.037404
2.876 3.037028
2.878 3.036255
2.880 3.035451
2.882 3.034808
2.884 3.034282
2.886 3.033760
2.888 3.033192
2.890 3.032596
2.892 3.032002
2.894 3.031422
2.896 3.030848
2.898 3.030273
2.900 3.029693
2.902 3.029111
2.904 3.028530
2.906 3.027951
2.908 3.027372
2.910 3.026792
2.912 3.026213
2.914 3.025633
2.916 3.025053
2.918 3.024473
2.920 3.023894
2.922 3.023314
2.924 3.022735
2.926 3.022156
2.928 3.021576
2.930 3.020996
2.932 3.021340
2.934 3.020323
2.936 3.019065
2.938 3.018282
2.940 3.017898
2.942 3.017543
2.944 3.017026
2.946 3.016394
2.948 3.015757
2.950 3.015166
2.952 3.014605
2.954 3.014041
2.956 3.013462
2.958 3.011030
2.960 3.010399
2.962 3.011614
2.964 3.012122
2.966 3.011358
2.968 3.010135
2.970 3.009204
2.972 3.008669
2.974 3.008258
2.976 3.007759
2.978 3.007157
2.980 3.006531
2.982 3.005936
2.984 3.005367
2.986 3.004802
2.988 3.004225
2.990 3.003640
2.992 3.003055
2.994 3.003397
2.996 3.002380
2.998 3.001123
3.000 3.000340
3.002 2.999953
3.004 2.999597
3.006 2.999081
3.008 2.998448
3.010 2.997811
3.012 2.997220
3.014 2.996657
3.016 2.996092
3.018 2.995513
3.020 2.994927
3.022 2.994344
3.024 2.993765
3.026 2.993188
3.028 2.992611
3.030 2.992031
3.032 2.991452
3.034 2.990872
3.036 2.990293
3.038 2.989714
3.040 2.989135
3.042 2.989479
3.044 2.990308
3.046 2.990946
3.048 2.989036
3.050 2.986337
3.052 2.985064
3.054 2.985016
3.056 2.985065
3.058 2.984615
3.060 2.983800
3.062 2.982970
3.064 2.982290
3.066 2.981709
3.068 2.981130
3.070 2.980514
3.072 2.979883
3.074 2.979262
3.076 2.978659
3.078 2.978065
3.080 2.977471
3.082 2.976875
3.084 2.976281
3.086 2.975689
3.088 2.975101
3.090 2.974515
3.092 2.973929
3.094 2.973345
3.096 2.972762
3.098 2.972180
3.100 2.971599
3.102 2.971018
3.104 2.970439
3.106 2.969860
3.108 2.969282
3.110 2.968704
3.112 2.968127
3.114 2.967550
3.116 2.966973
3.118 2.966397
3.120 2.965821
3.122 2.965244
3.124 2.964668
3.126 2.964093
3.128 2.963517
3.130 2.962941
3.132 2.962366
3.134 2.961790
3.136 2.961214
3.138 2.960639
3.140 2.960063
3.142 2.959488
3.144 2.958912
3.146 2.958336
3.148 2.957760
3.150 2.957185
3.152 2.956609
3.154 2.956033
3.156 2.955457
3.158 2.954881
3.160 2.954305
3.162 2.953728
3.164 2.953152
3.166 2.952575
3.168 2.951999
3.170 2.951422
3.172 2.950845
3.174 2.950269
3.176 2.949692
3.178 2.949115
3.180 2.948538
3.182 2.947961
3.184 2.947384
3.186 2.946807
3.188 2.946230
3.190 2.945653
3.192 2.945075
3.194 2.944498
3.196 2.943920
3.198 2.943343
3.200 2.942766
3.202 2.942188
3.204 2.941610
3.206 2.941032
3.208 2.940454
3.210 2.939877
3.212 2.939299
3.214 2.938721
3.216 2.938143
3.218 2.937565
3.220 2.936987
3.222 2.935485
3.224 2.935345
3.226 2.935444
3.228 2.935069
3.230 2.933373
3.232 2.933007
3.234 2.933043
3.236 2.932722
3.238 2.932006
3.240 2.931214
3.242 2.930555
3.244 2.930015
3.246 2.929493
3.248 2.928932
3.250 2.928340
3.252 2.927746
3.254 2.927163
3.256 2.926589
3.258 2.926014
3.260 2.925435
3.262 2.924854
3.264 2.924273
3.266 2.923693
3.268 2.923114
3.270 2.923458
3.272 2.922441
3.274 2.921183
3.276 2.920401
3.278 2.920016
3.280 2.919661
3.282 2.919145
3.284 2.918512
3.286 2.917876
3.288 2.917285
3.290 2.916723
3.292 2.916159
3.294 2.915581
3.296 2.914996
3.298 2.914413
3.300 2.913834
3.302 2.913258
3.304 2.912680
3.306 2.912101
3.308 2.911522
3.310 2.911866
3.312 2.910849
3.314 2.909593
3.316 2.908810
3.318 2.908426
3.320 2.908071
3.322 2.907555
3.324 2.906924
3.326 2.906287
3.328 2.905697
3.330 2.905135
3.332 2.904571
3.334 2.903993
3.336 2.903408
3.338 2.902826
3.340 2.902248
3.342 2.902595
3.344 2.901579
3.346 2.900323
3.348 2.899540
3.350 2.900079
3.352 2.899288
3.354 2.898094
3.356 2.897259
3.358 2.896817
3.360 2.896452
3.362 2.895954
3.364 2.895337
3.366 2.894701
3.368 2.894105
3.370 2.893540
3.372 2.892977
3.374 2.892402
3.376 2.891819
3.378 2.891237
3.380 2.890658
3.382 2.890082
3.384 2.889505
3.386 2.888927
3.388 2.888348
3.390 2.887770
3.392 2.887191
3.394 2.886613
3.396 2.886035
3.398 2.885457
3.400 2.884878
3.402 2.885223
3.404 2.884206
3.406 2.882950
3.408 2.882168
3.410 2.881783
3.412 2.881429
3.414 2.881837
3.416 2.881690
3.418 2.879939
3.420 2.878467
3.422 2.877897
3.424 2.877752
3.426 2.877462
3.428 2.876887
3.430 2.876194
3.432 2.875547
3.434 2.874977
3.436 2.874433
3.438 2.873870
3.440 2.873286
3.442 2.872697
3.444 2.872116
3.446 2.871541
3.448 2.871890
3.450 2.870875
3.452 2.870542
3.454 2.869322
3.456 2.868261
3.458 2.867705
3.460 2.867384
3.462 2.866977
3.464 2.866405
3.466 2.865762
3.468 2.865144
3.470 2.864569
3.472 2.864009
3.474 2.863440
3.476 2.862859
3.478 2.862275
3.480 2.861695
3.482 2.861119
3.484 2.860543
3.486 2.859967
3.488 2.859388
3.490 2.858810
3.492 2.858231
3.494 2.857653
3.496 2.857075
3.498 2.856497
3.500 2.855919
3.502 2.855341
3.504 2.854762
3.506 2.854184
3.508 2.853606
3.510 2.853027
3.512 2.852449
3.514 2.851870
3.516 2.851292
3.518 2.850713
3.520 2.850134
3.522 2.849556
3.524 2.848977
3.526 2.848398
3.528 2.847819
3.530 2.847240
3.532 2.846662
3.534 2.846083
3.536 2.845504
3.538 2.844925
3.540 2.844346
3.542 2.843767
3.544 2.843188
3.546 2.842610
3.548 2.842030
3.550 2.841451
3.552 2.841796
3.554 2.840779
3.556 2.839522
3.558 2.838740
3.560 2.838355
3.562 2.838000
3.564 2.837484
3.566 2.836852
3.568 2.836216
3.570 2.835626
3.572 2.835064
3.574 2.834500
3.576 2.833922
3.578 2.833337
3.580 2.832754
3.582 2.832176
3.584 2.831599
3.586 2.831022
3.588 2.830444
3.590 2.829864
3.592 2.829285
3.594 2.828707
3.596 2.828128
3.598 2.827549
3.600 2.826970
3.602 2.826391
3.604 2.825813
3.606 2.825234
3.608 2.824655
3.610 2.824076
3.612 2.823497
3.614 2.822918
3.616 2.822339
3.618 2.821760
3.620 2.821181
3.622 2.820602
3.624 2.820023
3.626 2.819444
3.628 2.818865
3.630 2.818286
3.632 2.817707
3.634 2.817128
3.636 2.816549
3.638 2.815970
3.640 2.816314
3.642 2.815297
3.644 2.814963
3.646 2.813743
3.648 2.812680
3.650 2.812122
3.652 2.811801
3.654 2.811393
3.656 2.810820
3.658 2.810177
3.660 2.809558
3.662 2.808982
3.664 2.808421
3.666 2.807851
3.668 2.807269
3.670 2.806685
3.672 2.806105
3.674 2.805528
3.676 2.804952
3.678 2.804374
3.680 2.803795
3.682 2.803217
3.684 2.802638
3.686 2.802060
3.688 2.801482
3.690 2.800903
3.692 2.800325
3.694 2.799746
3.696 2.799167
3.698 2.798588
3.700 2.798010
3.702 2.797431
3.704 2.796852
3.706 2.796273
3.708 2.795694
3.710 2.795115
3.712 2.794537
3.714 2.793958
3.716 2.793379
3.718 2.792800
3.720 2.792221
3.722 2.791642
3.724 2.791063
3.726 2.790484
3.728 2.789905
3.730 2.789326
3.732 2.788748
3.734 2.788169
3.736 2.787589
3.738 2.787010
3.740 2.786431
3.742 2.785852
3.744 2.785273
3.746 2.784694
3.748 2.784115
3.750 2.782613
3.752 2.782471
3.754 2.782569
3.756 2.782194
3.758 2.781420
3.760 2.780617
3.762 2.779974
3.764 2.779448
3.766 2.779850
3.768 2.778844
3.770 2.777570
3.772 2.776772
3.774 2.776387
3.776 2.776038
3.778 2.775526
3.780 2.774893
3.782 2.774255
3.784 2.773662
3.786 2.773101
3.788 2.772536
3.790 2.771958
3.792 2.771372
3.794 2.770789
3.796 2.771134
3.798 2.770119
3.800 2.768864
3.802 2.768081
3.804 2.767696
3.806 2.767341
3.808 2.766826
3.810 2.766194
3.812 2.765557
3.814 2.764967
3.816 2.764405
3.818 2.763841
3.820 2.763263
3.822 2.762678
3.824 2.762095
3.826 2.761517
3.828 2.760941
3.830 2.759440
3.832 2.759299
3.834 2.759397
3.836 2.759022
3.838 2.758249
3.840 2.757445
3.842 2.756803
3.844 2.756278
3.846 2.755756
3.848 2.755189
3.850 2.754592
3.852 2.753999
3.854 2.753419
3.856 2.752846
3.858 2.752271
3.860 2.751691
3.862 2.751110
3.864 2.751452
3.866 2.750435
3.868 2.749178
3.870 2.748396
3.872 2.748010
3.874 2.747655
3.876 2.747139
3.878 2.746507
3.880 2.745871
3.882 2.745280
3.884 2.744718
3.886 2.744153
3.888 2.743575
3.890 2.742990
3.892 2.742407
3.894 2.741829
3.896 2.741252
3.898 2.740675
3.900 2.740096
3.902 2.739516
3.904 2.738937
3.906 2.738358
3.908 2.737780
3.910 2.737201
3.912 2.736622
3.914 2.736043
3.916 2.735464
3.918 2.734885
3.920 2.734306
3.922 2.733727
3.924 2.733148
3.926 2.732569
3.928 2.732913
3.930 2.731896
3.932 2.730639
3.934 2.729856
3.936 2.729472
3.938 2.729117
3.940 2.728602
3.942 2.727969
3.944 2.727333
3.946 2.726742
3.948 2.726181
3.950 2.725617
3.952 2.725039
3.954 2.724454
3.956 2.723871
3.958 2.724216
3.960 2.723201
3.962 2.721946
3.964 2.721164
3.966 2.720779
3.968 2.720425
3.970 2.719909
3.972 2.719278
3.974 2.718642
3.976 2.718051
3.978 2.717490
3.980 2.716926
3.982 2.716348
3.984 2.715763
3.986 2.715181
3.988 2.714603
3.990 2.714950
3.992 2.715781
3.994 2.716419
3.996 2.714814
3.998 2.711114
4.000 2.709184
4.002 2.709295
4.004 2.709853
4.006 2.709749
4.008 2.709010
4.010 2.708148
4.012 2.707470
4.014 2.706951
4.016 2.706448
4.018 2.705886
4.020 2.705284
4.022 2.704687
4.024 2.704110
4.026 2.703545
4.028 2.702977
4.030 2.702402
4.032 2.701824
4.034 2.701246
4.036 2.700670
4.038 2.700095
4.040 2.699519
4.042 2.698942
4.044 2.698365
4.046 2.697788
4.048 2.697211
4.050 2.696634
4.052 2.696057
4.054 2.695480
4.056 2.694902
4.058 2.694325
4.060 2.693747
4.062 2.693170
4.064 2.692592
4.066 2.692014
4.068 2.691436
4.070 2.690858
4.072 2.690280
4.074 2.689702
4.076 2.689124
4.078 2.688546
4.080 2.687967
4.082 2.687389
4.084 2.686810
4.086 2.686232
4.088 2.685654
4.090 2.685075
4.092 2.684497
4.094 2.683918
4.096 2.683340
4.098 2.682761
4.100 2.682182
4.102 2.681604
4.104 2.681025
4.106 2.680446
4.108 2.679867
4.110 2.679289
4.112 2.678710
4.114 2.678131
4.116 2.677552
4.118 2.676973
4.120 2.676394
4.122 2.675815
4.124 2.675236
4.126 2.674657
4.128 2.674078
4.130 2.673499
4.132 2.672920
4.134 2.672341
4.136 2.671762
4.138 2.671183
4.140 2.670604
4.142 2.670025
4.144 2.669446
4.146 2.668867
4.148 2.668288
4.150 2.667709
4.152 2.667130
4.154 2.666551
4.156 2.665972
4.158 2.665393
4.160 2.664813
4.162 2.664234
4.164 2.663655
4.166 2.663076
4.168 2.662497
4.170 2.661918
4.172 2.661339
4.174 2.660759
4.176 2.660180
4.178 2.659601
4.180 2.659022
4.182 2.658442
4.184 2.657863
4.186 2.657284
4.188 2.656705
4.190 2.656126
4.192 2.655546
4.194 2.654967
4.196 2.654388
4.198 2.653809
4.200 2.653230
4.202 2.652651
4.204 2.652071
4.206 2.651492
4.208 2.650913
4.210 2.650334
4.212 2.649755
4.214 2.649176
4.216 2.648597
4.218 2.648017
4.220 2.647438
4.222 2.646859
4.224 2.646280
4.226 2.645701
4.228 2.645121
4.230 2.644542
4.232 2.643963
4.234 2.643384
4.236 2.642804
4.238 2.642225
4.240 2.641646
4.242 2.641066
4.244 2.640487
4.246 2.639908
4.248 2.639329
4.250 2.638750
4.252 2.638171
4.254 2.637592
4.256 2.637013
4.258 2.636433
4.260 2.635854
4.262 2.635275
4.264 2.634696
4.266 2.634116
4.268 2.633537
4.270 2.632958
4.272 2.632379
4.274 2.631800
4.276 2.631221
4.278 2.631565
4.280 2.630547
4.282 2.629290
4.284 2.628507
4.286 2.628123
4.288 2.627768
4.290 2.627252
4.292 2.626620
4.294 2.625983
4.296 2.625393
4.298 2.624831
4.300 2.624267
4.302 2.623689
4.304 2.623104
4.306 2.622521
4.308 2.621942
4.310 2.621366
4.312 2.620788
4.314 2.620210
4.316 2.619631
4.318 2.619051
4.320 2.618473
4.322 2.617894
4.324 2.617315
4.326 2.616736
4.328 2.616157
4.330 2.615578
4.332 2.615000
4.334 2.614421
4.336 2.613842
4.338 2.613263
4.340 2.612684
4.342 2.612104
4.344 2.611525
4.346 2.610946
4.348 2.610367
4.350 2.609788
4.352 2.610132
4.354 2.610962
4.356 2.609092
4.358 2.606975
4.360 2.606065
4.362 2.606004
4.364 2.605918
4.366 2.605429
4.368 2.604694
4.370 2.603977
4.372 2.603373
4.374 2.602829
4.376 2.602273
4.378 2.601686
4.380 2.601087
4.382 2.600496
4.384 2.599915
4.386 2.599338
4.388 2.598760
4.390 2.598178
4.392 2.597596
4.394 2.597015
4.396 2.596436
4.398 2.595856
4.400 2.595277
4.402 2.594698
4.404 2.594118
4.406 2.593539
4.408 2.592960
4.410 2.592381
4.412 2.591803
4.414 2.591224
4.416 2.590645
4.418 2.590067
4.420 2.589488
4.422 2.588910
4.424 2.588332
4.426 2.587753
4.428 2.587175
4.430 2.586597
4.432 2.586018
4.434 2.585440
4.436 2.584862
4.438 2.584283
4.440 2.583705
4.442 2.583127
4.444 2.582548
4.446 2.581970
4.448 2.581392
4.450 2.580813
4.452 2.581158
4.454 2.580141
4.456 2.578885
4.458 2.578103
4.460 2.577719
4.462 2.577365
4.464 2.576850
4.466 2.576218
4.468 2.575582
4.470 2.575916
4.472 2.576763
4.474 2.577416
4.476 2.575522
4.478 2.572819
4.480 2.572460
4.482 2.572893
4.484 2.571829
4.486 2.570501
4.488 2.569677
4.490 2.569267
4.492 2.568874
4.494 2.568304
4.496 2.567614
4.498 2.566930
4.500 2.566305
4.502 2.565716
4.504 2.565129
4.506 2.564530
4.508 2.563927
4.510 2.563330
4.512 2.562739
4.514 2.562152
4.516 2.561566
4.518 2.560980
4.520 2.560395
4.522 2.559811
4.524 2.559229
4.526 2.558649
4.528 2.558069
4.530 2.557489
4.532 2.556911
4.534 2.555409
4.536 2.555269
4.538 2.555370
4.540 2.554997
4.542 2.554226
4.544 2.553426
4.546 2.552786
4.548 2.552263
4.550 2.551745
4.552 2.551181
4.554 2.550589
4.556 2.549999
4.558 2.549423
4.560 2.548854
4.562 2.548282
4.564 2.547706
4.566 2.547128
4.568 2.546551
4.570 2.545976
4.572 2.545401
4.574 2.544825
4.576 2.544249
4.578 2.543673
4.580 2.543097
4.582 2.540674
4.584 2.540050
4.586 2.541268
4.588 2.541776
4.590 2.539590
4.592 2.536509
4.594 2.536213
4.596 2.537918
4.598 2.539491
4.600 2.539073
4.602 2.537500
4.604 2.536129
4.606 2.535428
4.608 2.535077
4.610 2.534669
4.612 2.534085
4.614 2.533425
4.616 2.532794
4.618 2.532214
4.620 2.531650
4.622 2.531073
4.624 2.530480
4.626 2.529885
4.628 2.529296
4.630 2.528712
4.632 2.529052
4.634 2.529878
4.636 2.528004
4.638 2.525883
4.640 2.524969
4.642 2.524905
4.644 2.524816
4.646 2.524326
4.648 2.523589
4.650 2.522870
4.652 2.522265
4.654 2.521720
4.656 2.521163
4.658 2.520575
4.660 2.519975
4.662 2.519383
4.664 2.518802
4.666 2.518226
4.668 2.517647
4.670 2.517065
4.672 2.516484
4.674 2.516826
4.676 2.515808
4.678 2.514551
4.680 2.514692
4.682 2.513870
4.684 2.512838
4.686 2.512118
4.688 2.511681
4.690 2.511270
4.692 2.510744
4.694 2.510130
4.696 2.509509
4.698 2.508921
4.700 2.508354
4.702 2.507787
4.704 2.507211
4.706 2.506630
4.708 2.506050
4.710 2.505474
4.712 2.504898
4.714 2.504323
4.716 2.503745
4.718 2.503168
4.720 2.502590
4.722 2.502013
4.724 2.501436
4.726 2.500859
4.728 2.500282
4.730 2.499704
4.732 2.499127
4.734 2.498550
4.736 2.497972
4.738 2.497394
4.740 2.496816
4.742 2.496238
4.744 2.495661
4.746 2.495083
4.748 2.494505
4.750 2.493927
4.752 2.493349
4.754 2.492771
4.756 2.492193
4.758 2.491615
4.760 2.491037
4.762 2.490459
4.764 2.489881
4.766 2.489303
4.768 2.488724
4.770 2.488146
4.772 2.487568
4.774 2.486989
4.776 2.486411
4.778 2.485833
4.780 2.485254
4.782 2.484676
4.784 2.484097
4.786 2.483518
4.788 2.482940
4.790 2.482361
4.792 2.481782
4.794 2.481204
4.796 2.480625
4.798 2.480046
4.800 2.479468
4.802 2.478889
4.804 2.478310
4.806 2.477732
4.808 2.477153
4.810 2.476574
4.812 2.475995
4.814 2.475417
4.816 2.474838
4.818 2.474259
4.820 2.473680
4.822 2.473101
4.824 2.472523
4.826 2.471944
4.828 2.471365
4.830 2.470787
4.832 2.470208
4.834 2.469629
4.836 2.469050
4.838 2.468471
4.840 2.467892
4.842 2.467313
4.844 2.466734
4.846 2.466155
4.848 2.465576
4.850 2.464997
4.852 2.464418
4.854 2.463839
4.856 2.463260
4.858 2.462681
4.860 2.462102
4.862 2.461523
4.864 2.460944
4.866 2.460365
4.868 2.459786
4.870 2.459207
4.872 2.458628
4.874 2.458049
4.876 2.457470
4.878 2.456891
4.880 2.456312
4.882 2.455733
4.884 2.455154
4.886 2.454575
4.888 2.453996
4.890 2.453417
4.892 2.452837
4.894 2.452258
4.896 2.451679
4.898 2.451100
4.900 2.450521
4.902 2.449942
4.904 2.449363
4.906 2.448784
4.908 2.448205
4.910 2.447626
4.912 2.447970
4.914 2.446953
4.916 2.445696
4.918 2.444913
4.920 2.444528
4.922 2.444174
4.924 2.443658
4.926 2.443026
4.928 2.442390
4.930 2.441799
4.932 2.441237
4.934 2.440673
4.936 2.440095
4.938 2.439510
4.940 2.438927
4.942 2.438349
4.944 2.437773
4.946 2.437195
4.948 2.436616
4.950 2.436037
4.952 2.436381
4.954 2.435364
4.956 2.434108
4.958 2.433326
4.960 2.432941
4.962 2.432587
4.964 2.432072
4.966 2.431439
4.968 2.430803
4.970 2.430213
4.972 2.429652
4.974 2.429088
4.976 2.428510
4.978 2.427925
4.980 2.427342
4.982 2.426764
4.984 2.426188
4.986 2.425611
4.988 2.425032
4.990 2.425376
4.992 2.424359
4.994 2.423103
4.996 2.422321
4.998 2.421936
5.000 2.421582
5.002 2.421066
5.004 2.420434
5.006 2.419798
5.008 2.419208
5.010 2.418647
5.012 2.418083
5.014 2.417505
5.016 2.416920
5.018 2.416338
5.020 2.415760
5.022 2.415184
5.024 2.414606
5.026 2.414028
5.028 2.413449
5.030 2.412870
5.032 2.412292
5.034 2.411713
5.036 2.411134
5.038 2.410556
5.040 2.409977
5.042 2.409398
5.044 2.408819
5.046 2.408240
5.048 2.407662
5.050 2.407083
5.052 2.406504
5.054 2.405925
5.056 2.405346
5.058 2.404767
5.060 2.404189
5.062 2.403610
5.064 2.403031
5.066 2.402451
5.068 2.401873
5.070 2.401294
5.072 2.400715
5.074 2.400136
5.076 2.399557
5.078 2.399901
5.080 2.398884
5.082 2.397627
5.084 2.396844
5.086 2.396460
5.088 2.396106
5.090 2.395590
5.092 2.394957
5.094 2.394321
5.096 2.393731
5.098 2.393169
5.100 2.392605
5.102 2.392027
5.104 2.391442
5.106 2.390859
5.108 2.390281
5.110 2.389704
5.112 2.389127
5.114 2.388548
5.116 2.387969
5.118 2.387390
5.120 2.386811
5.122 2.386233
5.124 2.385654
5.126 2.385075
5.128 2.384496
5.130 2.383917
5.132 2.383339
5.134 2.382760
5.136 2.382181
5.138 2.381602
5.140 2.381023
5.142 2.380444
5.144 2.379865
5.146 2.379286
5.148 2.378707
5.150 2.378128
5.152 2.377549
5.154 2.376970
5.156 2.376391
5.158 2.375812
5.160 2.375233
5.162 2.374654
5.164 2.374074
5.166 2.373495
5.168 2.372916
5.170 2.372337
5.172 2.371758
5.174 2.371179
5.176 2.370600
5.178 2.370021
5.180 2.369442
5.182 2.368863
5.184 2.368284
5.186 2.367704
5.188 2.367126
5.190 2.366547
5.192 2.365967
5.194 2.365388
5.196 2.364809
5.198 2.364230
5.200 2.363651
5.202 2.363072
5.204 2.362493
5.206 2.361914
5.208 2.361335
5.210 2.360756
5.212 2.360176
5.214 2.359597
5.216 2.359018
5.218 2.358439
5.220 2.357859
5.222 2.357280
5.224 2.356701
5.226 2.356122
5.228 2.355542
5.230 2.354963
5.232 2.354385
5.234 2.353805
5.236 2.353226
5.238 2.352647
5.240 2.352068
5.242 2.351489
5.244 2.350910
5.246 2.350330
5.248 2.349751
5.250 2.349172
5.252 2.348593
5.254 2.348014
5.256 2.347435
5.258 2.346856
5.260 2.346276
5.262 2.345697
5.264 2.345118
5.266 2.344539
5.268 2.343960
5.270 2.344304
5.272 2.345133
5.274 2.345771
5.276 2.343861
5.278 2.341162
5.280 2.339889
5.282 2.339841
5.284 2.339890
5.286 2.339440
5.288 2.338624
5.290 2.337795
5.292 2.337115
5.294 2.336534
5.296 2.335954
5.298 2.335338
5.300 2.334707
5.302 2.335010
5.304 2.333969
5.306 2.332697
5.308 2.331900
5.310 2.331499
5.312 2.331128
5.314 2.331523
5.316 2.330444
5.318 2.329122
5.320 2.328322
5.322 2.327950
5.324 2.327606
5.326 2.327088
5.328 2.326448
5.330 2.325807
5.332 2.325217
5.334 2.324658
5.336 2.324097
5.338 2.323520
5.340 2.322937
5.342 2.322356
5.344 2.321781
5.346 2.321208
5.348 2.320634
5.350 2.320058
5.352 2.319482
5.354 2.318907
5.356 2.318332
5.358 2.317757
5.360 2.317182
5.362 2.316607
5.364 2.316032
5.366 2.314534
5.368 2.314396
5.370 2.314498
5.372 2.314126
5.374 2.313357
5.376 2.312557
5.378 2.311918
5.380 2.312319
5.382 2.311363
5.384 2.310120
5.386 2.309324
5.388 2.308927
5.390 2.306728
5.392 2.306174
5.394 2.307341
5.396 2.307792
5.398 2.307016
5.400 2.306734
5.402 2.305383
5.404 2.304173
5.406 2.303555
5.408 2.303249
5.410 2.302873
5.412 2.302315
5.414 2.301669
5.416 2.301046
5.418 2.300471
5.420 2.299913
5.422 2.299344
5.424 2.298762
5.426 2.298177
5.428 2.297596
5.430 2.297019
5.432 2.297366
5.434 2.296351
5.436 2.295094
5.438 2.294312
5.440 2.293928
5.442 2.293574
5.444 2.293060
5.446 2.292428
5.448 2.291793
5.450 2.291203
5.452 2.290642
5.454 2.290078
5.456 2.289501
5.458 2.288916
5.460 2.288334
5.462 2.288680
5.464 2.287666
5.466 2.286411
5.468 2.285629
5.470 2.285245
5.472 2.284891
5.474 2.284376
5.476 2.283745
5.478 2.283109
5.480 2.282519
5.482 2.281958
5.484 2.281395
5.486 2.280817
5.488 2.280233
5.490 2.279650
5.492 2.279073
5.494 2.278497
5.496 2.277920
5.498 2.277341
5.500 2.276762
5.502 2.276184
5.504 2.275605
5.506 2.275027
5.508 2.274449
5.510 2.274793
5.512 2.274700
5.514 2.273929
5.516 2.272955
5.518 2.273099
5.520 2.271183
5.522 2.269527
5.524 2.268971
5.526 2.268958
5.528 2.268771
5.530 2.268214
5.532 2.267492
5.534 2.266820
5.536 2.266245
5.538 2.265707
5.540 2.265150
5.542 2.264567
5.544 2.263978
5.546 2.263397
5.548 2.262825
5.550 2.263176
5.552 2.262164
5.554 2.260909
5.556 2.260127
5.558 2.258822
5.560 2.258907
5.562 2.259071
5.564 2.258644
5.566 2.257815
5.568 2.257002
5.570 2.256378
5.572 2.255868
5.574 2.255349
5.576 2.254777
5.578 2.254178
5.580 2.253586
5.582 2.253010
5.584 2.252440
5.586 2.251866
5.588 2.251287
5.590 2.250706
5.592 2.251049
5.594 2.250033
5.596 2.248778
5.598 2.247996
5.600 2.247612
5.602 2.247258
5.604 2.246742
5.606 2.246111
5.608 2.245475
5.610 2.244885
5.612 2.244324
5.614 2.243760
5.616 2.243182
5.618 2.242598
5.620 2.242015
5.622 2.241437
5.624 2.240861
5.626 2.240284
5.628 2.239706
5.630 2.239127
5.632 2.238548
5.634 2.237969
5.636 2.237391
5.638 2.236812
5.640 2.236234
5.642 2.235655
5.644 2.235076
5.646 2.234497
5.648 2.233919
5.650 2.233340
5.652 2.231837
5.654 2.231696
5.656 2.231795
5.658 2.231419
5.660 2.230646
5.662 2.229842
5.664 2.229200
5.666 2.228674
5.668 2.228153
5.670 2.227585
5.672 2.226988
5.674 2.226395
5.676 2.225815
5.678 2.225242
5.680 2.224667
5.682 2.224087
5.684 2.223506
5.686 2.222925
5.688 2.222345
5.690 2.221766
5.692 2.221187
5.694 2.220608
5.696 2.220028
5.698 2.219449
5.700 2.218869
5.702 2.218290
5.704 2.217711
5.706 2.217132
5.708 2.216552
5.710 2.215972
5.712 2.215393
5.714 2.215737
5.716 2.214720
5.718 2.213462
5.720 2.212680
5.722 2.212295
5.724 2.211940
5.726 2.211424
5.728 2.210791
5.730 2.210155
5.732 2.209564
5.734 2.209003
5.736 2.208438
5.738 2.207860
5.740 2.207275
5.742 2.206692
5.744 2.206113
5.746 2.205537
5.748 2.204959
5.750 2.205304
5.752 2.206133
5.754 2.204263
5.756 2.202146
5.758 2.201237
5.760 2.201175
5.762 2.201089
5.764 2.200601
5.766 2.199866
5.768 2.199149
5.770 2.198545
5.772 2.198001
5.774 2.197445
5.776 2.196859
5.778 2.196260
5.780 2.195668
5.782 2.195087
5.784 2.194511
5.786 2.193932
5.788 2.193350
5.790 2.190922
5.792 2.189370
5.794 2.189174
5.796 2.190309
5.798 2.191541
5.800 2.191207
5.802 2.189866
5.804 2.188624
5.806 2.187916
5.808 2.187518
5.810 2.187094
5.812 2.186531
5.814 2.185898
5.816 2.185282
5.818 2.184706
5.820 2.184145
5.822 2.183573
5.824 2.182988
5.826 2.182400
5.828 2.181815
5.830 2.181234
5.832 2.180655
5.834 2.180998
5.836 2.179979
5.838 2.178720
5.840 2.177936
5.842 2.178473
5.844 2.177680
5.846 2.176485
5.848 2.175648
5.850 2.175205
5.852 2.174839
5.854 2.174340
5.856 2.173722
5.858 2.173085
5.860 2.172488
5.862 2.171922
5.864 2.171358
5.866 2.170783
5.868 2.170199
5.870 2.169616
5.872 2.169037
5.874 2.168460
5.876 2.167883
5.878 2.168228
5.880 2.168134
5.882 2.166439
5.884 2.164979
5.886 2.164392
5.888 2.164232
5.890 2.163942
5.892 2.163373
5.894 2.162683
5.896 2.162036
5.898 2.161463
5.900 2.160916
5.902 2.160353
5.904 2.159770
5.906 2.159181
5.908 2.158600
5.910 2.158024
5.912 2.157449
5.914 2.157796
5.916 2.156779
5.918 2.155523
5.920 2.154741
5.922 2.154357
5.924 2.154003
5.926 2.153489
5.928 2.152857
5.930 2.152221
5.932 2.151631
5.934 2.151070
5.936 2.150507
5.938 2.149929
5.940 2.149344
5.942 2.148762
5.944 2.148184
5.946 2.147609
5.948 2.147032
5.950 2.146454
5.952 2.145875
5.954 2.145296
5.956 2.144718
5.958 2.144140
5.960 2.143561
5.962 2.142983
5.964 2.143327
5.966 2.142311
5.968 2.141054
5.970 2.140272
5.972 2.139887
5.974 2.140457
5.976 2.139504
5.978 2.138194
5.980 2.137354
5.982 2.136959
5.984 2.136622
5.986 2.136121
5.988 2.135490
5.990 2.134848
5.992 2.134254
5.994 2.133693
5.996 2.133132
5.998 2.132556
6.000 2.131972
6.002 2.131389
6.004 2.130811
6.006 2.130235
6.008 2.129659
6.010 2.129080
6.012 2.128501
6.014 2.127923
6.016 2.127345
6.018 2.126767
6.020 2.126188
6.022 2.125610
6.024 2.125031
6.026 2.124452
6.028 2.123874
6.030 2.124218
6.032 2.122071
6.034 2.120411
6.036 2.120868
6.038 2.122283
6.040 2.122306
6.042 2.121042
6.044 2.119630
6.046 2.118726
6.048 2.118227
6.050 2.117778
6.052 2.117198
6.054 2.116528
6.056 2.115864
6.058 2.115245
6.060 2.114654
6.062 2.114061
6.064 2.113457
6.066 2.112850
6.068 2.112247
6.070 2.111651
6.072 2.111060
6.074 2.110470
6.076 2.109880
6.078 2.109292
6.080 2.108705
6.082 2.108121
6.084 2.107537
6.086 2.106955
6.088 2.106373
6.090 2.105792
6.092 2.105211
6.094 2.104631
6.096 2.104052
6.098 2.103473
6.100 2.102895
6.102 2.103240
6.104 2.103148
6.106 2.101455
6.108 2.099996
6.110 2.099411
6.112 2.099253
6.114 2.098964
6.116 2.098398
6.118 2.097711
6.120 2.097066
6.122 2.096495
6.124 2.095952
6.126 2.095391
6.128 2.094810
6.130 2.094224
6.132 2.093645
6.134 2.093072
6.136 2.092500
6.138 2.091926
6.140 2.091350
6.142 2.090773
6.144 2.090198
6.146 2.089622
6.148 2.089046
6.150 2.088470
6.152 2.087894
6.154 2.087318
6.156 2.086741
6.158 2.086165
6.160 2.085588
6.162 2.085012
6.164 2.084435
6.166 2.083858
6.168 2.083281
6.170 2.082704
6.172 2.082127
6.174 2.081551
6.176 2.080973
6.178 2.080396
6.180 2.079819
6.182 2.079241
6.184 2.078664
6.186 2.078086
6.188 2.077509
6.190 2.076931
6.192 2.076353
6.194 2.075776
6.196 2.075198
6.198 2.074620
6.200 2.074042
6.202 2.073464
6.204 2.072886
6.206 2.072308
6.208 2.071730
6.210 2.071153
6.212 2.070574
6.214 2.069996
6.216 2.069418
6.218 2.068840
6.220 2.068261
6.222 2.067683
6.224 2.067105
6.226 2.066526
6.228 2.065948
6.230 2.065370
6.232 2.065714
6.234 2.065621
6.236 2.063927
6.238 2.062468
6.240 2.061880
6.242 2.058951
6.244 2.057203
6.246 2.058134
6.248 2.060041
6.250 2.061213
6.252 2.060468
6.254 2.058872
6.256 2.057635
6.258 2.057033
6.260 2.056693
6.262 2.056261
6.264 2.055669
6.266 2.055024
6.268 2.054415
6.270 2.053849
6.272 2.053289
6.274 2.052714
6.276 2.051203
6.278 2.050127
6.280 2.049734
6.282 2.050472
6.284 2.050578
6.286 2.049781
6.288 2.048717
6.290 2.047901
6.292 2.047367
6.294 2.046908
6.296 2.046378
6.298 2.045776
6.300 2.045162
6.302 2.045495
6.304 2.044486
6.306 2.043236
6.308 2.042452
6.310 2.042061
6.312 2.041700
6.314 2.041182
6.316 2.040548
6.318 2.039911
6.320 2.039318
6.322 2.038754
6.324 2.038188
6.326 2.037608
6.328 2.037021
6.330 2.036437
6.332 2.036781
6.334 2.035765
6.336 2.034508
6.338 2.033724
6.340 2.033338
6.342 2.032983
6.344 2.032467
6.346 2.031834
6.348 2.031197
6.350 2.030606
6.352 2.030043
6.354 2.029479
6.356 2.028900
6.358 2.028314
6.360 2.027731
6.362 2.027153
6.364 2.027499
6.366 2.026483
6.368 2.025226
6.370 2.024443
6.372 2.024058
6.374 2.023704
6.376 2.023188
6.378 2.022556
6.380 2.021920
6.382 2.021329
6.384 2.020768
6.386 2.020203
6.388 2.019625
6.390 2.019041
6.392 2.019381
6.394 2.018365
6.396 2.017110
6.398 2.016329
6.400 2.015945
6.402 2.016514
6.404 2.015560
6.406 2.014250
6.408 2.013411
6.410 2.013016
6.412 2.012679
6.414 2.012178
6.416 2.011547
6.418 2.010905
6.420 2.010311
6.422 2.009750
6.424 2.009188
6.426 2.008613
6.428 2.008029
6.430 2.007446
6.432 2.006868
6.434 2.006292
6.436 2.005715
6.438 2.005137
6.440 2.004558
6.442 2.003980
6.444 2.003402
6.446 2.002823
6.448 2.002245
6.450 2.001667
6.452 2.001088
6.454 2.000510
6.456 1.999931
6.458 1.999353
6.460 1.998774
6.462 1.998196
6.464 1.997617
6.466 1.997038
6.468 1.996460
6.470 1.995881
6.472 1.996225
6.474 1.995208
6.476 1.993952
6.478 1.993169
6.480 1.992785
6.482 1.992431
6.484 1.992838
6.486 1.991768
6.488 1.990454
6.490 1.989661
6.492 1.989294
6.494 1.988954
6.496 1.988439
6.498 1.987801
6.500 1.987162
6.502 1.986572
6.504 1.986013
6.506 1.985451
6.508 1.984873
6.510 1.984288
6.512 1.983706
6.514 1.983128
6.516 1.982552
6.518 1.981975
6.520 1.981397
6.522 1.980818
6.524 1.980239
6.526 1.979661
6.528 1.979083
6.530 1.978505
6.532 1.977926
6.534 1.977347
6.536 1.976769
6.538 1.976190
6.540 1.975611
6.542 1.975032
6.544 1.974454
6.546 1.973875
6.548 1.973296
6.550 1.972717
6.552 1.972139
6.554 1.971560
6.556 1.970981
6.558 1.969479
6.560 1.969337
6.562 1.969436
6.564 1.969060
6.566 1.968287
6.568 1.967484
6.570 1.966842
6.572 1.966316
6.574 1.965794
6.576 1.965227
6.578 1.964630
6.580 1.964037
6.582 1.963457
6.584 1.962884
6.586 1.962309
6.588 1.961729
6.590 1.962070
6.592 1.961051
6.594 1.959794
6.596 1.959012
6.598 1.958627
6.600 1.958272
6.602 1.957756
6.604 1.957123
6.606 1.956487
6.608 1.955896
6.610 1.955334
6.612 1.954770
6.614 1.954191
6.616 1.953606
6.618 1.953023
6.620 1.952445
6.622 1.951868
6.624 1.951291
6.626 1.950712
6.628 1.950132
6.630 1.949553
6.632 1.948974
6.634 1.948395
6.636 1.947817
6.638 1.947238
6.640 1.946659
6.642 1.946080
6.644 1.945501
6.646 1.943998
6.648 1.943857
6.650 1.943956
6.652 1.943580
6.654 1.942806
6.656 1.942003
6.658 1.941360
6.660 1.940834
6.662 1.940312
6.664 1.939745
6.666 1.939148
6.668 1.938554
6.670 1.937975
6.672 1.937402
6.674 1.936826
6.676 1.935323
6.678 1.932409
6.680 1.931972
6.682 1.932659
6.684 1.933803
6.686 1.934616
6.688 1.933994
6.690 1.932643
6.692 1.931511
6.694 1.930870
6.696 1.930465
6.698 1.930009
6.700 1.929430
6.702 1.928800
6.704 1.928194
6.706 1.927620
6.708 1.927054
6.710 1.926477
6.712 1.925889
6.714 1.925299
6.716 1.924714
6.718 1.924132
6.720 1.923550
6.722 1.922968
6.724 1.922385
6.726 1.921803
6.728 1.921221
6.730 1.920639
6.732 1.920058
6.734 1.919476
6.736 1.918895
6.738 1.918314
6.740 1.917733
6.742 1.917152
6.744 1.916571
6.746 1.915990
6.748 1.915409
6.750 1.914828
6.752 1.914247
6.754 1.913667
6.756 1.913086
6.758 1.912506
6.760 1.911925
6.762 1.911345
6.764 1.910765
6.766 1.911108
6.768 1.910090
6.770 1.908832
6.772 1.908049
6.774 1.907663
6.776 1.907308
6.778 1.906791
6.780 1.906158
6.782 1.905521
6.784 1.904929
6.786 1.904368
6.788 1.903803
6.790 1.903224
6.792 1.902638
6.794 1.902055
6.796 1.901476
6.798 1.900899
6.800 1.900321
6.802 1.899743
6.804 1.899163
6.806 1.898583
6.808 1.898004
6.810 1.897425
6.812 1.896846
6.814 1.896267
6.816 1.895688
6.818 1.895109
6.820 1.894530
6.822 1.893951
6.824 1.893372
6.826 1.892793
6.828 1.892214
6.830 1.891635
6.832 1.891056
6.834 1.890476
6.836 1.889897
6.838 1.889318
6.840 1.888739
6.842 1.888160
6.844 1.887581
6.846 1.887002
6.848 1.886423
6.850 1.886767
6.852 1.885750
6.854 1.884493
6.856 1.883711
6.858 1.883326
6.860 1.882971
6.862 1.882455
6.864 1.881823
6.866 1.881187
6.868 1.880596
6.870 1.880035
6.872 1.879471
6.874 1.878893
6.876 1.878308
6.878 1.877725
6.880 1.877147
6.882 1.876570
6.884 1.875993
6.886 1.875414
6.888 1.874835
6.890 1.874256
6.892 1.873678
6.894 1.873099
6.896 1.872520
6.898 1.871941
6.900 1.871362
6.902 1.871707
6.904 1.870690
6.906 1.869433
6.908 1.868651
6.910 1.868266
6.912 1.867912
6.914 1.867396
6.916 1.866764
6.918 1.866128
6.920 1.865538
6.922 1.864977
6.924 1.864412
6.926 1.863834
6.928 1.863250
6.930 1.862667
6.932 1.862089
6.934 1.861513
6.936 1.860935
6.938 1.860357
6.940 1.859778
6.942 1.859199
6.944 1.858620
6.946 1.858041
6.948 1.857463
6.950 1.856884
6.952 1.857229
6.954 1.857136
6.956 1.855441
6.958 1.853980
6.960 1.853393
6.962 1.853233
6.964 1.852942
6.966 1.852373
6.968 1.852607
6.970 1.851522
6.972 1.850271
6.974 1.849521
6.976 1.849152
6.978 1.848793
6.980 1.848268
6.982 1.847633
6.984 1.847000
6.986 1.846414
6.988 1.845855
6.990 1.846214
6.992 1.845198
6.994 1.843936
6.996 1.843151
6.998 1.842767
7.000 1.842416
7.002 1.842826
7.004 1.841757
7.006 1.840443
7.008 1.839650
7.010 1.839284
7.012 1.838945
7.014 1.838431
7.016 1.837793
7.018 1.837154
7.020 1.836565
7.022 1.836007
7.024 1.835445
7.026 1.834867
7.028 1.834283
7.030 1.833701
7.032 1.833124
7.034 1.832548
7.036 1.831972
7.038 1.831394
7.040 1.830815
7.042 1.830236
7.044 1.829658
7.046 1.829080
7.048 1.828502
7.050 1.827924
7.052 1.827345
7.054 1.826767
7.056 1.826188
7.058 1.825610
7.060 1.825031
7.062 1.824453
7.064 1.823874
7.066 1.823295
7.068 1.822717
7.070 1.822138
7.072 1.822483
7.074 1.823313
7.076 1.823951
7.078 1.822346
7.080 1.819570
7.082 1.818124
7.084 1.817119
7.086 1.816795
7.088 1.816682
7.090 1.816363
7.092 1.815789
7.094 1.815121
7.096 1.814492
7.098 1.813919
7.100 1.813363
7.102 1.812794
7.104 1.812212
7.106 1.811630
7.108 1.811054
7.110 1.811406
7.112 1.810397
7.114 1.809146
7.116 1.808367
7.118 1.807985
7.120 1.807634
7.122 1.807122
7.124 1.806493
7.126 1.805859
7.128 1.805271
7.130 1.804713
7.132 1.804151
7.134 1.803575
7.136 1.802992
7.138 1.802412
7.140 1.801835
7.142 1.801261
7.144 1.800685
7.146 1.800108
7.148 1.799531
7.150 1.798953
7.152 1.798376
7.154 1.797798
7.156 1.797221
7.158 1.796643
7.160 1.796066
7.162 1.795488
7.164 1.794910
7.166 1.794332
7.168 1.793754
7.170 1.793176
7.172 1.792597
7.174 1.792019
7.176 1.791441
7.178 1.790863
7.180 1.790284
7.182 1.789706
7.184 1.789128
7.186 1.788549
7.188 1.787971
7.190 1.787392
7.192 1.787737
7.194 1.787644
7.196 1.785949
7.198 1.784489
7.200 1.783901
7.202 1.783742
7.204 1.783451
7.206 1.782882
7.208 1.782193
7.210 1.781545
7.212 1.780972
7.214 1.780426
7.216 1.779863
7.218 1.779279
7.220 1.778691
7.222 1.778109
7.224 1.777533
7.226 1.776959
7.228 1.776382
7.230 1.775803
7.232 1.775224
7.234 1.774645
7.236 1.774067
7.238 1.773489
7.240 1.771064
7.242 1.770437
7.244 1.771652
7.246 1.772158
7.248 1.771394
7.250 1.770171
7.252 1.769241
7.254 1.768706
7.256 1.768295
7.258 1.767796
7.260 1.767193
7.262 1.766568
7.264 1.765973
7.266 1.765405
7.268 1.764839
7.270 1.764263
7.272 1.763678
7.274 1.763093
7.276 1.762512
7.278 1.761933
7.280 1.761354
7.282 1.760774
7.284 1.760193
7.286 1.758690
7.288 1.758547
7.290 1.758645
7.292 1.758269
7.294 1.757494
7.296 1.756690
7.298 1.756047
7.300 1.755520
7.302 1.754998
7.304 1.754429
7.306 1.753832
7.308 1.753238
7.310 1.752657
7.312 1.752084
7.314 1.751508
7.316 1.750927
7.318 1.750345
7.320 1.749764
7.322 1.749184
7.324 1.748605
7.326 1.748025
7.328 1.747445
7.330 1.746865
7.332 1.746285
7.334 1.745706
7.336 1.745126
7.338 1.744547
7.340 1.743967
7.342 1.743388
7.344 1.742808
7.346 1.742229
7.348 1.741649
7.350 1.741070
7.352 1.740490
7.354 1.739911
7.356 1.739331
7.358 1.738751
7.360 1.738172
7.362 1.737592
7.364 1.737013
7.366 1.736433
7.368 1.735854
7.370 1.735274
7.372 1.734695
7.374 1.734115
7.376 1.733536
7.378 1.732957
7.380 1.732377
7.382 1.731798
7.384 1.731218
7.386 1.730639
7.388 1.730060
7.390 1.729481
7.392 1.729824
7.394 1.730654
7.396 1.731291
7.398 1.731533
7.400 1.731574
7.402 1.729214
7.404 1.725716
7.406 1.724145
7.408 1.724275
7.410 1.724560
7.412 1.724152
7.414 1.723220
7.416 1.722255
7.418 1.721496
7.420 1.720882
7.422 1.720278
7.424 1.719631
7.426 1.718964
7.428 1.718315
7.430 1.717693
7.432 1.717086
7.434 1.716481
7.436 1.715875
7.438 1.715271
7.440 1.714673
7.442 1.714080
7.444 1.714414
7.446 1.713389
7.448 1.712127
7.450 1.711341
7.452 1.710955
7.454 1.710601
7.456 1.710087
7.458 1.709458
7.460 1.708826
7.462 1.708241
7.464 1.707686
7.466 1.707128
7.468 1.706558
7.470 1.705981
7.472 1.705407
7.474 1.704837
7.476 1.704269
7.478 1.703701
7.480 1.703131
7.482 1.702561
7.484 1.701992
7.486 1.701422
7.488 1.700853
7.490 1.700283
7.492 1.699713
7.494 1.699143
7.496 1.698573
7.498 1.698002
7.500 1.697431
7.502 1.696860
7.504 1.696289
7.506 1.695718
7.508 1.695146
7.510 1.694575
7.512 1.694003
7.514 1.693431
7.516 1.692858
7.518 1.692285
7.520 1.691712
7.522 1.691139
7.524 1.690566
7.526 1.689992
7.528 1.689418
7.530 1.688844
7.532 1.689194
7.534 1.688182
7.536 1.686929
7.538 1.686151
7.540 1.685770
7.542 1.685420
7.544 1.684908
7.546 1.684279
7.548 1.683647
7.550 1.683059
7.552 1.682501
7.554 1.681940
7.556 1.681365
7.558 1.680782
7.560 1.681125
7.562 1.680112
7.564 1.678860
7.566 1.678081
7.568 1.677699
7.570 1.677346
7.572 1.676833
7.574 1.676203
7.576 1.675569
7.578 1.674981
7.580 1.674421
7.582 1.673858
7.584 1.673282
7.586 1.672698
7.588 1.672117
7.590 1.671540
7.592 1.670965
7.594 1.670389
7.596 1.669812
7.598 1.669234
7.600 1.668656
7.602 1.668078
7.604 1.667500
7.606 1.666922
7.608 1.666344
7.610 1.665767
7.612 1.665188
7.614 1.664610
7.616 1.664032
7.618 1.663453
7.620 1.662875
7.622 1.662297
7.624 1.661718
7.626 1.661139
7.628 1.660561
7.630 1.659982
7.632 1.659404
7.634 1.658825
7.636 1.658246
7.638 1.657668
7.640 1.657089
7.642 1.656510
7.644 1.655931
7.646 1.655352
7.648 1.655697
7.650 1.655603
7.652 1.654832
7.654 1.652934
7.656 1.651668
7.658 1.651305
7.660 1.651208
7.662 1.650864
7.664 1.650237
7.666 1.649536
7.668 1.648906
7.670 1.648348
7.672 1.647802
7.674 1.647233
7.676 1.646645
7.678 1.646057
7.680 1.645478
7.682 1.644904
7.684 1.644329
7.686 1.643752
7.688 1.643173
7.690 1.642595
7.692 1.642017
7.694 1.641439
7.696 1.640861
7.698 1.640282
7.700 1.640627
7.702 1.640534
7.704 1.638840
7.706 1.637380
7.708 1.636793
7.710 1.636633
7.712 1.636343
7.714 1.635774
7.716 1.635085
7.718 1.634437
7.720 1.633864
7.722 1.633318
7.724 1.632755
7.726 1.632171
7.728 1.631583
7.730 1.631001
7.732 1.630426
7.734 1.628928
7.736 1.628789
7.738 1.628888
7.740 1.628512
7.742 1.627739
7.744 1.626936
7.746 1.626295
7.748 1.625770
7.750 1.626172
7.752 1.626090
7.754 1.624379
7.756 1.622904
7.758 1.622316
7.760 1.622162
7.762 1.621875
7.764 1.621306
7.766 1.620614
7.768 1.619965
7.770 1.619391
7.772 1.618845
7.774 1.618282
7.776 1.617698
7.778 1.617109
7.780 1.616527
7.782 1.615951
7.784 1.615377
7.786 1.614800
7.788 1.614221
7.790 1.613641
7.792 1.613062
7.794 1.612484
7.796 1.611906
7.798 1.611327
7.800 1.610749
7.802 1.610170
7.804 1.609591
7.806 1.609013
7.808 1.608434
7.810 1.607855
7.812 1.607276
7.814 1.606697
7.816 1.606118
7.818 1.605539
7.820 1.604960
7.822 1.604381
7.824 1.603802
7.826 1.603224
7.828 1.602645
7.830 1.602066
7.832 1.600563
7.834 1.600422
7.836 1.600520
7.838 1.600145
7.840 1.599371
7.842 1.598568
7.844 1.597925
7.846 1.597399
7.848 1.596878
7.850 1.596310
7.852 1.595714
7.854 1.595120
7.856 1.594540
7.858 1.593967
7.860 1.593392
7.862 1.592812
7.864 1.592230
7.866 1.591649
7.868 1.591070
7.870 1.590490
7.872 1.589911
7.874 1.589332
7.876 1.588752
7.878 1.588173
7.880 1.587593
7.882 1.587014
7.884 1.586434
7.886 1.585855
7.888 1.585275
7.890 1.584696
7.892 1.584116
7.894 1.583537
7.896 1.582958
7.898 1.582379
7.900 1.581799
7.902 1.581220
7.904 1.580640
7.906 1.580061
7.908 1.579482
7.910 1.578903
7.912 1.578323
7.914 1.577744
7.916 1.577165
7.918 1.576586
7.920 1.576006
7.922 1.575427
7.924 1.574848
7.926 1.574269
7.928 1.573689
7.930 1.574033
7.932 1.573016
7.934 1.571759
7.936 1.570976
7.938 1.570591
7.940 1.570236
7.942 1.569720
7.944 1.569088
7.946 1.568452
7.948 1.568785
7.950 1.567785
7.952 1.566543
7.954 1.565761
7.956 1.565370
7.958 1.565012
7.960 1.564497
7.962 1.563867
7.964 1.563232
7.966 1.563565
7.968 1.562565
7.970 1.561323
7.972 1.560542
7.974 1.560151
7.976 1.559793
7.978 1.559279
7.980 1.558650
7.982 1.558015
7.984 1.557425
7.986 1.556863
7.988 1.556299
7.990 1.555722
7.992 1.555137
7.994 1.554555
7.996 1.553978
7.998 1.553401
8.000 1.552824
8.002 1.552246
8.004 1.551667
8.006 1.551088
8.008 1.550510
8.010 1.549931
8.012 1.549353
8.014 1.548775
8.016 1.548196
8.018 1.547617
8.020 1.547039
8.022 1.546460
8.024 1.545882
8.026 1.545303
8.028 1.544724
8.030 1.544145
8.032 1.544490
8.034 1.543473
8.036 1.542216
8.038 1.541433
8.040 1.541049
8.042 1.540695
8.044 1.540179
8.046 1.539547
8.048 1.538911
8.050 1.538320
8.052 1.537759
8.054 1.537195
8.056 1.536617
8.058 1.536032
8.060 1.535449
8.062 1.534871
8.064 1.534295
8.066 1.533718
8.068 1.533139
8.070 1.532559
8.072 1.531981
8.074 1.531402
8.076 1.530823
8.078 1.531168
8.080 1.531074
8.082 1.530303
8.084 1.528406
8.086 1.528063
8.088 1.529110
8.090 1.529307
8.092 1.527451
8.094 1.524818
8.096 1.523647
8.098 1.523715
8.100 1.523874
8.102 1.523515
8.104 1.522777
8.106 1.522016
8.108 1.521399
8.110 1.520873
8.112 1.521265
8.114 1.520254
8.116 1.518981
8.118 1.517267
8.120 1.517326
8.122 1.517660
8.124 1.517355
8.126 1.516532
8.128 1.515672
8.130 1.515021
8.132 1.514516
8.134 1.514012
8.136 1.513448
8.138 1.512848
8.140 1.512253
8.142 1.511676
8.144 1.511107
8.146 1.510536
8.148 1.509958
8.150 1.509378
8.152 1.508799
8.154 1.508222
8.156 1.507645
8.158 1.507067
8.160 1.506489
8.162 1.505911
8.164 1.506256
8.166 1.505241
8.168 1.503985
8.170 1.503203
8.172 1.502819
8.174 1.502465
8.176 1.501950
8.178 1.501319
8.180 1.500683
8.182 1.500093
8.184 1.499532
8.186 1.498969
8.188 1.498391
8.190 1.497807
8.192 1.497225
8.194 1.497570
8.196 1.496556
8.198 1.495301
8.200 1.494519
8.202 1.494135
8.204 1.493781
8.206 1.493266
8.208 1.492634
8.210 1.491999
8.212 1.491409
8.214 1.490847
8.216 1.490283
8.218 1.489706
8.220 1.489121
8.222 1.488539
8.224 1.487961
8.226 1.487385
8.228 1.486807
8.230 1.486229
8.232 1.485650
8.234 1.485071
8.236 1.484493
8.238 1.483914
8.240 1.483336
8.242 1.482757
8.244 1.482179
8.246 1.481600
8.248 1.481945
8.250 1.480928
8.252 1.480594
8.254 1.479374
8.256 1.478312
8.258 1.477754
8.260 1.477433
8.262 1.477026
8.264 1.477376
8.266 1.476295
8.268 1.474998
8.270 1.474219
8.272 1.473853
8.274 1.471661
8.276 1.470171
8.278 1.470841
8.280 1.472404
8.282 1.472512
8.284 1.471318
8.286 1.469985
8.288 1.469163
8.290 1.469660
8.292 1.468831
8.294 1.467620
8.296 1.466788
8.298 1.466357
8.300 1.465998
8.302 1.465501
8.304 1.464881
8.306 1.464243
8.308 1.463644
8.310 1.462153
8.312 1.462025
8.314 1.462125
8.316 1.461743
8.318 1.460964
8.320 1.460159
8.322 1.459518
8.324 1.458993
8.326 1.458471
8.328 1.457902
8.330 1.457305
8.332 1.456711
8.334 1.456130
8.336 1.455557
8.338 1.454981
8.340 1.454401
8.342 1.454742
8.344 1.453723
8.346 1.452465
8.348 1.451683
8.350 1.451298
8.352 1.450942
8.354 1.450425
8.356 1.449792
8.358 1.447308
8.360 1.445746
8.362 1.446492
8.364 1.448127
8.366 1.448244
8.368 1.447023
8.370 1.445670
8.372 1.444847
8.374 1.444428
8.376 1.444041
8.378 1.443507
8.380 1.442874
8.382 1.442246
8.384 1.441662
8.386 1.441101
8.388 1.440534
8.390 1.439952
8.392 1.439363
8.394 1.438778
8.396 1.438197
8.398 1.437617
8.400 1.437037
8.402 1.436456
8.404 1.435875
8.406 1.435294
8.408 1.434713
8.410 1.434133
8.412 1.433553
8.414 1.432972
8.416 1.432392
8.418 1.431812
8.420 1.431231
8.422 1.430651
8.424 1.430071
8.426 1.429491
8.428 1.428911
8.430 1.427407
8.432 1.427265
8.434 1.427362
8.436 1.426986
8.438 1.426212
8.440 1.425407
8.442 1.424764
8.444 1.424238
8.446 1.423715
8.448 1.423147
8.450 1.422550
8.452 1.421956
8.454 1.421375
8.456 1.420802
8.458 1.420226
8.460 1.419645
8.462 1.419063
8.464 1.418482
8.466 1.417902
8.468 1.417323
8.470 1.416743
8.472 1.416163
8.474 1.415584
8.476 1.415004
8.478 1.414424
8.480 1.414768
8.482 1.413750
8.484 1.412493
8.486 1.411710
8.488 1.411324
8.490 1.410970
8.492 1.411377
8.494 1.410306
8.496 1.408991
8.498 1.408197
8.500 1.407830
8.502 1.407489
8.504 1.406974
8.506 1.406336
8.508 1.405696
8.510 1.405106
8.512 1.404547
8.514 1.403984
8.516 1.403406
8.518 1.402821
8.520 1.402238
8.522 1.401660
8.524 1.401084
8.526 1.400507
8.528 1.399928
8.530 1.399349
8.532 1.398770
8.534 1.398192
8.536 1.397613
8.538 1.397034
8.540 1.396456
8.542 1.395877
8.544 1.395298
8.546 1.394720
8.548 1.394141
8.550 1.393562
8.552 1.392983
8.554 1.392405
8.556 1.391826
8.558 1.391247
8.560 1.390668
8.562 1.390089
8.564 1.389510
8.566 1.389854
8.568 1.388837
8.570 1.387581
8.572 1.386798
8.574 1.386413
8.576 1.386059
8.578 1.385543
8.580 1.384911
8.582 1.384275
8.584 1.383685
8.586 1.383123
8.588 1.382559
8.590 1.381981
8.592 1.381396
8.594 1.380814
8.596 1.380235
8.598 1.379659
8.600 1.379081
8.602 1.378503
8.604 1.377924
8.606 1.377345
8.608 1.376766
8.610 1.376188
8.612 1.375609
8.614 1.375030
8.616 1.374451
8.618 1.373873
8.620 1.373294
8.622 1.372715
8.624 1.372136
8.626 1.371557
8.628 1.370978
8.630 1.370399
8.632 1.369820
8.634 1.369241
8.636 1.368662
8.638 1.368083
8.640 1.367504
8.642 1.366926
8.644 1.366347
8.646 1.365768
8.648 1.365188
8.650 1.364610
8.652 1.364031
8.654 1.363452
8.656 1.362873
8.658 1.362293
8.660 1.361715
8.662 1.361136
8.664 1.360557
8.666 1.359978
8.668 1.359399
8.670 1.359743
8.672 1.358726
8.674 1.357469
8.676 1.356686
8.678 1.356301
8.680 1.355947
8.682 1.355431
8.684 1.354798
8.686 1.354162
8.688 1.353572
8.690 1.353010
8.692 1.352446
8.694 1.351868
8.696 1.351283
8.698 1.350700
8.700 1.350122
8.702 1.350468
8.704 1.349453
8.706 1.348196
8.708 1.347414
8.710 1.346106
8.712 1.346190
8.714 1.346352
8.716 1.345923
8.718 1.345093
8.720 1.344278
8.722 1.343653
8.724 1.343142
8.726 1.342621
8.728 1.342048
8.730 1.341449
8.732 1.340856
8.734 1.340279
8.736 1.339707
8.738 1.339132
8.740 1.338552
8.742 1.337971
8.744 1.337391
8.746 1.336812
8.748 1.336234
8.750 1.335655
8.752 1.335076
8.754 1.334497
8.756 1.333917
8.758 1.333338
8.760 1.332759
8.762 1.333103
8.764 1.332086
8.766 1.330829
8.768 1.330046
8.770 1.329662
8.772 1.329307
8.774 1.328792
8.776 1.328159
8.778 1.327523
8.780 1.326932
8.782 1.326371
8.784 1.325806
8.786 1.325228
8.788 1.324643
8.790 1.324060
8.792 1.323482
8.794 1.323829
8.796 1.322813
8.798 1.321557
8.800 1.320774
8.802 1.320389
8.804 1.320035
8.806 1.319520
8.808 1.318888
8.810 1.318252
8.812 1.317662
8.814 1.317100
8.816 1.316536
8.818 1.315958
8.820 1.315374
8.822 1.314791
8.824 1.314213
8.826 1.313637
8.828 1.313059
8.830 1.312481
8.832 1.311902
8.834 1.311323
8.836 1.310744
8.838 1.310165
8.840 1.309587
8.842 1.309008
8.844 1.308429
8.846 1.307850
8.848 1.307272
8.850 1.306693
8.852 1.306114
8.854 1.305535
8.856 1.304956
8.858 1.304377
8.860 1.303798
8.862 1.303219
8.864 1.302640
8.866 1.302061
8.868 1.301482
8.870 1.300903
8.872 1.300325
8.874 1.299746
8.876 1.299166
8.878 1.298587
8.880 1.298008
8.882 1.297430
8.884 1.296851
8.886 1.296271
8.888 1.295692
8.890 1.296036
8.892 1.295019
8.894 1.293762
8.896 1.292980
8.898 1.292595
8.900 1.292241
8.902 1.291725
8.904 1.291093
8.906 1.290456
8.908 1.289866
8.910 1.289304
8.912 1.288740
8.914 1.288162
8.916 1.287577
8.918 1.286994
8.920 1.286416
8.922 1.285839
8.924 1.285262
8.926 1.284683
8.928 1.284104
8.930 1.283525
8.932 1.282947
8.934 1.282368
8.936 1.281789
8.938 1.281211
8.940 1.280632
8.942 1.280053
8.944 1.279474
8.946 1.278895
8.948 1.278316
8.950 1.277737
8.952 1.277159
8.954 1.276580
8.956 1.276001
8.958 1.275422
8.960 1.274843
8.962 1.274264
8.964 1.273685
8.966 1.273106
8.968 1.272527
8.970 1.271948
8.972 1.271368
8.974 1.270789
8.976 1.270210
8.978 1.269631
8.980 1.269052
8.982 1.268473
8.984 1.267894
8.986 1.267315
8.988 1.266735
8.990 1.266156
8.992 1.266500
8.994 1.265483
8.996 1.264227
8.998 1.263444
9.000 1.263059
9.002 1.262704
9.004 1.262188
9.006 1.261556
9.008 1.260920
9.010 1.260329
9.012 1.259767
9.014 1.259203
9.016 1.258625
9.018 1.258040
9.020 1.257457
9.022 1.256879
9.024 1.256303
9.026 1.255725
9.028 1.255147
9.030 1.254567
9.032 1.253989
9.034 1.253410
9.036 1.252831
9.038 1.252252
9.040 1.251674
9.042 1.251095
9.044 1.250516
9.046 1.249937
9.048 1.250281
9.050 1.249264
9.052 1.248007
9.054 1.247225
9.056 1.246840
9.058 1.246486
9.060 1.245970
9.062 1.245338
9.064 1.244702
9.066 1.244111
9.068 1.243550
9.070 1.242985
9.072 1.242407
9.074 1.241822
9.076 1.241240
9.078 1.240662
9.080 1.240085
9.082 1.239508
9.084 1.238929
9.086 1.238350
9.088 1.237771
9.090 1.237193
9.092 1.236614
9.094 1.236036
9.096 1.235457
9.098 1.234878
9.100 1.234299
9.102 1.233720
9.104 1.233141
9.106 1.232562
9.108 1.231983
9.110 1.231404
9.112 1.230826
9.114 1.230247
9.116 1.229668
9.118 1.229089
9.120 1.228510
9.122 1.227931
9.124 1.227352
9.126 1.226773
9.128 1.226194
9.130 1.225615
9.132 1.225036
9.134 1.224457
9.136 1.223878
9.138 1.223299
9.140 1.222720
9.142 1.222141
9.144 1.221562
9.146 1.220983
9.148 1.220404
9.150 1.219824
9.152 1.219245
9.154 1.218666
9.156 1.218087
9.158 1.217508
9.160 1.216929
9.162 1.216350
9.164 1.215770
9.166 1.215191
9.168 1.214612
9.170 1.214033
9.172 1.213454
9.174 1.212875
9.176 1.212295
9.178 1.211716
9.180 1.211137
9.182 1.210558
9.184 1.209979
9.186 1.209400
9.188 1.208821
9.190 1.208242
9.192 1.207665
9.194 1.207088
9.196 1.206513
9.198 1.205939
9.200 1.205365
9.202 1.204792
9.204 1.204219
9.206 1.203648
9.208 1.203077
9.210 1.202507
9.212 1.201938
9.214 1.201370
9.216 1.200803
9.218 1.200236
9.220 1.199671
9.222 1.199106
9.224 1.198542
9.226 1.197978
9.228 1.197416
9.230 1.196854
9.232 1.196293
9.234 1.195733
9.236 1.195174
9.238 1.194615
9.240 1.194058
9.242 1.193501
9.244 1.192945
9.246 1.192390
9.248 1.191835
9.250 1.191281
9.252 1.190729
9.254 1.190177
9.256 1.189626
9.258 1.189075
9.260 1.188526
9.262 1.187977
9.264 1.187429
9.266 1.186882
9.268 1.186335
9.270 1.185789
9.272 1.185245
9.274 1.184701
9.276 1.184157
9.278 1.183615
9.280 1.183073
9.282 1.182532
9.284 1.181992
9.286 1.181453
9.288 1.180915
9.290 1.180377
9.292 1.179840
9.294 1.179304
9.296 1.178769
9.298 1.178235
9.300 1.177701
9.302 1.177168
9.304 1.176636
9.306 1.176105
9.308 1.175575
9.310 1.174166
9.312 1.174057
9.314 1.174177
9.316 1.173842
9.318 1.173128
9.320 1.172387
9.322 1.171801
9.324 1.171327
9.326 1.170859
9.328 1.170348
9.330 1.169810
9.332 1.169275
9.334 1.168754
9.336 1.168241
9.338 1.167726
9.340 1.167207
9.342 1.166688
9.344 1.166170
9.346 1.165655
9.348 1.165140
9.350 1.164627
9.352 1.164113
9.354 1.163601
9.356 1.163089
9.358 1.162579
9.360 1.162069
9.362 1.161560
9.364 1.161052
9.366 1.160544
9.368 1.160037
9.370 1.159532
9.372 1.159026
9.374 1.158522
9.376 1.158019
9.378 1.157516
9.380 1.157014
9.382 1.156513
9.384 1.156013
9.386 1.155514
9.388 1.155015
9.390 1.154517
9.392 1.154021
9.394 1.153525
9.396 1.153029
9.398 1.152535
9.400 1.152888
9.402 1.151988
9.404 1.150869
9.406 1.150192
9.408 1.149884
9.410 1.149604
9.412 1.149175
9.414 1.148638
9.416 1.148097
9.418 1.147600
9.420 1.147131
9.422 1.146660
9.424 1.146176
9.426 1.145688
9.428 1.145202
9.430 1.144721
9.432 1.144243
9.434 1.143764
9.436 1.143285
9.438 1.142806
9.440 1.142329
9.442 1.141853
9.444 1.141377
9.446 1.140903
9.448 1.140428
9.450 1.139955
9.452 1.139483
9.454 1.139011
9.456 1.138540
9.458 1.138069
9.460 1.137600
9.462 1.137131
9.464 1.137488
9.466 1.136623
9.468 1.135546
9.470 1.134900
9.472 1.134614
9.474 1.134355
9.476 1.133950
9.478 1.133440
9.480 1.132927
9.482 1.132456
9.484 1.132012
9.486 1.131566
9.488 1.131108
9.490 1.130645
9.492 1.130185
9.494 1.129730
9.496 1.129278
9.498 1.128825
9.500 1.128372
9.502 1.127919
9.504 1.127467
9.506 1.127016
9.508 1.126566
9.510 1.126926
9.512 1.127702
9.514 1.125871
9.516 1.124050
9.518 1.123429
9.520 1.123543
9.522 1.123564
9.524 1.123191
9.526 1.122607
9.528 1.122057
9.530 1.121615
9.532 1.121223
9.534 1.120815
9.536 1.120378
9.538 1.119932
9.540 1.119495
9.542 1.119069
9.544 1.118645
9.546 1.118220
9.548 1.117793
9.550 1.117366
9.552 1.116941
9.554 1.116517
9.556 1.116095
9.558 1.115672
9.560 1.115251
9.562 1.114830
9.564 1.114410
9.566 1.113991
9.568 1.113573
9.570 1.113155
9.572 1.112738
9.574 1.112322
9.576 1.111906
9.578 1.111492
9.580 1.111078
9.582 1.110665
9.584 1.110252
9.586 1.109841
9.588 1.109430
9.590 1.109019
9.592 1.108610
9.594 1.108201
9.596 1.107793
9.598 1.107386
9.600 1.106980
9.602 1.106574
9.604 1.106168
9.606 1.105764
9.608 1.105360
9.610 1.104957
9.612 1.104555
9.614 1.104153
9.616 1.103752
9.618 1.103352
9.620 1.102952
9.622 1.102554
9.624 1.102156
9.626 1.101758
9.628 1.101362
9.630 1.100965
9.632 1.100570
9.634 1.100175
9.636 1.099781
9.638 1.099388
9.640 1.098996
9.642 1.098604
9.644 1.098213
9.646 1.097823
9.648 1.097433
9.650 1.097044
9.652 1.096656
9.654 1.096269
9.656 1.095882
9.658 1.095496
9.660 1.095111
9.662 1.094726
9.664 1.094342
9.666 1.093959
9.668 1.093577
9.670 1.091842
9.672 1.091438
9.674 1.092385
9.676 1.092801
9.678 1.092277
9.680 1.091415
9.682 1.090774
9.684 1.090429
9.686 1.090177
9.688 1.089861
9.690 1.089470
9.692 1.089062
9.694 1.088676
9.696 1.088312
9.698 1.087950
9.700 1.087581
9.702 1.087207
9.704 1.086833
9.706 1.086462
9.708 1.086094
9.710 1.085083
9.712 1.085026
9.714 1.085136
9.716 1.084911
9.718 1.084407
9.720 1.083883
9.722 1.083474
9.724 1.083149
9.726 1.082828
9.728 1.082475
9.730 1.082103
9.732 1.081733
9.734 1.081374
9.736 1.081021
9.738 1.080666
9.740 1.080309
9.742 1.079952
9.744 1.079596
9.746 1.079242
9.748 1.078889
9.750 1.078536
9.752 1.078185
9.754 1.077833
9.756 1.077483
9.758 1.077133
9.760 1.076785
9.762 1.076437
9.764 1.076090
9.766 1.075743
9.768 1.075398
9.770 1.075053
9.772 1.074709
9.774 1.074366
9.776 1.074023
9.778 1.073681
9.780 1.073341
9.782 1.073001
9.784 1.072661
9.786 1.072323
9.788 1.071985
9.790 1.071648
9.792 1.071312
9.794 1.070977
9.796 1.070642
9.798 1.070309
9.800 1.069976
9.802 1.070214
9.804 1.069608
9.806 1.068856
9.808 1.068401
9.810 1.068195
9.812 1.068007
9.814 1.067720
9.816 1.067360
9.818 1.066999
9.820 1.066667
9.822 1.066353
9.824 1.066038
9.826 1.065716
9.828 1.065391
9.830 1.065068
9.832 1.064748
9.834 1.064430
9.836 1.064112
9.838 1.063795
9.840 1.063477
9.842 1.063161
9.844 1.062846
9.846 1.062531
9.848 1.062217
9.850 1.061905
9.852 1.061592
9.854 1.061281
9.856 1.060970
9.858 1.060660
9.860 1.060351
9.862 1.060043
9.864 1.059735
9.866 1.059428
9.868 1.059122
9.870 1.058817
9.872 1.058513
9.874 1.058209
9.876 1.057906
9.878 1.057098
9.880 1.056534
9.882 1.056848
9.884 1.057032
9.886 1.056735
9.888 1.056204
9.890 1.055748
9.892 1.055445
9.894 1.055210
9.896 1.054953
9.898 1.054656
9.900 1.054345
9.902 1.054044
9.904 1.053755
9.906 1.053469
9.908 1.053181
9.910 1.052890
9.912 1.052599
9.914 1.052310
9.916 1.052022
9.918 1.051736
9.920 1.051450
9.922 1.051165
9.924 1.050881
9.926 1.050597
9.928 1.050315
9.930 1.050033
9.932 1.049752
9.934 1.049472
9.936 1.049192
9.938 1.048914
9.940 1.048636
9.942 1.048359
9.944 1.048083
9.946 1.047808
9.948 1.047533
9.950 1.047260
9.952 1.046987
9.954 1.046714
9.956 1.046443
9.958 1.046173
9.960 1.045903
9.962 1.045634
9.964 1.045366
9.966 1.045099
9.968 1.044833
9.970 1.044567
9.972 1.044302
9.974 1.044038
9.976 1.043775
9.978 1.043512
9.980 1.043250
9.982 1.042990
9.984 1.042730
9.986 1.042471
9.988 1.042212
9.990 1.041954
9.992 1.041697
9.994 1.041441
9.996 1.041186
9.998 1.040932
10.000 1.040678
10.002 1.040425
10.004 1.040173
10.006 1.039922
10.008 1.039672
10.010 1.039422
10.012 1.039173
10.014 1.038925
10.016 1.038678
10.018 1.038432
10.020 1.038186
10.022 1.037942
10.024 1.037698
10.026 1.037454
10.028 1.037212
10.030 1.036970
10.032 1.036729
10.034 1.036489
10.036 1.036250
10.038 1.036011
10.040 1.035774
10.042 1.035537
10.044 1.035301
10.046 1.035066
10.048 1.034831
10.050 1.034598
10.052 1.034365
10.054 1.034133
10.056 1.033902
10.058 1.033672
10.060 1.033442
10.062 1.033213
10.064 1.032985
10.066 1.032758
10.068 1.032531
10.070 1.032306
10.072 1.032428
10.074 1.032040
10.076 1.031562
10.078 1.031263
10.080 1.031114
10.082 1.030977
10.084 1.030780
10.086 1.030541
10.088 1.030302
10.090 1.030080
10.092 1.029869
10.094 1.029658
10.096 1.029444
10.098 1.029228
10.100 1.029013
10.102 1.028800
10.104 1.028589
10.106 1.028379
10.108 1.028169
10.110 1.027959
10.112 1.027750
10.114 1.027543
10.116 1.027336
10.118 1.027129
10.120 1.026924
10.122 1.026719
10.124 1.026515
10.126 1.026312
10.128 1.026110
10.130 1.025908
10.132 1.026006
10.134 1.025666
10.136 1.025249
10.138 1.024985
10.140 1.024848
10.142 1.024723
10.144 1.024547
10.146 1.024335
10.148 1.024122
10.150 1.023925
10.152 1.023737
10.154 1.023550
10.156 1.023360
10.158 1.023168
10.160 1.022977
10.162 1.022788
10.164 1.022601
10.166 1.022415
10.168 1.022229
10.170 1.022043
10.172 1.021858
10.174 1.021674
10.176 1.021491
10.178 1.021309
10.180 1.021128
10.182 1.020947
10.184 1.020767
10.186 1.020588
10.188 1.020409
10.190 1.020232
10.192 1.020056
10.194 1.019879
10.196 1.019704
10.198 1.019530
10.200 1.019357
10.202 1.019425
10.204 1.019142
10.206 1.018796
10.208 1.018571
10.210 1.018450
10.212 1.018338
10.214 1.018186
10.216 1.018005
10.218 1.017824
10.220 1.017655
10.222 1.017495
10.224 1.017335
10.226 1.017172
10.228 1.017008
10.230 1.016846
10.232 1.016685
10.234 1.016526
10.236 1.016367
10.238 1.016208
10.240 1.016051
10.242 1.015894
10.244 1.015739
10.246 1.015584
10.248 1.015429
10.250 1.015276
10.252 1.015123
10.254 1.014971
10.256 1.014820
10.258 1.014864
10.260 1.014626
10.262 1.014529
10.264 1.014250
10.266 1.014004
10.268 1.013859
10.270 1.013948
10.272 1.013753
10.274 1.013477
10.276 1.013278
10.278 1.013164
10.280 1.013242
10.282 1.013213
10.284 1.012859
10.286 1.012543
10.288 1.012396
10.290 1.012335
10.292 1.012253
10.294 1.012119
10.296 1.011962
10.298 1.011815
10.300 1.011682
10.302 1.011556
10.304 1.011428
10.306 1.011296
10.308 1.011164
10.310 1.011034
10.312 1.010906
10.314 1.010779
10.316 1.010507
10.318 1.010444
10.320 1.010421
10.322 1.010330
10.324 1.010180
10.326 1.009887
10.328 1.009816
10.330 1.009799
10.332 1.009718
10.334 1.009575
10.336 1.009424
10.338 1.009295
10.340 1.009184
10.342 1.009076
10.344 1.008963
10.346 1.008845
10.348 1.008728
10.350 1.008614
10.352 1.008502
10.354 1.008391
10.356 1.008280
10.358 1.008169
10.360 1.008060
10.362 1.007951
10.364 1.007843
10.366 1.007736
10.368 1.007629
10.370 1.007524
10.372 1.007419
10.374 1.007315
10.376 1.007212
10.378 1.007110
10.380 1.007008
10.382 1.006907
10.384 1.006807
10.386 1.006708
10.388 1.006610
10.390 1.006427
10.392 1.006364
10.394 1.006408
10.396 1.006300
10.398 1.006136
10.400 1.006007
10.402 1.005922
10.404 1.005850
10.406 1.005768
10.408 1.005674
10.410 1.005579
10.412 1.005487
10.414 1.005401
10.416 1.005315
10.418 1.005229
10.420 1.005144
10.422 1.005058
10.424 1.004974
10.426 1.004890
10.428 1.004808
10.430 1.004780
10.432 1.004733
10.434 1.004602
10.436 1.004477
10.438 1.004391
10.440 1.004327
10.442 1.004261
10.444 1.004184
10.446 1.004103
10.448 1.004026
10.450 1.003953
10.452 1.003881
10.454 1.003810
10.456 1.003739
10.458 1.003668
10.460 1.003598
10.462 1.003530
10.464 1.003462
10.466 1.003394
10.468 1.003327
10.470 1.003243
10.472 1.003180
10.474 1.003124
10.476 1.003066
10.478 1.003006
10.480 1.002945
10.482 1.002884
10.484 1.002825
10.486 1.002766
10.488 1.002707
10.490 1.002649
10.492 1.002592
10.494 1.002536
10.496 1.002481
10.498 1.002426
10.500 1.002373
10.502 1.002320
10.504 1.002267
10.506 1.002214
10.508 1.002160
10.510 1.002107
10.512 1.002055
10.514 1.002003
10.516 1.001951
10.518 1.001900
10.520 1.001849
10.522 1.001799
10.524 1.001748
10.526 1.001696
10.528 1.001645
10.530 1.001593
10.532 1.001531
10.534 1.001493
10.536 1.001456
10.538 1.001407
10.540 1.001350
10.542 1.001294
10.544 1.001243
10.546 1.001195
10.548 1.001149
10.550 1.001103
10.552 1.001057
10.554 1.001011
10.556 1.000966
10.558 1.000921
10.560 1.000877
10.562 1.000834
10.564 1.000791
10.566 1.000750
10.568 1.000709
10.570 1.000669
10.572 1.000630
10.574 1.000592
10.576 1.000555
10.578 1.000518
10.580 1.000482
10.582 1.000441
10.584 1.000413
10.586 1.000387
10.588 1.000355
10.590 1.000320
10.592 1.000286
10.594 1.000255
10.596 1.000226
10.598 1.000199
10.600 1.000173
10.602 1.000147
10.604 1.000122
10.606 1.000098
10.608 1.000075
10.610 1.000053
10.612 1.000032
10.614 1.000012
10.616 0.999992
10.618 0.999974
10.620 0.999957
10.622 0.999940
10.624 0.999925
10.626 0.999910
10.628 0.999897
10.630 0.999884
10.632 0.999872
