0.000 -2.738119
0.002 -2.738118
0.004 -2.738117
0.006 -2.738115
0.008 -2.738112
0.010 -2.738109
0.012 -2.738109
0.014 -2.738099
0.016 -2.738093
0.018 -2.738086
0.020 -2.738079
0.022 -2.738070
0.024 -2.738061
0.026 -2.738051
0.028 -2.738040
0.030 -2.738029
0.032 -2.738016
0.034 -2.738003
0.036 -2.737989
0.038 -2.737974
0.040 -2.737959
0.042 -2.737942
0.044 -2.737925
0.046 -2.737907
0.048 -2.737888
0.050 -2.737888
0.052 -2.737848
0.054 -2.737848
0.056 -2.737827
0.058 -2.737782
0.060 -2.737782
0.062 -2.737759
0.064 -2.737709
0.066 -2.737683
0.068 -2.737656
0.070 -2.737629
0.072 -2.737600
0.074 -2.737571
0.076 -2.737541
0.078 -2.737510
0.080 -2.737479
0.082 -2.737446
0.084 -2.737413
0.086 -2.737379
0.088 -2.737344
0.090 -2.737309
0.092 -2.737272
0.094 -2.737235
0.096 -2.737197
0.098 -2.737158
0.100 -2.737119
0.102 -2.737078
0.104 -2.737037
0.106 -2.736995
0.108 -2.736952
0.110 -2.736909
0.112 -2.736864
0.114 -2.736819
0.116 -2.736773
0.118 -2.736726
0.120 -2.736679
0.122 -2.736630
0.124 -2.736581
0.126 -2.736531
0.128 -2.736480
0.130 -2.736429
0.132 -2.736376
0.134 -2.736323
0.136 -2.736269
0.138 -2.736214
0.140 -2.736159
0.142 -2.736102
0.144 -2.736045
0.146 -2.735987
0.148 -2.735928
0.150 -2.735928
0.152 -2.735808
0.154 -2.735747
0.156 -2.735685
0.158 -2.735622
0.160 -2.735559
0.162 -2.735494
0.164 -2.735429
0.166 -2.735363
0.168 -2.735296
0.170 -2.735229
0.172 -2.735160
0.174 -2.735091
0.176 -2.735021
0.178 -2.734950
0.180 -2.734950
0.182 -2.734806
0.184 -2.734733
0.186 -2.734659
0.188 -2.734584
0.190 -2.734509
0.192 -2.734432
0.194 -2.734355
0.196 -2.734277
0.198 -2.734198
0.200 -2.734119
0.202 -2.734038
0.204 -2.733957
0.206 -2.733875
0.208 -2.733792
0.210 -2.733709
0.212 -2.733624
0.214 -2.733539
0.216 -2.733453
0.218 -2.733366
0.220 -2.733279
0.222 -2.733190
0.224 -2.733101
0.226 -2.733011
0.228 -2.732920
0.230 -2.732829
0.232 -2.732736
0.234 -2.732643
0.236 -2.732549
0.238 -2.732454
0.240 -2.732359
0.242 -2.732262
0.244 -2.732165
0.246 -2.732067
0.248 -2.731968
0.250 -2.731869
0.252 -2.731768
0.254 -2.731667
0.256 -2.731565
0.258 -2.731462
0.260 -2.731359
0.262 -2.731254
0.264 -2.731149
0.266 -2.731043
0.268 -2.730936
0.270 -2.730829
0.272 -2.730720
0.274 -2.730611
0.276 -2.730501
0.278 -2.730390
0.280 -2.730279
0.282 -2.730166
0.284 -2.730053
0.286 -2.729939
0.288 -2.729824
0.290 -2.729709
0.292 -2.729592
0.294 -2.729475
0.296 -2.729357
0.298 -2.729238
0.300 -2.729119
0.302 -2.728998
0.304 -2.728877
0.306 -2.728755
0.308 -2.728632
0.310 -2.728509
0.312 -2.728384
0.314 -2.728259
0.316 -2.728133
0.318 -2.728006
0.320 -2.727879
0.322 -2.727750
0.324 -2.727621
0.326 -2.727491
0.328 -2.727360
0.330 -2.727229
0.332 -2.727096
0.334 -2.726963
0.336 -2.726829
0.338 -2.726694
0.340 -2.726559
0.342 -2.726422
0.344 -2.726285
0.346 -2.726147
0.348 -2.726147
0.350 -2.726147
0.352 -2.725728
0.354 -2.725587
0.356 -2.725445
0.358 -2.725302
0.360 -2.725159
0.362 -2.725014
0.364 -2.724869
0.366 -2.724723
0.368 -2.724576
0.370 -2.724429
0.372 -2.724280
0.374 -2.724131
0.376 -2.723981
0.378 -2.723830
0.380 -2.723679
0.382 -2.723526
0.384 -2.723373
0.386 -2.723219
0.388 -2.723064
0.390 -2.723064
0.392 -2.722752
0.394 -2.722595
0.396 -2.722437
0.398 -2.722278
0.400 -2.722119
0.402 -2.721958
0.404 -2.721635
0.406 -2.721635
0.408 -2.721472
0.410 -2.721309
0.412 -2.721144
0.414 -2.720979
0.416 -2.720813
0.418 -2.720646
0.420 -2.720479
0.422 -2.720310
0.424 -2.720141
0.426 -2.719971
0.428 -2.719800
0.430 -2.719629
0.432 -2.719456
0.434 -2.719283
0.436 -2.718759
0.438 -2.718405
0.440 -2.718405
0.442 -2.718405
0.444 -2.718405
0.446 -2.718227
0.448 -2.718048
0.450 -2.717869
0.452 -2.717688
0.454 -2.717507
0.456 -2.717325
0.458 -2.717142
0.460 -2.716959
0.462 -2.716774
0.464 -2.716589
0.466 -2.716403
0.468 -2.716216
0.470 -2.716029
0.472 -2.715840
0.474 -2.715651
0.476 -2.715461
0.478 -2.715270
0.480 -2.715079
0.482 -2.714886
0.484 -2.714693
0.486 -2.714499
0.488 -2.714304
0.490 -2.714109
0.492 -2.713912
0.494 -2.713715
0.496 -2.713517
0.498 -2.713318
0.500 -2.713119
0.502 -2.712918
0.504 -2.712717
0.506 -2.712515
0.508 -2.712312
0.510 -2.712109
0.512 -2.711904
0.514 -2.711699
0.516 -2.711493
0.518 -2.711286
0.520 -2.711079
0.522 -2.710870
0.524 -2.710661
0.526 -2.710451
0.528 -2.710240
0.530 -2.710240
0.532 -2.709816
0.534 -2.709603
0.536 -2.709389
0.538 -2.709174
0.540 -2.708959
0.542 -2.708742
0.544 -2.708525
0.546 -2.708307
0.548 -2.708088
0.550 -2.707869
0.552 -2.707648
0.554 -2.707427
0.556 -2.707205
0.558 -2.706982
0.560 -2.706759
0.562 -2.706759
0.564 -2.706309
0.566 -2.706083
0.568 -2.705856
0.570 -2.705629
0.572 -2.705400
0.574 -2.705171
0.576 -2.704941
0.578 -2.704710
0.580 -2.704479
0.582 -2.704246
0.584 -2.704013
0.586 -2.703779
0.588 -2.703544
0.590 -2.703544
0.592 -2.703309
0.594 -2.702835
0.596 -2.702597
0.598 -2.702358
0.600 -2.702119
0.602 -2.701878
0.604 -2.701637
0.606 -2.701395
0.608 -2.701152
0.610 -2.700909
0.612 -2.700664
0.614 -2.700419
0.616 -2.700173
0.618 -2.699926
0.620 -2.699679
0.622 -2.699430
0.624 -2.699181
0.626 -2.698931
0.628 -2.698680
0.630 -2.698429
0.632 -2.698176
0.634 -2.697923
0.636 -2.697669
0.638 -2.696645
0.640 -2.696387
0.642 -2.696387
0.644 -2.696387
0.646 -2.696387
0.648 -2.696128
0.650 -2.695869
0.652 -2.695608
0.654 -2.695347
0.656 -2.695085
0.658 -2.694822
0.660 -2.694559
0.662 -2.694294
0.664 -2.694029
0.666 -2.693763
0.668 -2.693229
0.670 -2.693229
0.672 -2.692960
0.674 -2.692691
0.676 -2.692421
0.678 -2.692150
0.680 -2.691879
0.682 -2.691606
0.684 -2.691333
0.686 -2.691059
0.688 -2.690784
0.690 -2.690509
0.692 -2.690232
0.694 -2.689955
0.696 -2.689677
0.698 -2.689398
0.700 -2.689119
0.702 -2.688838
0.704 -2.688557
0.706 -2.688275
0.708 -2.687992
0.710 -2.687709
0.712 -2.687424
0.714 -2.687139
0.716 -2.686853
0.718 -2.686566
0.720 -2.686279
0.722 -2.685990
0.724 -2.685701
0.726 -2.685411
0.728 -2.685120
0.730 -2.684829
0.732 -2.684536
0.734 -2.684243
0.736 -2.683949
0.738 -2.683654
0.740 -2.683359
0.742 -2.683062
0.744 -2.682765
0.746 -2.682467
0.748 -2.682168
0.750 -2.681869
0.752 -2.681568
0.754 -2.681267
0.756 -2.680965
0.758 -2.680662
0.760 -2.680359
0.762 -2.680054
0.764 -2.679749
0.766 -2.679443
0.768 -2.679136
0.770 -2.678829
0.772 -2.678520
0.774 -2.678211
0.776 -2.677901
0.778 -2.677590
0.780 -2.677279
0.782 -2.676966
0.784 -2.676653
0.786 -2.676339
0.788 -2.676024
0.790 -2.675709
0.792 -2.675392
0.794 -2.675075
0.796 -2.674757
0.798 -2.674438
0.800 -2.674119
0.802 -2.673798
0.804 -2.673477
0.806 -2.673155
0.808 -2.672832
0.810 -2.672509
0.812 -2.672184
0.814 -2.671859
0.816 -2.671533
0.818 -2.671206
0.820 -2.670879
0.822 -2.670550
0.824 -2.670221
0.826 -2.669891
0.828 -2.669560
0.830 -2.669229
0.832 -2.668896
0.834 -2.668563
0.836 -2.668229
0.838 -2.667894
0.840 -2.667559
0.842 -2.667222
0.844 -2.666885
0.846 -2.666547
0.848 -2.666208
0.850 -2.665869
0.852 -2.665528
0.854 -2.665187
0.856 -2.664845
0.858 -2.664502
0.860 -2.664159
0.862 -2.663814
0.864 -2.663469
0.866 -2.663123
0.868 -2.663123
0.870 -2.662429
0.872 -2.662080
0.874 -2.661731
0.876 -2.661381
0.878 -2.661030
0.880 -2.660679
0.882 -2.660326
0.884 -2.659973
0.886 -2.659619
0.888 -2.659264
0.890 -2.658909
0.892 -2.658552
0.894 -2.658195
0.896 -2.657837
0.898 -2.657478
0.900 -2.657119
0.902 -2.656758
0.904 -2.656397
0.906 -2.656035
0.908 -2.655309
0.910 -2.655309
0.912 -2.654944
0.914 -2.654579
0.916 -2.654213
0.918 -2.653846
0.920 -2.653479
0.922 -2.653110
0.924 -2.652741
0.926 -2.652371
0.928 -2.652000
0.930 -2.651629
0.932 -2.651256
0.934 -2.650883
0.936 -2.650509
0.938 -2.650134
0.940 -2.649759
0.942 -2.649382
0.944 -2.649005
0.946 -2.648627
0.948 -2.647869
0.950 -2.647869
0.952 -2.647488
0.954 -2.647107
0.956 -2.646725
0.958 -2.646342
0.960 -2.645959
0.962 -2.645574
0.964 -2.645189
0.966 -2.644803
0.968 -2.644416
0.970 -2.644029
0.972 -2.643640
0.974 -2.643251
0.976 -2.642861
0.978 -2.642470
0.980 -2.642079
0.982 -2.641686
0.984 -2.641293
0.986 -2.640899
0.988 -2.640504
0.990 -2.640109
0.992 -2.639712
0.994 -2.639315
0.996 -2.638917
0.998 -2.638518
1.000 -2.638119
1.002 -2.637718
1.004 -2.637317
1.006 -2.636915
1.008 -2.636512
1.010 -2.636109
1.012 -2.635704
1.014 -2.635299
1.016 -2.634893
1.018 -2.634486
1.020 -2.634079
1.022 -2.633670
1.024 -2.633261
1.026 -2.632851
1.028 -2.632440
1.030 -2.632029
1.032 -2.631616
1.034 -2.631203
1.036 -2.630789
1.038 -2.630374
1.040 -2.629959
1.042 -2.629542
1.044 -2.629125
1.046 -2.628707
1.048 -2.628288
1.050 -2.627869
1.052 -2.627448
1.054 -2.627027
1.056 -2.626605
1.058 -2.626182
1.060 -2.625759
1.062 -2.625334
1.064 -2.624909
1.066 -2.624483
1.068 -2.624056
1.070 -2.623629
1.072 -2.623200
1.074 -2.622771
1.076 -2.622341
1.078 -2.621910
1.080 -2.621479
1.082 -2.621046
1.084 -2.620613
1.086 -2.620179
1.088 -2.619744
1.090 -2.619309
1.092 -2.618872
1.094 -2.618435
1.096 -2.617997
1.098 -2.617558
1.100 -2.617119
1.102 -2.616678
1.104 -2.616237
1.106 -2.615795
1.108 -2.614909
1.110 -2.614909
1.112 -2.614464
1.114 -2.614019
1.116 -2.613573
1.118 -2.613126
1.120 -2.612679
1.122 -2.612230
1.124 -2.611781
1.126 -2.611331
1.128 -2.610880
1.130 -2.610429
1.132 -2.609976
1.134 -2.609523
1.136 -2.609069
1.138 -2.609069
1.140 -2.608159
1.142 -2.607702
1.144 -2.607245
1.146 -2.606787
1.148 -2.606328
1.150 -2.606328
1.152 -2.605408
1.154 -2.604947
1.156 -2.604485
1.158 -2.604022
1.160 -2.603559
1.162 -2.603094
1.164 -2.602629
1.166 -2.602163
1.168 -2.601696
1.170 -2.601229
1.172 -2.600760
1.174 -2.600291
1.176 -2.599821
1.178 -2.599350
1.180 -2.598879
1.182 -2.598406
1.184 -2.597933
1.186 -2.597459
1.188 -2.596984
1.190 -2.596509
1.192 -2.596032
1.194 -2.595555
1.196 -2.595077
1.198 -2.594598
1.200 -2.594119
1.202 -2.593638
1.204 -2.593157
1.206 -2.592675
1.208 -2.592192
1.210 -2.591709
1.212 -2.591224
1.214 -2.590739
1.216 -2.590253
1.218 -2.589766
1.220 -2.589279
1.222 -2.588790
1.224 -2.588301
1.226 -2.587811
1.228 -2.587811
1.230 -2.586829
1.232 -2.586336
1.234 -2.585843
1.236 -2.585349
1.238 -2.584854
1.240 -2.584359
1.242 -2.583862
1.244 -2.583365
1.246 -2.582867
1.248 -2.582368
1.250 -2.581869
1.252 -2.581368
1.254 -2.580867
1.256 -2.580365
1.258 -2.579862
1.260 -2.579359
1.262 -2.578854
1.264 -2.578349
1.266 -2.577843
1.268 -2.577843
1.270 -2.577336
1.272 -2.576320
1.274 -2.575811
1.276 -2.575301
1.278 -2.574790
1.280 -2.574279
1.282 -2.573766
1.284 -2.573253
1.286 -2.572739
1.288 -2.572224
1.290 -2.571709
1.292 -2.571192
1.294 -2.570675
1.296 -2.570157
1.298 -2.569638
1.300 -2.569119
1.302 -2.568598
1.304 -2.568077
1.306 -2.567555
1.308 -2.567032
1.310 -2.566509
1.312 -2.565984
1.314 -2.565459
1.316 -2.564933
1.318 -2.564406
1.320 -2.563879
1.322 -2.563350
1.324 -2.562821
1.326 -2.562291
1.328 -2.561760
1.330 -2.561229
1.332 -2.560696
1.334 -2.560163
1.336 -2.559629
1.338 -2.559094
1.340 -2.558559
1.342 -2.558022
1.344 -2.557485
1.346 -2.556947
1.348 -2.556408
1.350 -2.556408
1.352 -2.555328
1.354 -2.554787
1.356 -2.554245
1.358 -2.553702
1.360 -2.553159
1.362 -2.552614
1.364 -2.552069
1.366 -2.551523
1.368 -2.550976
1.370 -2.550429
1.372 -2.549880
1.374 -2.549331
1.376 -2.548781
1.378 -2.548230
1.380 -2.547679
1.382 -2.547126
1.384 -2.546573
1.386 -2.546019
1.388 -2.546019
1.390 -2.546019
1.392 -2.546019
1.394 -2.546019
1.396 -2.546019
1.398 -2.545464
1.400 -2.544352
1.402 -2.544352
1.404 -2.542678
1.406 -2.542119
1.408 -2.541558
1.410 -2.540997
1.412 -2.540435
1.414 -2.539872
1.416 -2.539309
1.418 -2.538744
1.420 -2.538179
1.422 -2.537613
1.424 -2.537046
1.426 -2.536479
1.428 -2.535910
1.430 -2.535341
1.432 -2.534771
1.434 -2.534200
1.436 -2.533629
1.438 -2.533056
1.440 -2.533056
1.442 -2.533056
1.444 -2.531909
1.446 -2.530759
1.448 -2.530182
1.450 -2.529605
1.452 -2.529027
1.454 -2.528448
1.456 -2.527869
1.458 -2.527288
1.460 -2.526707
1.462 -2.526125
1.464 -2.525542
1.466 -2.524959
1.468 -2.524374
1.470 -2.523789
1.472 -2.523789
1.474 -2.522616
1.476 -2.522029
1.478 -2.521440
1.480 -2.521440
1.482 -2.520261
1.484 -2.519670
1.486 -2.519079
1.488 -2.518486
1.490 -2.517893
1.492 -2.517299
1.494 -2.516704
1.496 -2.516109
1.498 -2.515512
1.500 -2.514915
1.502 -2.514317
1.504 -2.513718
1.506 -2.513119
1.508 -2.511919
1.510 -2.511319
1.512 -2.511319
1.514 -2.510719
1.516 -2.510119
1.518 -2.509519
1.520 -2.508919
1.522 -2.508319
1.524 -2.507719
1.526 -2.507119
1.528 -2.506519
1.530 -2.505919
1.532 -2.505319
1.534 -2.504719
1.536 -2.504119
1.538 -2.504119
1.540 -2.502919
1.542 -2.502319
1.544 -2.501719
1.546 -2.501119
1.548 -2.500519
1.550 -2.499919
1.552 -2.499319
1.554 -2.498719
1.556 -2.497519
1.558 -2.496919
1.560 -2.496919
1.562 -2.496319
1.564 -2.495719
1.566 -2.495119
1.568 -2.494519
1.570 -2.493919
1.572 -2.493319
1.574 -2.492719
1.576 -2.492119
1.578 -2.491519
1.580 -2.490919
1.582 -2.490319
1.584 -2.489719
1.586 -2.489119
1.588 -2.488519
1.590 -2.487919
1.592 -2.487919
1.594 -2.486719
1.596 -2.486119
1.598 -2.485519
1.600 -2.484919
1.602 -2.484319
1.604 -2.483719
1.606 -2.483119
1.608 -2.482519
1.610 -2.481919
1.612 -2.481319
1.614 -2.480719
1.616 -2.480119
1.618 -2.479519
1.620 -2.478919
1.622 -2.478319
1.624 -2.477719
1.626 -2.477119
1.628 -2.476519
1.630 -2.475919
1.632 -2.475319
1.634 -2.474719
1.636 -2.474119
1.638 -2.473519
1.640 -2.473519
1.642 -2.473519
1.644 -2.473519
1.646 -2.472319
1.648 -2.470519
1.650 -2.469919
1.652 -2.469319
1.654 -2.468719
1.656 -2.468119
1.658 -2.467519
1.660 -2.466919
1.662 -2.466319
1.664 -2.465719
1.666 -2.465119
1.668 -2.464519
1.670 -2.463919
1.672 -2.463319
1.674 -2.462719
1.676 -2.462119
1.678 -2.461519
1.680 -2.460919
1.682 -2.460319
1.684 -2.459719
1.686 -2.459119
1.688 -2.458519
1.690 -2.457919
1.692 -2.457319
1.694 -2.456719
1.696 -2.456119
1.698 -2.455519
1.700 -2.454919
1.702 -2.454319
1.704 -2.453719
1.706 -2.453119
1.708 -2.452519
1.710 -2.451919
1.712 -2.451319
1.714 -2.450719
1.716 -2.450119
1.718 -2.449519
1.720 -2.448919
1.722 -2.448319
1.724 -2.447719
1.726 -2.447119
1.728 -2.446519
1.730 -2.445919
1.732 -2.445319
1.734 -2.444719
1.736 -2.444119
1.738 -2.443519
1.740 -2.442919
1.742 -2.442319
1.744 -2.441719
1.746 -2.441119
1.748 -2.440519
1.750 -2.439919
1.752 -2.439319
1.754 -2.438719
1.756 -2.438119
1.758 -2.437519
1.760 -2.436919
1.762 -2.436319
1.764 -2.435719
1.766 -2.435119
1.768 -2.434519
1.770 -2.433919
1.772 -2.433319
1.774 -2.432719
1.776 -2.432119
1.778 -2.431519
1.780 -2.430919
1.782 -2.430319
1.784 -2.429719
1.786 -2.429119
1.788 -2.428519
1.790 -2.427919
1.792 -2.427319
1.794 -2.426719
1.796 -2.426119
1.798 -2.425519
1.800 -2.424919
1.802 -2.424319
1.804 -2.423719
1.806 -2.423119
1.808 -2.422519
1.810 -2.421919
1.812 -2.421319
1.814 -2.420719
1.816 -2.420119
1.818 -2.419519
1.820 -2.418919
1.822 -2.418319
1.824 -2.417719
1.826 -2.417119
1.828 -2.414719
1.830 -2.414719
1.832 -2.414719
1.834 -2.414719
1.836 -2.414119
1.838 -2.413519
1.840 -2.412919
1.842 -2.412319
1.844 -2.411719
1.846 -2.411119
1.848 -2.410519
1.850 -2.409919
1.852 -2.409319
1.854 -2.408719
1.856 -2.408119
1.858 -2.407519
1.860 -2.406919
1.862 -2.406319
1.864 -2.405719
1.866 -2.405119
1.868 -2.404519
1.870 -2.403919
1.872 -2.403919
1.874 -2.402719
1.876 -2.402119
1.878 -2.401519
1.880 -2.400919
1.882 -2.400319
1.884 -2.399719
1.886 -2.399119
1.888 -2.398519
1.890 -2.397919
1.892 -2.397319
1.894 -2.396719
1.896 -2.396119
1.898 -2.395519
1.900 -2.394919
1.902 -2.394319
1.904 -2.393719
1.906 -2.393119
1.908 -2.392519
1.910 -2.391919
1.912 -2.391319
1.914 -2.390719
1.916 -2.390119
1.918 -2.389519
1.920 -2.388919
1.922 -2.388319
1.924 -2.387719
1.926 -2.387119
1.928 -2.386519
1.930 -2.385919
1.932 -2.385319
1.934 -2.384719
1.936 -2.384119
1.938 -2.383519
1.940 -2.382919
1.942 -2.382319
1.944 -2.381719
1.946 -2.381119
1.948 -2.380519
1.950 -2.380519
1.952 -2.380519
1.954 -2.378719
1.956 -2.378119
1.958 -2.377519
1.960 -2.376919
1.962 -2.376319
1.964 -2.375719
1.966 -2.375119
1.968 -2.374519
1.970 -2.373919
1.972 -2.373319
1.974 -2.372719
1.976 -2.372119
1.978 -2.371519
1.980 -2.370919
1.982 -2.370319
1.984 -2.369719
1.986 -2.369119
1.988 -2.368519
1.990 -2.367919
1.992 -2.367319
1.994 -2.366719
1.996 -2.366119
1.998 -2.365519
2.000 -2.365519
2.002 -2.364319
2.004 -2.363719
2.006 -2.363119
2.008 -2.362519
2.010 -2.361919
2.012 -2.361319
2.014 -2.360719
2.016 -2.360119
2.018 -2.359519
2.020 -2.358919
2.022 -2.358319
2.024 -2.357719
2.026 -2.357119
2.028 -2.356519
2.030 -2.355919
2.032 -2.355319
2.034 -2.354719
2.036 -2.354119
2.038 -2.353519
2.040 -2.352919
2.042 -2.352319
2.044 -2.351719
2.046 -2.351119
2.048 -2.350519
2.050 -2.349919
2.052 -2.349319
2.054 -2.348719
2.056 -2.348119
2.058 -2.347519
2.060 -2.346919
2.062 -2.346319
2.064 -2.345719
2.066 -2.345119
2.068 -2.343919
2.070 -2.343919
2.072 -2.343319
2.074 -2.342719
2.076 -2.342119
2.078 -2.341519
2.080 -2.340919
2.082 -2.340319
2.084 -2.339719
2.086 -2.339119
2.088 -2.338519
2.090 -2.337919
2.092 -2.337319
2.094 -2.336719
2.096 -2.336119
2.098 -2.335519
2.100 -2.334919
2.102 -2.334319
2.104 -2.333719
2.106 -2.333119
2.108 -2.332519
2.110 -2.331919
2.112 -2.331319
2.114 -2.330719
2.116 -2.330119
2.118 -2.329519
2.120 -2.328919
2.122 -2.327719
2.124 -2.327719
2.126 -2.327119
2.128 -2.326519
2.130 -2.325919
2.132 -2.325319
2.134 -2.325319
2.136 -2.324119
2.138 -2.323519
2.140 -2.322919
2.142 -2.322319
2.144 -2.321719
2.146 -2.321119
2.148 -2.320519
2.150 -2.319919
2.152 -2.319319
2.154 -2.318719
2.156 -2.318119
2.158 -2.317519
2.160 -2.316919
2.162 -2.316319
2.164 -2.315719
2.166 -2.315719
2.168 -2.314519
2.170 -2.313919
2.172 -2.313319
2.174 -2.312719
2.176 -2.312119
2.178 -2.311519
2.180 -2.310919
2.182 -2.310319
2.184 -2.309719
2.186 -2.309119
2.188 -2.308519
2.190 -2.307919
2.192 -2.307319
2.194 -2.306719
2.196 -2.306119
2.198 -2.305519
2.200 -2.304919
2.202 -2.304319
2.204 -2.303719
2.206 -2.303119
2.208 -2.302519
2.210 -2.301919
2.212 -2.301319
2.214 -2.300719
2.216 -2.300119
2.218 -2.299519
2.220 -2.298919
2.222 -2.298319
2.224 -2.297719
2.226 -2.297119
2.228 -2.296519
2.230 -2.295919
2.232 -2.295319
2.234 -2.294719
2.236 -2.294119
2.238 -2.293519
2.240 -2.292919
2.242 -2.292319
2.244 -2.291719
2.246 -2.291119
2.248 -2.290519
2.250 -2.289919
2.252 -2.289319
2.254 -2.288719
2.256 -2.288119
2.258 -2.287519
2.260 -2.286919
2.262 -2.286319
2.264 -2.285719
2.266 -2.285119
2.268 -2.284519
2.270 -2.283919
2.272 -2.283319
2.274 -2.282719
2.276 -2.282119
2.278 -2.281519
2.280 -2.280919
2.282 -2.280319
2.284 -2.279719
2.286 -2.279119
2.288 -2.278519
2.290 -2.277919
2.292 -2.277319
2.294 -2.276719
2.296 -2.276119
2.298 -2.275519
2.300 -2.274919
2.302 -2.274319
2.304 -2.273719
2.306 -2.273119
2.308 -2.272519
2.310 -2.271919
2.312 -2.271919
2.314 -2.270719
2.316 -2.270119
2.318 -2.269519
2.320 -2.268919
2.322 -2.268319
2.324 -2.267719
2.326 -2.267119
2.328 -2.266519
2.330 -2.265919
2.332 -2.265319
2.334 -2.264719
2.336 -2.264119
2.338 -2.263519
2.340 -2.262919
2.342 -2.262319
2.344 -2.261719
2.346 -2.261119
2.348 -2.260519
2.350 -2.259919
2.352 -2.259319
2.354 -2.258719
2.356 -2.258119
2.358 -2.257519
2.360 -2.256919
2.362 -2.256319
2.364 -2.255719
2.366 -2.255119
2.368 -2.254519
2.370 -2.253919
2.372 -2.253319
2.374 -2.252719
2.376 -2.252119
2.378 -2.251519
2.380 -2.250919
2.382 -2.250319
2.384 -2.249719
2.386 -2.249119
2.388 -2.249119
2.390 -2.247919
2.392 -2.247319
2.394 -2.246719
2.396 -2.246119
2.398 -2.245519
2.400 -2.244919
2.402 -2.244319
2.404 -2.243719
2.406 -2.243119
2.408 -2.242519
2.410 -2.241919
2.412 -2.241319
2.414 -2.240719
2.416 -2.240119
2.418 -2.239519
2.420 -2.238919
2.422 -2.238319
2.424 -2.237719
2.426 -2.237119
2.428 -2.236519
2.430 -2.235919
2.432 -2.235319
2.434 -2.234719
2.436 -2.234119
2.438 -2.233519
2.440 -2.232919
2.442 -2.232319
2.444 -2.231719
2.446 -2.231119
2.448 -2.230519
2.450 -2.229919
2.452 -2.229319
2.454 -2.228719
2.456 -2.228119
2.458 -2.227519
2.460 -2.226919
2.462 -2.226319
2.464 -2.225719
2.466 -2.225119
2.468 -2.224519
2.470 -2.223919
2.472 -2.223319
2.474 -2.222719
2.476 -2.222119
2.478 -2.221519
2.480 -2.220919
2.482 -2.220319
2.484 -2.219719
2.486 -2.219119
2.488 -2.218519
2.490 -2.217919
2.492 -2.217319
2.494 -2.216719
2.496 -2.216119
2.498 -2.215519
2.500 -2.214919
2.502 -2.214319
2.504 -2.213719
2.506 -2.213119
2.508 -2.213119
2.510 -2.211919
2.512 -2.211319
2.514 -2.210719
2.516 -2.210119
2.518 -2.209519
2.520 -2.208919
2.522 -2.208319
2.524 -2.207719
2.526 -2.207119
2.528 -2.206519
2.530 -2.205919
2.532 -2.205319
2.534 -2.204719
2.536 -2.204119
2.538 -2.203519
2.540 -2.202919
2.542 -2.202319
2.544 -2.201719
2.546 -2.201119
2.548 -2.200519
2.550 -2.199919
2.552 -2.199319
2.554 -2.198719
2.556 -2.198119
2.558 -2.197519
2.560 -2.196919
2.562 -2.196319
2.564 -2.195719
2.566 -2.195119
2.568 -2.194519
2.570 -2.193919
2.572 -2.193319
2.574 -2.192719
2.576 -2.192119
2.578 -2.191519
2.580 -2.190919
2.582 -2.190319
2.584 -2.189719
2.586 -2.189119
2.588 -2.189119
2.590 -2.189119
2.592 -2.189119
2.594 -2.188519
2.596 -2.187919
2.598 -2.187919
2.600 -2.186119
2.602 -2.184319
2.604 -2.184319
2.606 -2.183119
2.608 -2.182519
2.610 -2.181919
2.612 -2.181319
2.614 -2.180719
2.616 -2.180119
2.618 -2.179519
2.620 -2.178919
2.622 -2.178919
2.624 -2.177719
2.626 -2.177119
2.628 -2.176519
2.630 -2.175919
2.632 -2.175319
2.634 -2.174719
2.636 -2.174119
2.638 -2.173519
2.640 -2.172919
2.642 -2.172319
2.644 -2.171719
2.646 -2.171719
2.648 -2.170519
2.650 -2.169919
2.652 -2.169319
2.654 -2.168719
2.656 -2.168119
2.658 -2.167519
2.660 -2.166919
2.662 -2.166319
2.664 -2.165719
2.666 -2.165119
2.668 -2.165119
2.670 -2.165119
2.672 -2.163919
2.674 -2.162719
2.676 -2.162719
2.678 -2.162119
2.680 -2.161519
2.682 -2.160319
2.684 -2.159719
2.686 -2.159119
2.688 -2.158519
2.690 -2.157919
2.692 -2.157319
2.694 -2.156719
2.696 -2.156119
2.698 -2.155519
2.700 -2.154919
2.702 -2.154319
2.704 -2.153719
2.706 -2.153119
2.708 -2.152519
2.710 -2.151919
2.712 -2.151319
2.714 -2.150719
2.716 -2.150119
2.718 -2.149519
2.720 -2.148919
2.722 -2.148319
2.724 -2.147719
2.726 -2.147119
2.728 -2.146519
2.730 -2.145919
2.732 -2.145319
2.734 -2.144719
2.736 -2.144119
2.738 -2.143519
2.740 -2.142919
2.742 -2.142319
2.744 -2.141719
2.746 -2.141119
2.748 -2.140519
2.750 -2.139919
2.752 -2.139319
2.754 -2.138719
2.756 -2.138119
2.758 -2.137519
2.760 -2.136919
2.762 -2.136319
2.764 -2.135719
2.766 -2.135119
2.768 -2.134519
2.770 -2.133919
2.772 -2.133319
2.774 -2.132719
2.776 -2.132119
2.778 -2.131519
2.780 -2.130919
2.782 -2.130319
2.784 -2.129719
2.786 -2.129119
2.788 -2.128519
2.790 -2.127919
2.792 -2.127319
2.794 -2.126719
2.796 -2.126119
2.798 -2.125519
2.800 -2.124919
2.802 -2.124319
2.804 -2.123719
2.806 -2.123119
2.808 -2.122519
2.810 -2.121919
2.812 -2.121319
2.814 -2.120719
2.816 -2.120119
2.818 -2.119519
2.820 -2.118919
2.822 -2.118319
2.824 -2.117719
2.826 -2.117119
2.828 -2.116519
2.830 -2.115919
2.832 -2.115319
2.834 -2.114719
2.836 -2.114119
2.838 -2.113519
2.840 -2.112919
2.842 -2.112319
2.844 -2.111719
2.846 -2.111119
2.848 -2.110519
2.850 -2.109919
2.852 -2.109319
2.854 -2.108719
2.856 -2.108119
2.858 -2.107519
2.860 -2.106919
2.862 -2.106319
2.864 -2.105719
2.866 -2.105119
2.868 -2.103919
2.870 -2.103919
2.872 -2.103319
2.874 -2.102719
2.876 -2.102119
2.878 -2.101519
2.880 -2.100919
2.882 -2.100319
2.884 -2.099719
2.886 -2.099119
2.888 -2.098519
2.890 -2.097919
2.892 -2.097319
2.894 -2.096719
2.896 -2.096119
2.898 -2.095519
2.900 -2.094919
2.902 -2.094319
2.904 -2.093719
2.906 -2.093119
2.908 -2.092519
2.910 -2.091919
2.912 -2.091319
2.914 -2.090719
2.916 -2.090119
2.918 -2.089519
2.920 -2.088919
2.922 -2.088319
2.924 -2.087719
2.926 -2.087119
2.928 -2.086519
2.930 -2.086519
2.932 -2.085319
2.934 -2.084719
2.936 -2.084119
2.938 -2.083519
2.940 -2.082919
2.942 -2.082319
2.944 -2.081719
2.946 -2.081119
2.948 -2.080519
2.950 -2.079919
2.952 -2.079319
2.954 -2.078719
2.956 -2.076919
2.958 -2.076919
2.960 -2.076919
2.962 -2.076319
2.964 -2.075719
2.966 -2.075119
2.968 -2.074519
2.970 -2.073919
2.972 -2.073319
2.974 -2.072719
2.976 -2.072119
2.978 -2.071519
2.980 -2.070919
2.982 -2.070319
2.984 -2.069719
2.986 -2.069119
2.988 -2.068519
2.990 -2.067919
2.992 -2.067919
2.994 -2.066719
2.996 -2.066119
2.998 -2.065519
3.000 -2.064919
3.002 -2.064319
3.004 -2.063719
3.006 -2.063119
3.008 -2.062519
3.010 -2.061919
3.012 -2.061319
3.014 -2.060719
3.016 -2.060119
3.018 -2.059519
3.020 -2.058919
3.022 -2.058319
3.024 -2.057719
3.026 -2.057119
3.028 -2.056519
3.030 -2.055919
3.032 -2.055319
3.034 -2.054719
3.036 -2.054119
3.038 -2.053519
3.040 -2.053519
3.042 -2.053519
3.044 -2.053519
3.046 -2.051119
3.048 -2.050519
3.050 -2.049919
3.052 -2.049319
3.054 -2.048719
3.056 -2.048119
3.058 -2.047519
3.060 -2.046919
3.062 -2.046319
3.064 -2.045719
3.066 -2.045119
3.068 -2.044519
3.070 -2.043919
3.072 -2.043319
3.074 -2.042719
3.076 -2.042119
3.078 -2.041519
3.080 -2.040919
3.082 -2.040319
3.084 -2.039719
3.086 -2.039119
3.088 -2.038519
3.090 -2.037919
3.092 -2.037319
3.094 -2.036719
3.096 -2.036119
3.098 -2.035519
3.100 -2.034919
3.102 -2.034319
3.104 -2.033719
3.106 -2.033119
3.108 -2.032519
3.110 -2.031919
3.112 -2.031319
3.114 -2.030719
3.116 -2.030119
3.118 -2.029519
3.120 -2.028919
3.122 -2.028319
3.124 -2.027719
3.126 -2.027119
3.128 -2.026519
3.130 -2.025919
3.132 -2.025319
3.134 -2.024719
3.136 -2.024119
3.138 -2.023519
3.140 -2.022919
3.142 -2.022319
3.144 -2.021719
3.146 -2.021119
3.148 -2.020519
3.150 -2.019919
3.152 -2.019319
3.154 -2.018719
3.156 -2.018119
3.158 -2.017519
3.160 -2.016919
3.162 -2.016319
3.164 -2.015719
3.166 -2.015119
3.168 -2.014519
3.170 -2.013919
3.172 -2.013319
3.174 -2.012719
3.176 -2.012119
3.178 -2.011519
3.180 -2.010919
3.182 -2.010319
3.184 -2.009719
3.186 -2.009119
3.188 -2.008519
3.190 -2.007919
3.192 -2.007319
3.194 -2.006719
3.196 -2.006119
3.198 -2.005519
3.200 -2.004919
3.202 -2.004319
3.204 -2.003719
3.206 -2.003119
3.208 -2.002519
3.210 -2.001919
3.212 -2.001319
3.214 -2.000719
3.216 -2.000119
3.218 -1.999519
3.220 -1.998319
3.222 -1.998319
3.224 -1.997719
3.226 -1.997119
3.228 -1.995919
3.230 -1.995919
3.232 -1.995319
3.234 -1.994719
3.236 -1.994119
3.238 -1.993519
3.240 -1.992919
3.242 -1.992319
3.244 -1.991719
3.246 -1.991119
3.248 -1.990519
3.250 -1.989919
3.252 -1.989319
3.254 -1.988719
3.256 -1.988119
3.258 -1.987519
3.260 -1.986919
3.262 -1.986319
3.264 -1.985719
3.266 -1.985119
3.268 -1.985119
3.270 -1.983919
3.272 -1.983319
3.274 -1.982719
3.276 -1.982119
3.278 -1.981519
3.280 -1.980919
3.282 -1.980319
3.284 -1.979719
3.286 -1.979119
3.288 -1.978519
3.290 -1.977919
3.292 -1.977319
3.294 -1.976719
3.296 -1.976119
3.298 -1.975519
3.300 -1.974919
3.302 -1.974319
3.304 -1.973719
3.306 -1.973119
3.308 -1.973119
3.310 -1.971919
3.312 -1.971319
3.314 -1.970719
3.316 -1.970119
3.318 -1.969519
3.320 -1.968919
3.322 -1.968319
3.324 -1.967719
3.326 -1.967119
3.328 -1.966519
3.330 -1.965919
3.332 -1.965319
3.334 -1.964719
3.336 -1.964119
3.338 -1.963519
3.340 -1.963519
3.342 -1.962319
3.344 -1.961719
3.346 -1.961119
3.348 -1.961119
3.350 -1.959919
3.352 -1.959319
3.354 -1.958719
3.356 -1.958119
3.358 -1.957519
3.360 -1.956919
3.362 -1.956319
3.364 -1.955719
3.366 -1.955119
3.368 -1.954519
3.370 -1.953919
3.372 -1.953319
3.374 -1.952719
3.376 -1.952119
3.378 -1.951519
3.380 -1.950919
3.382 -1.950319
3.384 -1.949719
3.386 -1.949119
3.388 -1.948519
3.390 -1.947919
3.392 -1.947319
3.394 -1.946719
3.396 -1.946119
3.398 -1.945519
3.400 -1.945519
3.402 -1.944319
3.404 -1.943719
3.406 -1.943119
3.408 -1.942519
3.410 -1.941919
3.412 -1.941919
3.414 -1.941319
3.416 -1.940119
3.418 -1.939519
3.420 -1.938919
3.422 -1.938319
3.424 -1.937719
3.426 -1.937119
3.428 -1.936519
3.430 -1.935919
3.432 -1.935319
3.434 -1.934719
3.436 -1.934119
3.438 -1.933519
3.440 -1.932919
3.442 -1.932319
3.444 -1.931719
3.446 -1.931719
3.448 -1.930519
3.450 -1.930519
3.452 -1.929319
3.454 -1.928719
3.456 -1.928119
3.458 -1.927519
3.460 -1.926919
3.462 -1.926319
3.464 -1.925719
3.466 -1.925119
3.468 -1.924519
3.470 -1.923919
3.472 -1.923319
3.474 -1.922719
3.476 -1.922119
3.478 -1.921519
3.480 -1.920919
3.482 -1.920319
3.484 -1.919719
3.486 -1.919119
3.488 -1.918519
3.490 -1.917919
3.492 -1.917319
3.494 -1.916719
3.496 -1.916119
3.498 -1.915519
3.500 -1.914919
3.502 -1.914319
3.504 -1.913719
3.506 -1.913119
3.508 -1.912519
3.510 -1.911919
3.512 -1.911319
3.514 -1.910719
3.516 -1.910119
3.518 -1.909519
3.520 -1.908919
3.522 -1.908319
3.524 -1.907719
3.526 -1.907119
3.528 -1.906519
3.530 -1.905919
3.532 -1.905319
3.534 -1.904719
3.536 -1.904119
3.538 -1.903519
3.540 -1.902919
3.542 -1.902319
3.544 -1.901719
3.546 -1.901119
3.548 -1.900519
3.550 -1.900519
3.552 -1.899319
3.554 -1.898719
3.556 -1.898119
3.558 -1.897519
3.560 -1.896919
3.562 -1.896319
3.564 -1.895719
3.566 -1.895119
3.568 -1.894519
3.570 -1.893919
3.572 -1.893319
3.574 -1.892719
3.576 -1.892119
3.578 -1.891519
3.580 -1.890919
3.582 -1.890319
3.584 -1.889719
3.586 -1.889119
3.588 -1.888519
3.590 -1.887919
3.592 -1.887319
3.594 -1.886719
3.596 -1.886119
3.598 -1.885519
3.600 -1.884919
3.602 -1.884319
3.604 -1.883719
3.606 -1.883119
3.608 -1.882519
3.610 -1.881919
3.612 -1.881319
3.614 -1.880719
3.616 -1.880119
3.618 -1.879519
3.620 -1.878919
3.622 -1.878319
3.624 -1.877719
3.626 -1.877119
3.628 -1.876519
3.630 -1.875919
3.632 -1.875319
3.634 -1.874719
3.636 -1.874119
3.638 -1.874119
3.640 -1.872919
3.642 -1.872919
3.644 -1.871719
3.646 -1.871119
3.648 -1.870519
3.650 -1.869919
3.652 -1.869319
3.654 -1.868719
3.656 -1.868119
3.658 -1.867519
3.660 -1.866919
3.662 -1.866319
3.664 -1.865719
3.666 -1.865119
3.668 -1.864519
3.670 -1.863919
3.672 -1.863319
3.674 -1.862719
3.676 -1.862119
3.678 -1.861519
3.680 -1.860919
3.682 -1.860319
3.684 -1.859719
3.686 -1.859119
3.688 -1.858519
3.690 -1.857919
3.692 -1.857319
3.694 -1.856719
3.696 -1.856119
3.698 -1.855519
3.700 -1.854919
3.702 -1.854319
3.704 -1.853719
3.706 -1.853119
3.708 -1.852519
3.710 -1.851919
3.712 -1.851319
3.714 -1.850719
3.716 -1.850119
3.718 -1.849519
3.720 -1.848919
3.722 -1.848319
3.724 -1.847719
3.726 -1.847119
3.728 -1.846519
3.730 -1.845919
3.732 -1.845319
3.734 -1.844719
3.736 -1.844119
3.738 -1.843519
3.740 -1.842919
3.742 -1.842319
3.744 -1.841719
3.746 -1.841119
3.748 -1.839919
3.750 -1.839919
3.752 -1.839319
3.754 -1.838719
3.756 -1.838119
3.758 -1.837519
3.760 -1.836919
3.762 -1.836319
3.764 -1.836319
3.766 -1.835119
3.768 -1.834519
3.770 -1.833919
3.772 -1.833319
3.774 -1.832719
3.776 -1.832119
3.778 -1.831519
3.780 -1.830919
3.782 -1.830319
3.784 -1.829719
3.786 -1.829119
3.788 -1.828519
3.790 -1.827919
3.792 -1.827319
3.794 -1.827319
3.796 -1.826119
3.798 -1.825519
3.800 -1.824919
3.802 -1.824319
3.804 -1.823719
3.806 -1.823119
3.808 -1.822519
3.810 -1.821919
3.812 -1.821319
3.814 -1.820719
3.816 -1.820119
3.818 -1.819519
3.820 -1.818919
3.822 -1.818319
3.824 -1.817719
3.826 -1.817119
3.828 -1.815919
3.830 -1.815919
3.832 -1.815319
3.834 -1.814719
3.836 -1.814119
3.838 -1.813519
3.840 -1.812919
3.842 -1.812319
3.844 -1.811719
3.846 -1.811119
3.848 -1.810519
3.850 -1.809919
3.852 -1.809319
3.854 -1.808719
3.856 -1.808119
3.858 -1.807519
3.860 -1.806919
3.862 -1.806919
3.864 -1.805719
3.866 -1.805119
3.868 -1.804519
3.870 -1.803919
3.872 -1.803319
3.874 -1.802719
3.876 -1.802119
3.878 -1.801519
3.880 -1.800919
3.882 -1.800319
3.884 -1.799719
3.886 -1.799119
3.888 -1.798519
3.890 -1.797919
3.892 -1.797319
3.894 -1.796719
3.896 -1.796119
3.898 -1.795519
3.900 -1.794919
3.902 -1.794319
3.904 -1.793719
3.906 -1.793119
3.908 -1.792519
3.910 -1.791919
3.912 -1.791319
3.914 -1.790719
3.916 -1.790119
3.918 -1.789519
3.920 -1.788919
3.922 -1.788319
3.924 -1.787719
3.926 -1.787719
3.928 -1.786519
3.930 -1.785919
3.932 -1.785319
3.934 -1.784719
3.936 -1.784119
3.938 -1.783519
3.940 -1.782919
3.942 -1.782319
3.944 -1.781719
3.946 -1.781119
3.948 -1.780519
3.950 -1.779919
3.952 -1.779319
3.954 -1.778719
3.956 -1.778719
3.958 -1.777519
3.960 -1.776919
3.962 -1.776319
3.964 -1.775719
3.966 -1.775119
3.968 -1.774519
3.970 -1.773919
3.972 -1.773319
3.974 -1.772719
3.976 -1.772119
3.978 -1.771519
3.980 -1.770919
3.982 -1.770319
3.984 -1.769719
3.986 -1.769119
3.988 -1.769119
3.990 -1.769119
3.992 -1.769119
3.994 -1.767919
3.996 -1.766119
3.998 -1.765519
4.000 -1.764919
4.002 -1.764319
4.004 -1.763719
4.006 -1.763119
4.008 -1.762519
4.010 -1.761919
4.012 -1.761319
4.014 -1.760719
4.016 -1.760119
4.018 -1.759519
4.020 -1.758919
4.022 -1.758319
4.024 -1.757719
4.026 -1.757119
4.028 -1.756519
4.030 -1.755919
4.032 -1.755319
4.034 -1.754719
4.036 -1.754119
4.038 -1.753519
4.040 -1.752919
4.042 -1.752319
4.044 -1.751719
4.046 -1.751119
4.048 -1.750519
4.050 -1.749919
4.052 -1.749319
4.054 -1.748719
4.056 -1.748119
4.058 -1.747519
4.060 -1.746919
4.062 -1.746319
4.064 -1.745719
4.066 -1.745119
4.068 -1.744519
4.070 -1.743919
4.072 -1.743319
4.074 -1.742719
4.076 -1.742119
4.078 -1.741519
4.080 -1.740919
4.082 -1.740319
4.084 -1.739719
4.086 -1.739119
4.088 -1.738519
4.090 -1.737919
4.092 -1.737319
4.094 -1.736719
4.096 -1.736119
4.098 -1.735519
4.100 -1.734919
4.102 -1.734319
4.104 -1.733719
4.106 -1.733119
4.108 -1.732519
4.110 -1.731919
4.112 -1.731319
4.114 -1.730719
4.116 -1.730119
4.118 -1.729519
4.120 -1.728919
4.122 -1.728319
4.124 -1.727719
4.126 -1.727119
4.128 -1.726519
4.130 -1.725919
4.132 -1.725319
4.134 -1.724719
4.136 -1.724119
4.138 -1.723519
4.140 -1.722919
4.142 -1.722319
4.144 -1.721719
4.146 -1.721119
4.148 -1.720519
4.150 -1.719919
4.152 -1.719319
4.154 -1.718719
4.156 -1.718119
4.158 -1.717519
4.160 -1.716919
4.162 -1.716319
4.164 -1.715719
4.166 -1.715119
4.168 -1.714519
4.170 -1.713919
4.172 -1.713319
4.174 -1.712719
4.176 -1.712119
4.178 -1.711519
4.180 -1.710919
4.182 -1.710319
4.184 -1.709719
4.186 -1.709119
4.188 -1.708519
4.190 -1.707919
4.192 -1.707319
4.194 -1.706719
4.196 -1.706119
4.198 -1.705519
4.200 -1.704919
4.202 -1.704319
4.204 -1.703719
4.206 -1.703119
4.208 -1.702519
4.210 -1.701919
4.212 -1.701319
4.214 -1.700719
4.216 -1.700119
4.218 -1.699519
4.220 -1.698919
4.222 -1.698319
4.224 -1.697719
4.226 -1.697119
4.228 -1.696519
4.230 -1.695919
4.232 -1.695319
4.234 -1.694719
4.236 -1.694119
4.238 -1.693519
4.240 -1.692919
4.242 -1.692319
4.244 -1.691719
4.246 -1.691119
4.248 -1.690519
4.250 -1.689919
4.252 -1.689319
4.254 -1.688719
4.256 -1.688119
4.258 -1.687519
4.260 -1.686919
4.262 -1.686319
4.264 -1.685719
4.266 -1.685119
4.268 -1.684519
4.270 -1.683919
4.272 -1.683319
4.274 -1.682719
4.276 -1.682719
4.278 -1.681519
4.280 -1.680919
4.282 -1.680319
4.284 -1.679719
4.286 -1.679119
4.288 -1.678519
4.290 -1.677919
4.292 -1.677319
4.294 -1.676719
4.296 -1.676119
4.298 -1.675519
4.300 -1.674919
4.302 -1.674319
4.304 -1.673719
4.306 -1.673119
4.308 -1.672519
4.310 -1.671919
4.312 -1.671319
4.314 -1.670719
4.316 -1.670119
4.318 -1.669519
4.320 -1.668919
4.322 -1.668319
4.324 -1.667719
4.326 -1.667119
4.328 -1.666519
4.330 -1.665919
4.332 -1.665319
4.334 -1.664719
4.336 -1.664119
4.338 -1.663519
4.340 -1.662919
4.342 -1.662319
4.344 -1.661719
4.346 -1.661119
4.348 -1.660519
4.350 -1.660519
4.352 -1.660519
4.354 -1.658719
4.356 -1.658119
4.358 -1.657519
4.360 -1.656919
4.362 -1.656319
4.364 -1.655719
4.366 -1.655119
4.368 -1.654519
4.370 -1.653919
4.372 -1.653319
4.374 -1.652719
4.376 -1.652119
4.378 -1.651519
4.380 -1.650919
4.382 -1.650319
4.384 -1.649719
4.386 -1.649119
4.388 -1.648519
4.390 -1.647919
4.392 -1.647319
4.394 -1.646719
4.396 -1.646119
4.398 -1.645519
4.400 -1.644919
4.402 -1.644319
4.404 -1.643719
4.406 -1.643119
4.408 -1.642519
4.410 -1.641919
4.412 -1.641319
4.414 -1.640719
4.416 -1.640119
4.418 -1.639519
4.420 -1.638919
4.422 -1.638319
4.424 -1.637719
4.426 -1.637119
4.428 -1.636519
4.430 -1.635919
4.432 -1.635319
4.434 -1.634719
4.436 -1.634119
4.438 -1.633519
4.440 -1.632919
4.442 -1.632319
4.444 -1.631719
4.446 -1.631119
4.448 -1.630519
4.450 -1.630519
4.452 -1.629319
4.454 -1.628719
4.456 -1.628119
4.458 -1.627519
4.460 -1.626919
4.462 -1.626319
4.464 -1.625719
4.466 -1.625119
4.468 -1.625119
4.470 -1.625119
4.472 -1.625119
4.474 -1.622719
4.476 -1.622119
4.478 -1.622119
4.480 -1.621519
4.482 -1.620319
4.484 -1.619719
4.486 -1.619119
4.488 -1.618519
4.490 -1.617919
4.492 -1.617319
4.494 -1.616719
4.496 -1.616119
4.498 -1.615519
4.500 -1.614919
4.502 -1.614319
4.504 -1.613719
4.506 -1.613119
4.508 -1.612519
4.510 -1.611919
4.512 -1.611319
4.514 -1.610719
4.516 -1.610119
4.518 -1.609519
4.520 -1.608919
4.522 -1.608319
4.524 -1.607719
4.526 -1.607119
4.528 -1.606519
4.530 -1.605919
4.532 -1.604719
4.534 -1.604719
4.536 -1.604119
4.538 -1.603519
4.540 -1.602919
4.542 -1.602319
4.544 -1.601719
4.546 -1.601119
4.548 -1.600519
4.550 -1.599919
4.552 -1.599319
4.554 -1.598719
4.556 -1.598119
4.558 -1.597519
4.560 -1.596919
4.562 -1.596319
4.564 -1.595719
4.566 -1.595119
4.568 -1.594519
4.570 -1.593919
4.572 -1.593319
4.574 -1.592719
4.576 -1.592119
4.578 -1.591519
4.580 -1.589719
4.582 -1.589719
4.584 -1.589719
4.586 -1.589119
4.588 -1.587319
4.590 -1.586119
4.592 -1.586119
4.594 -1.586119
4.596 -1.586119
4.598 -1.585519
4.600 -1.584919
4.602 -1.584319
4.604 -1.583719
4.606 -1.583119
4.608 -1.582519
4.610 -1.581919
4.612 -1.581319
4.614 -1.580719
4.616 -1.580119
4.618 -1.579519
4.620 -1.578919
4.622 -1.578319
4.624 -1.577719
4.626 -1.577119
4.628 -1.576519
4.630 -1.576519
4.632 -1.576519
4.634 -1.574719
4.636 -1.574119
4.638 -1.573519
4.640 -1.572919
4.642 -1.572319
4.644 -1.571719
4.646 -1.571119
4.648 -1.570519
4.650 -1.569919
4.652 -1.569319
4.654 -1.568719
4.656 -1.568119
4.658 -1.567519
4.660 -1.566919
4.662 -1.566319
4.664 -1.565719
4.666 -1.565119
4.668 -1.564519
4.670 -1.563919
4.672 -1.563919
4.674 -1.562719
4.676 -1.562119
4.678 -1.562119
4.680 -1.560919
4.682 -1.560319
4.684 -1.559719
4.686 -1.559119
4.688 -1.558519
4.690 -1.557919
4.692 -1.557319
4.694 -1.556719
4.696 -1.556119
4.698 -1.555519
4.700 -1.554919
4.702 -1.554319
4.704 -1.553719
4.706 -1.553119
4.708 -1.552519
4.710 -1.551919
4.712 -1.551319
4.714 -1.550719
4.716 -1.550119
4.718 -1.549519
4.720 -1.548919
4.722 -1.548319
4.724 -1.547719
4.726 -1.547119
4.728 -1.546519
4.730 -1.545919
4.732 -1.545319
4.734 -1.544719
4.736 -1.544119
4.738 -1.543519
4.740 -1.542919
4.742 -1.542319
4.744 -1.541719
4.746 -1.541119
4.748 -1.540519
4.750 -1.539919
4.752 -1.539319
4.754 -1.538719
4.756 -1.538119
4.758 -1.537519
4.760 -1.536919
4.762 -1.536319
4.764 -1.535719
4.766 -1.535119
4.768 -1.534519
4.770 -1.533919
4.772 -1.533319
4.774 -1.532719
4.776 -1.532119
4.778 -1.531519
4.780 -1.530919
4.782 -1.530319
4.784 -1.529719
4.786 -1.529119
4.788 -1.528519
4.790 -1.527919
4.792 -1.527319
4.794 -1.526719
4.796 -1.526119
4.798 -1.525519
4.800 -1.524919
4.802 -1.524319
4.804 -1.523719
4.806 -1.523119
4.808 -1.522519
4.810 -1.521919
4.812 -1.521319
4.814 -1.520719
4.816 -1.520119
4.818 -1.519519
4.820 -1.518919
4.822 -1.518319
4.824 -1.517719
4.826 -1.517119
4.828 -1.516519
4.830 -1.515919
4.832 -1.515319
4.834 -1.514719
4.836 -1.514119
4.838 -1.513519
4.840 -1.512919
4.842 -1.512319
4.844 -1.511719
4.846 -1.511119
4.848 -1.510519
4.850 -1.509919
4.852 -1.509319
4.854 -1.508719
4.856 -1.508119
4.858 -1.507519
4.860 -1.506919
4.862 -1.506319
4.864 -1.505719
4.866 -1.505119
4.868 -1.504519
4.870 -1.503919
4.872 -1.503319
4.874 -1.502719
4.876 -1.502119
4.878 -1.501519
4.880 -1.500919
4.882 -1.500319
4.884 -1.499719
4.886 -1.499119
4.888 -1.498519
4.890 -1.497919
4.892 -1.497319
4.894 -1.496719
4.896 -1.496119
4.898 -1.495519
4.900 -1.494919
4.902 -1.494319
4.904 -1.493719
4.906 -1.493119
4.908 -1.492519
4.910 -1.492519
4.912 -1.491319
4.914 -1.490719
4.916 -1.490119
4.918 -1.489519
4.920 -1.488919
4.922 -1.488319
4.924 -1.487719
4.926 -1.487119
4.928 -1.486519
4.930 -1.485919
4.932 -1.485319
4.934 -1.484719
4.936 -1.484119
4.938 -1.483519
4.940 -1.482919
4.942 -1.482319
4.944 -1.481719
4.946 -1.481119
4.948 -1.480519
4.950 -1.480519
4.952 -1.479319
4.954 -1.478719
4.956 -1.478119
4.958 -1.477519
4.960 -1.476919
4.962 -1.476319
4.964 -1.475719
4.966 -1.475119
4.968 -1.474519
4.970 -1.473919
4.972 -1.473319
4.974 -1.472719
4.976 -1.472119
4.978 -1.471519
4.980 -1.470919
4.982 -1.470319
4.984 -1.469719
4.986 -1.469119
4.988 -1.469119
4.990 -1.467919
4.992 -1.467319
4.994 -1.466719
4.996 -1.466119
4.998 -1.465519
5.000 -1.464919
5.002 -1.464319
5.004 -1.463719
5.006 -1.463119
5.008 -1.462519
5.010 -1.461919
5.012 -1.461319
5.014 -1.460719
5.016 -1.460119
5.018 -1.459519
5.020 -1.458919
5.022 -1.458319
5.024 -1.457719
5.026 -1.457119
5.028 -1.456519
5.030 -1.455919
5.032 -1.455319
5.034 -1.454719
5.036 -1.454119
5.038 -1.453519
5.040 -1.452919
5.042 -1.452319
5.044 -1.451719
5.046 -1.451119
5.048 -1.450519
5.050 -1.449919
5.052 -1.449319
5.054 -1.448719
5.056 -1.448119
5.058 -1.447519
5.060 -1.446919
5.062 -1.446319
5.064 -1.445719
5.066 -1.445119
5.068 -1.444519
5.070 -1.443919
5.072 -1.443319
5.074 -1.442719
5.076 -1.442719
5.078 -1.441519
5.080 -1.440919
5.082 -1.440319
5.084 -1.439719
5.086 -1.439119
5.088 -1.438519
5.090 -1.437919
5.092 -1.437319
5.094 -1.436719
5.096 -1.436119
5.098 -1.435519
5.100 -1.434919
5.102 -1.434319
5.104 -1.433719
5.106 -1.433119
5.108 -1.432519
5.110 -1.431919
5.112 -1.431319
5.114 -1.430719
5.116 -1.430119
5.118 -1.429519
5.120 -1.428919
5.122 -1.428319
5.124 -1.427719
5.126 -1.427119
5.128 -1.426519
5.130 -1.425919
5.132 -1.425319
5.134 -1.424719
5.136 -1.424119
5.138 -1.423519
5.140 -1.422919
5.142 -1.422319
5.144 -1.421719
5.146 -1.421119
5.148 -1.420519
5.150 -1.419919
5.152 -1.419319
5.154 -1.418719
5.156 -1.418119
5.158 -1.417519
5.160 -1.416919
5.162 -1.416319
5.164 -1.415719
5.166 -1.415119
5.168 -1.414519
5.170 -1.413919
5.172 -1.413319
5.174 -1.412719
5.176 -1.412119
5.178 -1.411519
5.180 -1.410919
5.182 -1.410319
5.184 -1.409719
5.186 -1.409119
5.188 -1.408519
5.190 -1.407919
5.192 -1.407319
5.194 -1.406719
5.196 -1.406119
5.198 -1.405519
5.200 -1.404919
5.202 -1.404319
5.204 -1.403719
5.206 -1.403119
5.208 -1.402519
5.210 -1.401919
5.212 -1.401319
5.214 -1.400719
5.216 -1.400119
5.218 -1.399519
5.220 -1.398919
5.222 -1.398319
5.224 -1.397719
5.226 -1.397119
5.228 -1.396519
5.230 -1.395919
5.232 -1.395319
5.234 -1.394719
5.236 -1.394119
5.238 -1.393519
5.240 -1.392919
5.242 -1.392319
5.244 -1.391719
5.246 -1.391119
5.248 -1.390519
5.250 -1.389919
5.252 -1.389319
5.254 -1.388719
5.256 -1.388119
5.258 -1.387519
5.260 -1.386919
5.262 -1.386319
5.264 -1.385719
5.266 -1.385119
5.268 -1.385119
5.270 -1.385119
5.272 -1.385119
5.274 -1.382719
5.276 -1.382119
5.278 -1.381519
5.280 -1.380919
5.282 -1.380319
5.284 -1.379719
5.286 -1.379119
5.288 -1.378519
5.290 -1.377919
5.292 -1.377319
5.294 -1.376719
5.296 -1.376119
5.298 -1.375519
5.300 -1.375519
5.302 -1.374319
5.304 -1.373719
5.306 -1.373119
5.308 -1.372519
5.310 -1.371919
5.312 -1.371919
5.314 -1.370719
5.316 -1.370119
5.318 -1.369519
5.320 -1.368919
5.322 -1.368319
5.324 -1.367719
5.326 -1.367119
5.328 -1.366519
5.330 -1.365919
5.332 -1.365319
5.334 -1.364719
5.336 -1.364119
5.338 -1.363519
5.340 -1.362919
5.342 -1.362319
5.344 -1.361719
5.346 -1.361119
5.348 -1.360519
5.350 -1.359919
5.352 -1.359319
5.354 -1.358719
5.356 -1.358119
5.358 -1.357519
5.360 -1.356919
5.362 -1.356319
5.364 -1.355119
5.366 -1.355119
5.368 -1.354519
5.370 -1.353919
5.372 -1.353319
5.374 -1.352719
5.376 -1.352119
5.378 -1.352119
5.380 -1.350919
5.382 -1.350319
5.384 -1.349719
5.386 -1.349119
5.388 -1.347319
5.390 -1.347319
5.392 -1.347319
5.394 -1.346719
5.396 -1.346119
5.398 -1.346119
5.400 -1.344919
5.402 -1.344319
5.404 -1.343719
5.406 -1.343119
5.408 -1.342519
5.410 -1.341919
5.412 -1.341319
5.414 -1.340719
5.416 -1.340119
5.418 -1.339519
5.420 -1.338919
5.422 -1.338319
5.424 -1.337719
5.426 -1.337119
5.428 -1.336519
5.430 -1.336519
5.432 -1.335319
5.434 -1.334719
5.436 -1.334119
5.438 -1.333519
5.440 -1.332919
5.442 -1.332319
5.444 -1.331719
5.446 -1.331119
5.448 -1.330519
5.450 -1.329919
5.452 -1.329319
5.454 -1.328719
5.456 -1.328119
5.458 -1.327519
5.460 -1.327519
5.462 -1.326319
5.464 -1.325719
5.466 -1.325119
5.468 -1.324519
5.470 -1.323919
5.472 -1.323319
5.474 -1.322719
5.476 -1.322119
5.478 -1.321519
5.480 -1.320919
5.482 -1.320319
5.484 -1.319719
5.486 -1.319119
5.488 -1.318519
5.490 -1.317919
5.492 -1.317319
5.494 -1.316719
5.496 -1.316119
5.498 -1.315519
5.500 -1.314919
5.502 -1.314319
5.504 -1.313719
5.506 -1.313119
5.508 -1.313119
5.510 -1.312519
5.512 -1.311919
5.514 -1.311319
5.516 -1.311319
5.518 -1.309519
5.520 -1.308919
5.522 -1.308319
5.524 -1.307719
5.526 -1.307119
5.528 -1.306519
5.530 -1.305919
5.532 -1.305319
5.534 -1.304719
5.536 -1.304119
5.538 -1.303519
5.540 -1.302919
5.542 -1.302319
5.544 -1.301719
5.546 -1.301119
5.548 -1.301119
5.550 -1.299919
5.552 -1.299319
5.554 -1.298719
5.556 -1.297519
5.558 -1.297519
5.560 -1.296919
5.562 -1.296319
5.564 -1.295719
5.566 -1.295119
5.568 -1.294519
5.570 -1.293919
5.572 -1.293319
5.574 -1.292719
5.576 -1.292119
5.578 -1.291519
5.580 -1.290919
5.582 -1.290319
5.584 -1.289719
5.586 -1.289119
5.588 -1.288519
5.590 -1.288519
5.592 -1.287319
5.594 -1.286719
5.596 -1.286119
5.598 -1.285519
5.600 -1.284919
5.602 -1.284319
5.604 -1.283719
5.606 -1.283119
5.608 -1.282519
5.610 -1.281919
5.612 -1.281319
5.614 -1.280719
5.616 -1.280119
5.618 -1.279519
5.620 -1.278919
5.622 -1.278319
5.624 -1.277719
5.626 -1.277119
5.628 -1.276519
5.630 -1.275919
5.632 -1.275319
5.634 -1.274719
5.636 -1.274119
5.638 -1.273519
5.640 -1.272919
5.642 -1.272319
5.644 -1.271719
5.646 -1.271119
5.648 -1.270519
5.650 -1.269319
5.652 -1.269319
5.654 -1.268719
5.656 -1.268119
5.658 -1.267519
5.660 -1.266919
5.662 -1.266319
5.664 -1.265719
5.666 -1.265119
5.668 -1.264519
5.670 -1.263919
5.672 -1.263319
5.674 -1.262719
5.676 -1.262119
5.678 -1.261519
5.680 -1.260919
5.682 -1.260319
5.684 -1.259719
5.686 -1.259119
5.688 -1.258519
5.690 -1.257919
5.692 -1.257319
5.694 -1.256719
5.696 -1.256119
5.698 -1.255519
5.700 -1.254919
5.702 -1.254319
5.704 -1.253719
5.706 -1.253119
5.708 -1.252519
5.710 -1.251919
5.712 -1.251919
5.714 -1.250719
5.716 -1.250119
5.718 -1.249519
5.720 -1.248919
5.722 -1.248319
5.724 -1.247719
5.726 -1.247119
5.728 -1.246519
5.730 -1.245919
5.732 -1.245319
5.734 -1.244719
5.736 -1.244119
5.738 -1.243519
5.740 -1.242919
5.742 -1.242319
5.744 -1.241719
5.746 -1.241119
5.748 -1.241119
5.750 -1.241119
5.752 -1.239319
5.754 -1.238719
5.756 -1.238119
5.758 -1.237519
5.760 -1.236919
5.762 -1.236319
5.764 -1.235719
5.766 -1.235119
5.768 -1.234519
5.770 -1.233919
5.772 -1.233319
5.774 -1.232719
5.776 -1.232119
5.778 -1.231519
5.780 -1.230919
5.782 -1.230319
5.784 -1.229719
5.786 -1.229119
5.788 -1.227319
5.790 -1.226719
5.792 -1.226119
5.794 -1.226119
5.796 -1.226119
5.798 -1.225519
5.800 -1.224919
5.802 -1.224319
5.804 -1.223719
5.806 -1.223119
5.808 -1.222519
5.810 -1.221919
5.812 -1.221319
5.814 -1.220719
5.816 -1.220119
5.818 -1.219519
5.820 -1.218919
5.822 -1.218319
5.824 -1.217719
5.826 -1.217119
5.828 -1.216519
5.830 -1.215919
5.832 -1.215919
5.834 -1.214719
5.836 -1.214119
5.838 -1.213519
5.840 -1.213519
5.842 -1.212319
5.844 -1.211719
5.846 -1.211119
5.848 -1.210519
5.850 -1.209919
5.852 -1.209319
5.854 -1.208719
5.856 -1.208119
5.858 -1.207519
5.860 -1.206919
5.862 -1.206319
5.864 -1.205719
5.866 -1.205119
5.868 -1.204519
5.870 -1.203919
5.872 -1.203319
5.874 -1.202719
5.876 -1.202719
5.878 -1.202119
5.880 -1.200919
5.882 -1.200319
5.884 -1.199719
5.886 -1.199119
5.888 -1.198519
5.890 -1.197919
5.892 -1.197319
5.894 -1.196719
5.896 -1.196119
5.898 -1.195519
5.900 -1.194919
5.902 -1.194319
5.904 -1.193719
5.906 -1.193119
5.908 -1.192519
5.910 -1.191919
5.912 -1.191919
5.914 -1.190719
5.916 -1.190119
5.918 -1.189519
5.920 -1.188919
5.922 -1.188319
5.924 -1.187719
5.926 -1.187119
5.928 -1.186519
5.930 -1.185919
5.932 -1.185319
5.934 -1.184719
5.936 -1.184119
5.938 -1.183519
5.940 -1.182919
5.942 -1.182319
5.944 -1.181719
5.946 -1.181119
5.948 -1.180519
5.950 -1.179919
5.952 -1.179319
5.954 -1.178719
5.956 -1.178119
5.958 -1.177519
5.960 -1.176919
5.962 -1.176919
5.964 -1.175719
5.966 -1.175119
5.968 -1.174519
5.970 -1.173919
5.972 -1.173919
5.974 -1.172719
5.976 -1.172119
5.978 -1.171519
5.980 -1.170919
5.982 -1.170319
5.984 -1.169719
5.986 -1.169119
5.988 -1.168519
5.990 -1.167919
5.992 -1.167319
5.994 -1.166719
5.996 -1.166119
5.998 -1.165519
6.000 -1.164919
6.002 -1.164319
6.004 -1.163719
6.006 -1.163119
6.008 -1.162519
6.010 -1.161919
6.012 -1.161319
6.014 -1.160719
6.016 -1.160119
6.018 -1.159519
6.020 -1.158919
6.022 -1.158319
6.024 -1.157719
6.026 -1.157119
6.028 -1.157119
6.030 -1.154119
6.032 -1.154119
6.034 -1.154119
6.036 -1.154119
6.038 -1.153519
6.040 -1.152919
6.042 -1.152319
6.044 -1.151719
6.046 -1.151119
6.048 -1.150519
6.050 -1.149919
6.052 -1.149319
6.054 -1.148719
6.056 -1.148119
6.058 -1.147519
6.060 -1.146919
6.062 -1.146319
6.064 -1.145719
6.066 -1.145119
6.068 -1.144519
6.070 -1.143919
6.072 -1.143319
6.074 -1.142719
6.076 -1.142119
6.078 -1.141519
6.080 -1.140919
6.082 -1.140319
6.084 -1.139719
6.086 -1.139119
6.088 -1.138519
6.090 -1.137919
6.092 -1.137319
6.094 -1.136719
6.096 -1.136119
6.098 -1.135519
6.100 -1.135519
6.102 -1.134919
6.104 -1.133719
6.106 -1.133119
6.108 -1.132519
6.110 -1.131919
6.112 -1.131319
6.114 -1.130719
6.116 -1.130119
6.118 -1.129519
6.120 -1.128919
6.122 -1.128319
6.124 -1.127719
6.126 -1.127119
6.128 -1.126519
6.130 -1.125919
6.132 -1.125319
6.134 -1.124719
6.136 -1.124119
6.138 -1.123519
6.140 -1.122919
6.142 -1.122319
6.144 -1.121719
6.146 -1.121119
6.148 -1.120519
6.150 -1.119919
6.152 -1.119319
6.154 -1.118719
6.156 -1.118119
6.158 -1.117519
6.160 -1.116919
6.162 -1.116319
6.164 -1.115719
6.166 -1.115119
6.168 -1.114519
6.170 -1.113919
6.172 -1.113319
6.174 -1.112719
6.176 -1.112119
6.178 -1.111519
6.180 -1.110919
6.182 -1.110319
6.184 -1.109719
6.186 -1.109119
6.188 -1.108519
6.190 -1.107919
6.192 -1.107319
6.194 -1.106719
6.196 -1.106119
6.198 -1.105519
6.200 -1.104919
6.202 -1.104319
6.204 -1.103719
6.206 -1.103119
6.208 -1.102519
6.210 -1.101919
6.212 -1.101319
6.214 -1.100719
6.216 -1.100119
6.218 -1.099519
6.220 -1.098919
6.222 -1.098319
6.224 -1.097719
6.226 -1.097119
6.228 -1.096519
6.230 -1.096519
6.232 -1.095919
6.234 -1.094719
6.236 -1.094119
6.238 -1.093519
6.240 -1.091119
6.242 -1.090519
6.244 -1.090519
6.246 -1.090519
6.248 -1.090519
6.250 -1.089919
6.252 -1.089319
6.254 -1.088719
6.256 -1.088119
6.258 -1.087519
6.260 -1.086919
6.262 -1.086319
6.264 -1.085719
6.266 -1.085119
6.268 -1.084519
6.270 -1.083919
6.272 -1.083319
6.274 -1.082119
6.276 -1.081519
6.278 -1.080919
6.280 -1.080919
6.282 -1.080319
6.284 -1.079719
6.286 -1.079119
6.288 -1.078519
6.290 -1.077919
6.292 -1.077319
6.294 -1.076719
6.296 -1.076119
6.298 -1.075519
6.300 -1.075519
6.302 -1.074319
6.304 -1.073719
6.306 -1.073119
6.308 -1.072519
6.310 -1.071919
6.312 -1.071319
6.314 -1.070719
6.316 -1.070119
6.318 -1.069519
6.320 -1.068919
6.322 -1.068319
6.324 -1.067719
6.326 -1.067119
6.328 -1.066519
6.330 -1.066519
6.332 -1.065319
6.334 -1.064719
6.336 -1.064119
6.338 -1.063519
6.340 -1.062919
6.342 -1.062319
6.344 -1.061719
6.346 -1.061119
6.348 -1.060519
6.350 -1.059919
6.352 -1.059319
6.354 -1.058719
6.356 -1.058119
6.358 -1.057519
6.360 -1.056919
6.362 -1.056919
6.364 -1.055719
6.366 -1.055119
6.368 -1.054519
6.370 -1.053919
6.372 -1.053319
6.374 -1.052719
6.376 -1.052119
6.378 -1.051519
6.380 -1.050919
6.382 -1.050319
6.384 -1.049719
6.386 -1.049119
6.388 -1.048519
6.390 -1.048519
6.392 -1.047319
6.394 -1.046719
6.396 -1.046119
6.398 -1.045519
6.400 -1.045519
6.402 -1.044319
6.404 -1.043719
6.406 -1.043119
6.408 -1.042519
6.410 -1.041919
6.412 -1.041319
6.414 -1.040719
6.416 -1.040119
6.418 -1.039519
6.420 -1.038919
6.422 -1.038319
6.424 -1.037719
6.426 -1.037119
6.428 -1.036519
6.430 -1.035919
6.432 -1.035319
6.434 -1.034719
6.436 -1.034119
6.438 -1.033519
6.440 -1.032919
6.442 -1.032319
6.444 -1.031719
6.446 -1.031119
6.448 -1.030519
6.450 -1.029919
6.452 -1.029319
6.454 -1.028719
6.456 -1.028119
6.458 -1.027519
6.460 -1.026919
6.462 -1.026319
6.464 -1.025719
6.466 -1.025119
6.468 -1.024519
6.470 -1.024519
6.472 -1.023319
6.474 -1.022719
6.476 -1.022119
6.478 -1.021519
6.480 -1.020919
6.482 -1.020919
6.484 -1.019719
6.486 -1.019119
6.488 -1.018519
6.490 -1.017919
6.492 -1.017319
6.494 -1.016719
6.496 -1.016119
6.498 -1.015519
6.500 -1.014919
6.502 -1.014319
6.504 -1.013719
6.506 -1.013119
6.508 -1.012519
6.510 -1.011919
6.512 -1.011319
6.514 -1.010719
6.516 -1.010119
6.518 -1.009519
6.520 -1.008919
6.522 -1.008319
6.524 -1.007719
6.526 -1.007119
6.528 -1.006519
6.530 -1.005919
6.532 -1.005319
6.534 -1.004719
6.536 -1.004119
6.538 -1.003519
6.540 -1.002919
6.542 -1.002319
6.544 -1.001719
6.546 -1.001119
6.548 -1.000519
6.550 -0.999919
6.552 -0.999319
6.554 -0.998719
6.556 -0.997519
6.558 -0.997519
6.560 -0.996919
6.562 -0.996319
6.564 -0.995719
6.566 -0.995119
6.568 -0.994519
6.570 -0.993919
6.572 -0.993319
6.574 -0.992719
6.576 -0.992119
6.578 -0.991519
6.580 -0.990919
6.582 -0.990319
6.584 -0.989719
6.586 -0.989119
6.588 -0.989119
6.590 -0.987919
6.592 -0.987319
6.594 -0.986719
6.596 -0.986119
6.598 -0.985519
6.600 -0.984919
6.602 -0.984319
6.604 -0.983719
6.606 -0.983119
6.608 -0.982519
6.610 -0.981919
6.612 -0.981319
6.614 -0.980719
6.616 -0.980119
6.618 -0.979519
6.620 -0.978919
6.622 -0.978319
6.624 -0.977719
6.626 -0.977119
6.628 -0.976519
6.630 -0.975919
6.632 -0.975319
6.634 -0.974719
6.636 -0.974119
6.638 -0.973519
6.640 -0.972919
6.642 -0.972319
6.644 -0.971119
6.646 -0.971119
6.648 -0.970519
6.650 -0.969919
6.652 -0.969319
6.654 -0.968719
6.656 -0.968119
6.658 -0.967519
6.660 -0.966919
6.662 -0.966319
6.664 -0.965719
6.666 -0.965119
6.668 -0.964519
6.670 -0.963919
6.672 -0.963319
6.674 -0.962119
6.676 -0.960319
6.678 -0.960319
6.680 -0.959719
6.682 -0.959719
6.684 -0.959719
6.686 -0.959119
6.688 -0.958519
6.690 -0.957919
6.692 -0.957319
6.694 -0.956719
6.696 -0.956119
6.698 -0.955519
6.700 -0.954919
6.702 -0.954319
6.704 -0.953719
6.706 -0.953119
6.708 -0.952519
6.710 -0.951919
6.712 -0.951319
6.714 -0.950719
6.716 -0.950119
6.718 -0.949519
6.720 -0.948919
6.722 -0.948319
6.724 -0.947719
6.726 -0.947119
6.728 -0.946519
6.730 -0.945919
6.732 -0.945319
6.734 -0.944719
6.736 -0.944119
6.738 -0.943519
6.740 -0.942919
6.742 -0.942319
6.744 -0.941719
6.746 -0.941119
6.748 -0.940519
6.750 -0.939919
6.752 -0.939319
6.754 -0.938719
6.756 -0.938119
6.758 -0.937519
6.760 -0.936919
6.762 -0.936319
6.764 -0.936319
6.766 -0.935119
6.768 -0.934519
6.770 -0.933919
6.772 -0.933319
6.774 -0.932719
6.776 -0.932119
6.778 -0.931519
6.780 -0.930919
6.782 -0.930319
6.784 -0.929719
6.786 -0.929119
6.788 -0.928519
6.790 -0.927919
6.792 -0.927319
6.794 -0.926719
6.796 -0.926119
6.798 -0.925519
6.800 -0.924919
6.802 -0.924319
6.804 -0.923719
6.806 -0.923119
6.808 -0.922519
6.810 -0.921919
6.812 -0.921319
6.814 -0.920719
6.816 -0.920119
6.818 -0.919519
6.820 -0.918919
6.822 -0.918319
6.824 -0.917719
6.826 -0.917119
6.828 -0.916519
6.830 -0.915919
6.832 -0.915319
6.834 -0.914719
6.836 -0.914119
6.838 -0.913519
6.840 -0.912919
6.842 -0.912319
6.844 -0.911719
6.846 -0.911119
6.848 -0.911119
6.850 -0.909919
6.852 -0.909319
6.854 -0.908719
6.856 -0.908119
6.858 -0.907519
6.860 -0.906919
6.862 -0.906319
6.864 -0.905719
6.866 -0.905119
6.868 -0.904519
6.870 -0.903919
6.872 -0.903319
6.874 -0.902719
6.876 -0.902119
6.878 -0.901519
6.880 -0.900919
6.882 -0.900319
6.884 -0.899719
6.886 -0.899119
6.888 -0.898519
6.890 -0.897919
6.892 -0.897319
6.894 -0.896719
6.896 -0.896119
6.898 -0.895519
6.900 -0.895519
6.902 -0.894319
6.904 -0.893719
6.906 -0.893119
6.908 -0.892519
6.910 -0.891919
6.912 -0.891319
6.914 -0.890719
6.916 -0.890119
6.918 -0.889519
6.920 -0.888919
6.922 -0.888319
6.924 -0.887719
6.926 -0.887119
6.928 -0.886519
6.930 -0.885919
6.932 -0.885319
6.934 -0.884719
6.936 -0.884119
6.938 -0.883519
6.940 -0.882919
6.942 -0.882319
6.944 -0.881719
6.946 -0.881119
6.948 -0.880519
6.950 -0.880519
6.952 -0.879919
6.954 -0.878719
6.956 -0.878119
6.958 -0.877519
6.960 -0.876919
6.962 -0.876319
6.964 -0.875719
6.966 -0.875719
6.968 -0.874519
6.970 -0.873919
6.972 -0.873319
6.974 -0.872719
6.976 -0.872119
6.978 -0.871519
6.980 -0.870919
6.982 -0.870319
6.984 -0.869719
6.986 -0.869119
6.988 -0.869119
6.990 -0.867919
6.992 -0.867319
6.994 -0.866719
6.996 -0.866119
6.998 -0.865519
7.000 -0.865519
7.002 -0.864319
7.004 -0.863719
7.006 -0.863119
7.008 -0.862519
7.010 -0.861919
7.012 -0.861319
7.014 -0.860719
7.016 -0.860119
7.018 -0.859519
7.020 -0.858919
7.022 -0.858319
7.024 -0.857719
7.026 -0.857119
7.028 -0.856519
7.030 -0.855919
7.032 -0.855319
7.034 -0.854719
7.036 -0.854119
7.038 -0.853519
7.040 -0.852919
7.042 -0.852319
7.044 -0.851719
7.046 -0.851119
7.048 -0.850519
7.050 -0.849919
7.052 -0.849319
7.054 -0.848719
7.056 -0.848119
7.058 -0.847519
7.060 -0.846919
7.062 -0.846319
7.064 -0.845719
7.066 -0.845119
7.068 -0.844519
7.070 -0.844519
7.072 -0.844519
7.074 -0.844519
7.076 -0.843319
7.078 -0.842119
7.080 -0.841519
7.082 -0.840319
7.084 -0.839719
7.086 -0.839119
7.088 -0.838519
7.090 -0.837919
7.092 -0.837319
7.094 -0.836719
7.096 -0.836119
7.098 -0.835519
7.100 -0.834919
7.102 -0.834319
7.104 -0.833719
7.106 -0.833119
7.108 -0.833119
7.110 -0.831919
7.112 -0.831319
7.114 -0.830719
7.116 -0.830119
7.118 -0.829519
7.120 -0.828919
7.122 -0.828319
7.124 -0.827719
7.126 -0.827119
7.128 -0.826519
7.130 -0.825919
7.132 -0.825319
7.134 -0.824719
7.136 -0.824119
7.138 -0.823519
7.140 -0.822919
7.142 -0.822319
7.144 -0.821719
7.146 -0.821119
7.148 -0.820519
7.150 -0.819919
7.152 -0.819319
7.154 -0.818719
7.156 -0.818119
7.158 -0.817519
7.160 -0.816919
7.162 -0.816319
7.164 -0.815719
7.166 -0.815119
7.168 -0.814519
7.170 -0.813919
7.172 -0.813319
7.174 -0.812719
7.176 -0.812119
7.178 -0.811519
7.180 -0.810919
7.182 -0.810319
7.184 -0.809719
7.186 -0.809119
7.188 -0.808519
7.190 -0.808519
7.192 -0.807919
7.194 -0.806719
7.196 -0.806119
7.198 -0.805519
7.200 -0.804919
7.202 -0.804319
7.204 -0.803719
7.206 -0.803119
7.208 -0.802519
7.210 -0.801919
7.212 -0.801319
7.214 -0.800719
7.216 -0.800119
7.218 -0.799519
7.220 -0.798919
7.222 -0.798319
7.224 -0.797719
7.226 -0.797119
7.228 -0.796519
7.230 -0.795919
7.232 -0.795319
7.234 -0.794719
7.236 -0.794119
7.238 -0.792319
7.240 -0.792319
7.242 -0.792319
7.244 -0.791719
7.246 -0.791119
7.248 -0.790519
7.250 -0.789919
7.252 -0.789319
7.254 -0.788719
7.256 -0.788119
7.258 -0.787519
7.260 -0.786919
7.262 -0.786319
7.264 -0.785719
7.266 -0.785119
7.268 -0.784519
7.270 -0.783919
7.272 -0.783319
7.274 -0.782719
7.276 -0.782119
7.278 -0.781519
7.280 -0.780919
7.282 -0.780319
7.284 -0.779119
7.286 -0.779119
7.288 -0.778519
7.290 -0.777919
7.292 -0.777319
7.294 -0.776719
7.296 -0.776119
7.298 -0.775519
7.300 -0.774919
7.302 -0.774319
7.304 -0.773719
7.306 -0.773119
7.308 -0.772519
7.310 -0.771919
7.312 -0.771319
7.314 -0.770719
7.316 -0.770119
7.318 -0.769519
7.320 -0.768919
7.322 -0.768319
7.324 -0.767719
7.326 -0.767119
7.328 -0.766519
7.330 -0.765919
7.332 -0.765319
7.334 -0.764719
7.336 -0.764119
7.338 -0.763519
7.340 -0.762919
7.342 -0.762319
7.344 -0.761719
7.346 -0.761119
7.348 -0.760519
7.350 -0.759919
7.352 -0.759319
7.354 -0.758719
7.356 -0.758119
7.358 -0.757519
7.360 -0.756919
7.362 -0.756319
7.364 -0.755719
7.366 -0.755119
7.368 -0.754519
7.370 -0.753919
7.372 -0.753319
7.374 -0.752719
7.376 -0.752119
7.378 -0.751519
7.380 -0.750919
7.382 -0.750319
7.384 -0.749719
7.386 -0.749119
7.388 -0.748519
7.390 -0.748519
7.392 -0.748519
7.394 -0.748519
7.396 -0.748519
7.398 -0.748519
7.400 -0.744919
7.402 -0.744319
7.404 -0.743719
7.406 -0.743119
7.408 -0.742519
7.410 -0.741919
7.412 -0.741319
7.414 -0.740719
7.416 -0.740119
7.418 -0.739519
7.420 -0.738919
7.422 -0.738319
7.424 -0.737719
7.426 -0.737119
7.428 -0.736519
7.430 -0.735919
7.432 -0.735319
7.434 -0.734719
7.436 -0.734119
7.438 -0.733519
7.440 -0.732919
7.442 -0.732919
7.444 -0.731719
7.446 -0.731119
7.448 -0.730519
7.450 -0.729919
7.452 -0.729319
7.454 -0.728719
7.456 -0.728119
7.458 -0.727519
7.460 -0.726919
7.462 -0.726319
7.464 -0.725719
7.466 -0.725119
7.468 -0.724519
7.470 -0.723919
7.472 -0.723319
7.474 -0.722719
7.476 -0.722119
7.478 -0.721519
7.480 -0.720919
7.482 -0.720319
7.484 -0.719719
7.486 -0.719119
7.488 -0.718519
7.490 -0.717919
7.492 -0.717319
7.494 -0.716719
7.496 -0.716119
7.498 -0.715519
7.500 -0.714919
7.502 -0.714319
7.504 -0.713719
7.506 -0.713119
7.508 -0.712519
7.510 -0.711919
7.512 -0.711319
7.514 -0.710719
7.516 -0.710119
7.518 -0.709519
7.520 -0.708919
7.522 -0.708319
7.524 -0.707719
7.526 -0.707119
7.528 -0.706519
7.530 -0.706519
7.532 -0.705319
7.534 -0.704719
7.536 -0.704119
7.538 -0.703519
7.540 -0.702919
7.542 -0.702319
7.544 -0.701719
7.546 -0.701119
7.548 -0.700519
7.550 -0.699919
7.552 -0.699319
7.554 -0.698719
7.556 -0.698119
7.558 -0.698119
7.560 -0.696919
7.562 -0.696319
7.564 -0.695719
7.566 -0.695119
7.568 -0.694519
7.570 -0.693919
7.572 -0.693319
7.574 -0.692719
7.576 -0.692119
7.578 -0.691519
7.580 -0.690919
7.582 -0.690319
7.584 -0.689719
7.586 -0.689119
7.588 -0.688519
7.590 -0.687919
7.592 -0.687319
7.594 -0.686719
7.596 -0.686119
7.598 -0.685519
7.600 -0.684919
7.602 -0.684319
7.604 -0.683719
7.606 -0.683119
7.608 -0.682519
7.610 -0.681919
7.612 -0.681319
7.614 -0.680719
7.616 -0.680119
7.618 -0.679519
7.620 -0.678919
7.622 -0.678319
7.624 -0.677719
7.626 -0.677119
7.628 -0.676519
7.630 -0.675919
7.632 -0.675319
7.634 -0.674719
7.636 -0.674119
7.638 -0.673519
7.640 -0.672919
7.642 -0.672319
7.644 -0.671719
7.646 -0.671719
7.648 -0.671119
7.650 -0.670519
7.652 -0.669319
7.654 -0.668719
7.656 -0.668119
7.658 -0.667519
7.660 -0.666919
7.662 -0.666319
7.664 -0.665719
7.666 -0.665119
7.668 -0.664519
7.670 -0.663919
7.672 -0.663319
7.674 -0.662719
7.676 -0.662119
7.678 -0.661519
7.680 -0.660919
7.682 -0.660319
7.684 -0.659719
7.686 -0.659119
7.688 -0.658519
7.690 -0.657919
7.692 -0.657319
7.694 -0.656719
7.696 -0.656119
7.698 -0.656119
7.700 -0.655519
7.702 -0.654319
7.704 -0.653719
7.706 -0.653119
7.708 -0.652519
7.710 -0.651919
7.712 -0.651319
7.714 -0.650719
7.716 -0.650119
7.718 -0.649519
7.720 -0.648919
7.722 -0.648319
7.724 -0.647719
7.726 -0.647119
7.728 -0.646519
7.730 -0.645919
7.732 -0.644719
7.734 -0.644719
7.736 -0.644119
7.738 -0.643519
7.740 -0.642919
7.742 -0.642319
7.744 -0.641719
7.746 -0.641119
7.748 -0.641119
7.750 -0.640519
7.752 -0.639319
7.754 -0.638719
7.756 -0.638119
7.758 -0.637519
7.760 -0.636919
7.762 -0.636319
7.764 -0.635719
7.766 -0.635119
7.768 -0.634519
7.770 -0.633919
7.772 -0.633319
7.774 -0.632719
7.776 -0.632119
7.778 -0.631519
7.780 -0.630919
7.782 -0.630319
7.784 -0.629719
7.786 -0.629119
7.788 -0.628519
7.790 -0.627919
7.792 -0.627319
7.794 -0.626719
7.796 -0.626119
7.798 -0.625519
7.800 -0.624919
7.802 -0.624319
7.804 -0.623719
7.806 -0.623119
7.808 -0.622519
7.810 -0.621919
7.812 -0.621319
7.814 -0.620719
7.816 -0.620119
7.818 -0.619519
7.820 -0.618919
7.822 -0.618319
7.824 -0.617719
7.826 -0.617119
7.828 -0.616519
7.830 -0.615319
7.832 -0.615319
7.834 -0.614719
7.836 -0.614119
7.838 -0.613519
7.840 -0.612919
7.842 -0.612319
7.844 -0.611719
7.846 -0.611119
7.848 -0.610519
7.850 -0.609919
7.852 -0.609319
7.854 -0.608719
7.856 -0.608119
7.858 -0.607519
7.860 -0.606919
7.862 -0.606319
7.864 -0.605719
7.866 -0.605119
7.868 -0.604519
7.870 -0.603919
7.872 -0.603319
7.874 -0.602719
7.876 -0.602119
7.878 -0.601519
7.880 -0.600919
7.882 -0.600319
7.884 -0.599719
7.886 -0.599119
7.888 -0.598519
7.890 -0.597919
7.892 -0.597319
7.894 -0.596719
7.896 -0.596119
7.898 -0.595519
7.900 -0.594919
7.902 -0.594319
7.904 -0.593719
7.906 -0.593119
7.908 -0.592519
7.910 -0.591919
7.912 -0.591319
7.914 -0.590719
7.916 -0.590119
7.918 -0.589519
7.920 -0.588919
7.922 -0.588319
7.924 -0.587719
7.926 -0.587119
7.928 -0.587119
7.930 -0.585919
7.932 -0.585319
7.934 -0.584719
7.936 -0.584119
7.938 -0.583519
7.940 -0.582919
7.942 -0.582319
7.944 -0.581719
7.946 -0.581719
7.948 -0.580519
7.950 -0.579919
7.952 -0.579319
7.954 -0.578719
7.956 -0.578119
7.958 -0.577519
7.960 -0.576919
7.962 -0.576319
7.964 -0.576319
7.966 -0.575119
7.968 -0.574519
7.970 -0.573919
7.972 -0.573319
7.974 -0.572719
7.976 -0.572119
7.978 -0.571519
7.980 -0.570919
7.982 -0.570319
7.984 -0.569719
7.986 -0.569119
7.988 -0.568519
7.990 -0.567919
7.992 -0.567319
7.994 -0.566719
7.996 -0.566119
7.998 -0.565519
8.000 -0.564919
8.002 -0.564319
8.004 -0.563719
8.006 -0.563119
8.008 -0.562519
8.010 -0.561919
8.012 -0.561319
8.014 -0.560719
8.016 -0.560119
8.018 -0.559519
8.020 -0.558919
8.022 -0.558319
8.024 -0.557719
8.026 -0.557119
8.028 -0.556519
8.030 -0.556519
8.032 -0.555319
8.034 -0.554719
8.036 -0.554119
8.038 -0.553519
8.040 -0.552919
8.042 -0.552319
8.044 -0.551719
8.046 -0.551119
8.048 -0.550519
8.050 -0.549919
8.052 -0.549319
8.054 -0.548719
8.056 -0.548119
8.058 -0.547519
8.060 -0.546919
8.062 -0.546319
8.064 -0.545719
8.066 -0.545119
8.068 -0.544519
8.070 -0.543919
8.072 -0.543319
8.074 -0.542719
8.076 -0.542719
8.078 -0.542119
8.080 -0.541519
8.082 -0.540319
8.084 -0.540319
8.086 -0.540319
8.088 -0.539719
8.090 -0.538519
8.092 -0.537319
8.094 -0.536719
8.096 -0.536119
8.098 -0.535519
8.100 -0.534919
8.102 -0.534319
8.104 -0.533719
8.106 -0.533119
8.108 -0.532519
8.110 -0.532519
8.112 -0.531319
8.114 -0.530719
8.116 -0.529519
8.118 -0.529519
8.120 -0.528919
8.122 -0.528319
8.124 -0.527719
8.126 -0.527119
8.128 -0.526519
8.130 -0.525919
8.132 -0.525319
8.134 -0.524719
8.136 -0.524119
8.138 -0.523519
8.140 -0.522919
8.142 -0.522319
8.144 -0.521719
8.146 -0.521119
8.148 -0.520519
8.150 -0.519919
8.152 -0.519319
8.154 -0.518719
8.156 -0.518119
8.158 -0.517519
8.160 -0.516919
8.162 -0.516919
8.164 -0.515719
8.166 -0.515119
8.168 -0.514519
8.170 -0.513919
8.172 -0.513319
8.174 -0.512719
8.176 -0.512119
8.178 -0.511519
8.180 -0.510919
8.182 -0.510319
8.184 -0.509719
8.186 -0.509119
8.188 -0.508519
8.190 -0.507919
8.192 -0.507919
8.194 -0.506719
8.196 -0.506119
8.198 -0.505519
8.200 -0.504919
8.202 -0.504319
8.204 -0.503719
8.206 -0.503119
8.208 -0.502519
8.210 -0.501919
8.212 -0.501319
8.214 -0.500719
8.216 -0.500119
8.218 -0.499519
8.220 -0.498919
8.222 -0.498319
8.224 -0.497719
8.226 -0.497119
8.228 -0.496519
8.230 -0.495919
8.232 -0.495319
8.234 -0.494719
8.236 -0.494119
8.238 -0.493519
8.240 -0.492919
8.242 -0.492319
8.244 -0.491719
8.246 -0.491719
8.248 -0.490519
8.250 -0.490519
8.252 -0.489319
8.254 -0.488719
8.256 -0.488119
8.258 -0.487519
8.260 -0.486919
8.262 -0.486919
8.264 -0.485719
8.266 -0.485119
8.268 -0.484519
8.270 -0.483919
8.272 -0.482119
8.274 -0.481519
8.276 -0.481519
8.278 -0.481519
8.280 -0.480919
8.282 -0.480319
8.284 -0.479719
8.286 -0.479119
8.288 -0.479119
8.290 -0.477919
8.292 -0.477319
8.294 -0.476719
8.296 -0.476119
8.298 -0.475519
8.300 -0.474919
8.302 -0.474319
8.304 -0.473719
8.306 -0.473119
8.308 -0.471919
8.310 -0.471919
8.312 -0.471319
8.314 -0.470719
8.316 -0.470119
8.318 -0.469519
8.320 -0.468919
8.322 -0.468319
8.324 -0.467719
8.326 -0.467119
8.328 -0.466519
8.330 -0.465919
8.332 -0.465319
8.334 -0.464719
8.336 -0.464119
8.338 -0.463519
8.340 -0.463519
8.342 -0.462319
8.344 -0.461719
8.346 -0.461119
8.348 -0.460519
8.350 -0.459919
8.352 -0.459319
8.354 -0.458719
8.356 -0.456919
8.358 -0.456319
8.360 -0.456319
8.362 -0.456319
8.364 -0.455719
8.366 -0.455119
8.368 -0.454519
8.370 -0.453919
8.372 -0.453319
8.374 -0.452719
8.376 -0.452119
8.378 -0.451519
8.380 -0.450919
8.382 -0.450319
8.384 -0.449719
8.386 -0.449119
8.388 -0.448519
8.390 -0.447919
8.392 -0.447319
8.394 -0.446719
8.396 -0.446119
8.398 -0.445519
8.400 -0.444919
8.402 -0.444319
8.404 -0.443719
8.406 -0.443119
8.408 -0.442519
8.410 -0.441919
8.412 -0.441319
8.414 -0.440719
8.416 -0.440119
8.418 -0.439519
8.420 -0.438919
8.422 -0.438319
8.424 -0.437719
8.426 -0.437119
8.428 -0.435919
8.430 -0.435919
8.432 -0.435319
8.434 -0.434719
8.436 -0.434119
8.438 -0.433519
8.440 -0.432919
8.442 -0.432319
8.444 -0.431719
8.446 -0.431119
8.448 -0.430519
8.450 -0.429919
8.452 -0.429319
8.454 -0.428719
8.456 -0.428119
8.458 -0.427519
8.460 -0.426919
8.462 -0.426319
8.464 -0.425719
8.466 -0.425119
8.468 -0.424519
8.470 -0.423919
8.472 -0.423319
8.474 -0.422719
8.476 -0.422119
8.478 -0.422119
8.480 -0.420919
8.482 -0.420319
8.484 -0.419719
8.486 -0.419119
8.488 -0.418519
8.490 -0.418519
8.492 -0.417319
8.494 -0.416719
8.496 -0.416119
8.498 -0.415519
8.500 -0.414919
8.502 -0.414319
8.504 -0.413719
8.506 -0.413119
8.508 -0.412519
8.510 -0.411919
8.512 -0.411319
8.514 -0.410719
8.516 -0.410119
8.518 -0.409519
8.520 -0.408919
8.522 -0.408319
8.524 -0.407719
8.526 -0.407119
8.528 -0.406519
8.530 -0.405919
8.532 -0.405319
8.534 -0.404719
8.536 -0.404119
8.538 -0.403519
8.540 -0.402919
8.542 -0.402319
8.544 -0.401719
8.546 -0.401119
8.548 -0.400519
8.550 -0.399919
8.552 -0.399319
8.554 -0.398719
8.556 -0.398119
8.558 -0.397519
8.560 -0.396919
8.562 -0.396319
8.564 -0.396319
8.566 -0.395119
8.568 -0.394519
8.570 -0.393919
8.572 -0.393319
8.574 -0.392719
8.576 -0.392119
8.578 -0.391519
8.580 -0.390919
8.582 -0.390319
8.584 -0.389719
8.586 -0.389119
8.588 -0.388519
8.590 -0.387919
8.592 -0.387319
8.594 -0.386719
8.596 -0.386119
8.598 -0.385519
8.600 -0.384919
8.602 -0.384319
8.604 -0.383719
8.606 -0.383119
8.608 -0.382519
8.610 -0.381919
8.612 -0.381319
8.614 -0.380719
8.616 -0.380119
8.618 -0.379519
8.620 -0.378919
8.622 -0.378319
8.624 -0.377719
8.626 -0.377119
8.628 -0.376519
8.630 -0.375919
8.632 -0.375319
8.634 -0.374719
8.636 -0.374119
8.638 -0.373519
8.640 -0.372919
8.642 -0.372319
8.644 -0.371719
8.646 -0.371119
8.648 -0.370519
8.650 -0.369919
8.652 -0.369319
8.654 -0.368719
8.656 -0.368119
8.658 -0.367519
8.660 -0.366919
8.662 -0.366319
8.664 -0.365719
8.666 -0.365119
8.668 -0.365119
8.670 -0.363919
8.672 -0.363319
8.674 -0.362719
8.676 -0.362119
8.678 -0.361519
8.680 -0.360919
8.682 -0.360319
8.684 -0.359719
8.686 -0.359119
8.688 -0.358519
8.690 -0.357919
8.692 -0.357319
8.694 -0.356719
8.696 -0.356119
8.698 -0.355519
8.700 -0.355519
8.702 -0.354319
8.704 -0.353719
8.706 -0.353119
8.708 -0.351919
8.710 -0.351919
8.712 -0.351319
8.714 -0.350719
8.716 -0.350119
8.718 -0.349519
8.720 -0.348919
8.722 -0.348319
8.724 -0.347719
8.726 -0.347119
8.728 -0.346519
8.730 -0.345919
8.732 -0.345319
8.734 -0.344719
8.736 -0.344119
8.738 -0.343519
8.740 -0.342919
8.742 -0.342319
8.744 -0.341719
8.746 -0.341119
8.748 -0.340519
8.750 -0.339919
8.752 -0.339319
8.754 -0.338719
8.756 -0.338119
8.758 -0.337519
8.760 -0.337519
8.762 -0.336319
8.764 -0.335719
8.766 -0.335119
8.768 -0.334519
8.770 -0.333919
8.772 -0.333319
8.774 -0.332719
8.776 -0.332119
8.778 -0.331519
8.780 -0.330919
8.782 -0.330319
8.784 -0.329719
8.786 -0.329119
8.788 -0.328519
8.790 -0.327919
8.792 -0.327919
8.794 -0.326719
8.796 -0.326119
8.798 -0.325519
8.800 -0.324919
8.802 -0.324319
8.804 -0.323719
8.806 -0.323119
8.808 -0.322519
8.810 -0.321919
8.812 -0.321319
8.814 -0.320719
8.816 -0.320119
8.818 -0.319519
8.820 -0.318919
8.822 -0.318319
8.824 -0.317719
8.826 -0.317119
8.828 -0.316519
8.830 -0.315919
8.832 -0.315319
8.834 -0.314719
8.836 -0.314119
8.838 -0.313519
8.840 -0.312919
8.842 -0.312319
8.844 -0.311719
8.846 -0.311119
8.848 -0.310519
8.850 -0.309919
8.852 -0.309319
8.854 -0.308719
8.856 -0.308119
8.858 -0.307519
8.860 -0.306919
8.862 -0.306319
8.864 -0.305719
8.866 -0.305119
8.868 -0.304519
8.870 -0.303919
8.872 -0.303319
8.874 -0.302719
8.876 -0.302119
8.878 -0.301519
8.880 -0.300919
8.882 -0.300319
8.884 -0.299719
8.886 -0.299119
8.888 -0.299119
8.890 -0.297919
8.892 -0.297319
8.894 -0.296719
8.896 -0.296119
8.898 -0.295519
8.900 -0.294919
8.902 -0.294319
8.904 -0.293719
8.906 -0.293119
8.908 -0.292519
8.910 -0.291919
8.912 -0.291319
8.914 -0.290719
8.916 -0.290119
8.918 -0.289519
8.920 -0.288919
8.922 -0.288319
8.924 -0.287719
8.926 -0.287119
8.928 -0.286519
8.930 -0.285919
8.932 -0.285319
8.934 -0.284719
8.936 -0.284119
8.938 -0.283519
8.940 -0.282919
8.942 -0.282319
8.944 -0.281719
8.946 -0.281119
8.948 -0.280519
8.950 -0.279919
8.952 -0.279319
8.954 -0.278719
8.956 -0.278119
8.958 -0.277519
8.960 -0.276919
8.962 -0.276319
8.964 -0.275719
8.966 -0.275119
8.968 -0.274519
8.970 -0.273919
8.972 -0.273319
8.974 -0.272719
8.976 -0.272119
8.978 -0.271519
8.980 -0.270919
8.982 -0.270319
8.984 -0.269719
8.986 -0.269119
8.988 -0.268519
8.990 -0.268519
8.992 -0.267319
8.994 -0.266719
8.996 -0.266119
8.998 -0.265519
9.000 -0.264919
9.002 -0.264319
9.004 -0.263719
9.006 -0.263119
9.008 -0.262519
9.010 -0.261919
9.012 -0.261319
9.014 -0.260719
9.016 -0.260119
9.018 -0.259519
9.020 -0.258919
9.022 -0.258319
9.024 -0.257719
9.026 -0.257119
9.028 -0.256519
9.030 -0.255919
9.032 -0.255319
9.034 -0.254719
9.036 -0.254119
9.038 -0.253519
9.040 -0.252919
9.042 -0.252319
9.044 -0.251719
9.046 -0.251719
9.048 -0.250519
9.050 -0.249919
9.052 -0.249319
9.054 -0.248719
9.056 -0.248119
9.058 -0.247519
9.060 -0.246919
9.062 -0.246319
9.064 -0.245719
9.066 -0.245119
9.068 -0.244519
9.070 -0.243919
9.072 -0.243319
9.074 -0.242719
9.076 -0.242119
9.078 -0.241519
9.080 -0.240919
9.082 -0.240319
9.084 -0.239719
9.086 -0.239119
9.088 -0.238519
9.090 -0.237919
9.092 -0.237319
9.094 -0.236719
9.096 -0.236119
9.098 -0.235519
9.100 -0.234919
9.102 -0.234319
9.104 -0.233719
9.106 -0.233119
9.108 -0.232519
9.110 -0.231919
9.112 -0.231319
9.114 -0.230719
9.116 -0.230119
9.118 -0.229519
9.120 -0.228919
9.122 -0.228319
9.124 -0.227719
9.126 -0.227119
9.128 -0.226519
9.130 -0.225919
9.132 -0.225319
9.134 -0.224719
9.136 -0.224119
9.138 -0.223521
9.140 -0.222923
9.142 -0.222327
9.144 -0.221730
9.146 -0.221135
9.148 -0.220541
9.150 -0.219947
9.152 -0.219354
9.154 -0.218762
9.156 -0.218171
9.158 -0.217581
9.160 -0.216991
9.162 -0.216402
9.164 -0.215814
9.166 -0.215227
9.168 -0.214641
9.170 -0.214055
9.172 -0.213470
9.174 -0.212886
9.176 -0.212303
9.178 -0.211720
9.180 -0.211139
9.182 -0.210558
9.184 -0.209978
9.186 -0.209399
9.188 -0.208820
9.190 -0.208243
9.192 -0.207666
9.194 -0.207090
9.196 -0.206515
9.198 -0.205940
9.200 -0.205367
9.202 -0.204794
9.204 -0.204222
9.206 -0.203651
9.208 -0.203080
9.210 -0.202510
9.212 -0.201942
9.214 -0.201374
9.216 -0.200806
9.218 -0.200240
9.220 -0.199674
9.222 -0.199110
9.224 -0.198545
9.226 -0.197982
9.228 -0.197420
9.230 -0.196858
9.232 -0.196297
9.234 -0.195737
9.236 -0.195178
9.238 -0.194620
9.240 -0.194062
9.242 -0.193505
9.244 -0.192949
9.246 -0.192394
9.248 -0.191840
9.250 -0.191286
9.252 -0.190733
9.254 -0.190181
9.256 -0.189630
9.258 -0.189079
9.260 -0.188530
9.262 -0.187981
9.264 -0.187433
9.266 -0.186886
9.268 -0.186339
9.270 -0.185794
9.272 -0.185249
9.274 -0.184705
9.276 -0.184162
9.278 -0.183619
9.280 -0.183078
9.282 -0.182537
9.284 -0.181997
9.286 -0.181458
9.288 -0.180919
9.290 -0.180381
9.292 -0.179845
9.294 -0.179309
9.296 -0.178773
9.298 -0.178239
9.300 -0.177705
9.302 -0.177173
9.304 -0.176641
9.306 -0.176109
9.308 -0.175049
9.310 -0.175049
9.312 -0.174520
9.314 -0.173992
9.316 -0.173465
9.318 -0.172939
9.320 -0.172413
9.322 -0.171888
9.324 -0.171364
9.326 -0.170841
9.328 -0.170319
9.330 -0.169797
9.332 -0.169276
9.334 -0.168756
9.336 -0.168237
9.338 -0.167718
9.340 -0.167201
9.342 -0.166684
9.344 -0.166168
9.346 -0.165653
9.348 -0.165138
9.350 -0.164625
9.352 -0.164112
9.354 -0.163600
9.356 -0.163089
9.358 -0.162578
9.360 -0.162069
9.362 -0.161560
9.364 -0.161052
9.366 -0.160545
9.368 -0.160038
9.370 -0.159532
9.372 -0.159028
9.374 -0.158524
9.376 -0.158020
9.378 -0.157518
9.380 -0.157016
9.382 -0.156516
9.384 -0.156016
9.386 -0.155516
9.388 -0.155018
9.390 -0.154520
9.392 -0.154023
9.394 -0.153527
9.396 -0.153032
9.398 -0.153032
9.400 -0.152044
9.402 -0.151551
9.404 -0.151059
9.406 -0.150568
9.408 -0.150078
9.410 -0.149588
9.412 -0.149099
9.414 -0.148611
9.416 -0.148124
9.418 -0.147638
9.420 -0.147152
9.422 -0.146667
9.424 -0.146183
9.426 -0.145700
9.428 -0.145217
9.430 -0.144736
9.432 -0.144255
9.434 -0.143775
9.436 -0.143296
9.438 -0.142817
9.440 -0.142340
9.442 -0.141863
9.444 -0.141387
9.446 -0.140912
9.448 -0.140437
9.450 -0.139964
9.452 -0.139491
9.454 -0.139019
9.456 -0.138547
9.458 -0.138077
9.460 -0.137607
9.462 -0.137607
9.464 -0.136671
9.466 -0.136203
9.468 -0.135737
9.470 -0.135271
9.472 -0.134806
9.474 -0.134342
9.476 -0.133879
9.478 -0.133417
9.480 -0.132955
9.482 -0.132494
9.484 -0.132034
9.486 -0.131575
9.488 -0.131117
9.490 -0.130659
9.492 -0.130202
9.494 -0.129746
9.496 -0.129291
9.498 -0.128837
9.500 -0.128383
9.502 -0.127930
9.504 -0.127478
9.506 -0.127027
9.508 -0.127027
9.510 -0.127027
9.512 -0.125678
9.514 -0.125230
9.516 -0.124783
9.518 -0.124336
9.520 -0.123891
9.522 -0.123446
9.524 -0.123002
9.526 -0.122559
9.528 -0.122116
9.530 -0.121675
9.532 -0.121234
9.534 -0.120794
9.536 -0.120354
9.538 -0.119916
9.540 -0.119478
9.542 -0.119042
9.544 -0.118606
9.546 -0.118170
9.548 -0.117736
9.550 -0.117302
9.552 -0.116869
9.554 -0.116437
9.556 -0.116006
9.558 -0.115576
9.560 -0.115146
9.562 -0.114717
9.564 -0.114289
9.566 -0.113862
9.568 -0.113436
9.570 -0.113010
9.572 -0.112585
9.574 -0.112161
9.576 -0.111738
9.578 -0.111316
9.580 -0.110894
9.582 -0.110473
9.584 -0.110053
9.586 -0.109634
9.588 -0.109215
9.590 -0.108798
9.592 -0.108381
9.594 -0.107965
9.596 -0.107550
9.598 -0.107135
9.600 -0.106722
9.602 -0.106309
9.604 -0.105897
9.606 -0.105486
9.608 -0.105075
9.610 -0.104666
9.612 -0.104257
9.614 -0.103849
9.616 -0.103441
9.618 -0.103035
9.620 -0.102629
9.622 -0.102225
9.624 -0.101821
9.626 -0.101417
9.628 -0.101015
9.630 -0.100613
9.632 -0.100212
9.634 -0.099812
9.636 -0.099413
9.638 -0.099015
9.640 -0.098617
9.642 -0.098220
9.644 -0.097824
9.646 -0.097429
9.648 -0.097035
9.650 -0.096641
9.652 -0.096248
9.654 -0.095856
9.656 -0.095465
9.658 -0.095075
9.660 -0.094685
9.662 -0.094296
9.664 -0.093908
9.666 -0.093521
9.668 -0.092364
9.670 -0.092364
9.672 -0.092364
9.674 -0.091980
9.676 -0.091597
9.678 -0.091214
9.680 -0.090833
9.682 -0.090452
9.684 -0.090072
9.686 -0.089693
9.688 -0.089314
9.690 -0.088937
9.692 -0.088560
9.694 -0.088184
9.696 -0.087808
9.698 -0.087434
9.700 -0.087060
9.702 -0.086688
9.704 -0.086316
9.706 -0.085944
9.708 -0.085204
9.710 -0.085204
9.712 -0.084835
9.714 -0.084467
9.716 -0.084100
9.718 -0.083734
9.720 -0.083368
9.722 -0.083003
9.724 -0.082639
9.726 -0.082276
9.728 -0.081914
9.730 -0.081552
9.732 -0.081191
9.734 -0.080831
9.736 -0.080472
9.738 -0.080114
9.740 -0.079756
9.742 -0.079399
9.744 -0.079043
9.746 -0.078688
9.748 -0.078333
9.750 -0.077980
9.752 -0.077627
9.754 -0.077275
9.756 -0.076924
9.758 -0.076573
9.760 -0.076224
9.762 -0.075875
9.764 -0.075527
9.766 -0.075180
9.768 -0.074833
9.770 -0.074488
9.772 -0.074143
9.774 -0.073799
9.776 -0.073455
9.778 -0.073113
9.780 -0.072771
9.782 -0.072431
9.784 -0.072091
9.786 -0.071751
9.788 -0.071413
9.790 -0.071075
9.792 -0.070738
9.794 -0.070402
9.796 -0.070067
9.798 -0.069733
9.800 -0.069733
9.802 -0.069066
9.804 -0.068734
9.806 -0.068403
9.808 -0.068073
9.810 -0.067743
9.812 -0.067414
9.814 -0.067086
9.816 -0.066759
9.818 -0.066433
9.820 -0.066107
9.822 -0.065782
9.824 -0.065458
9.826 -0.065135
9.828 -0.064812
9.830 -0.064491
9.832 -0.064170
9.834 -0.063850
9.836 -0.063531
9.838 -0.063212
9.840 -0.062895
9.842 -0.062578
9.844 -0.062262
9.846 -0.061947
9.848 -0.061632
9.850 -0.061319
9.852 -0.061006
9.854 -0.060694
9.856 -0.060382
9.858 -0.060072
9.860 -0.059762
9.862 -0.059454
9.864 -0.059146
9.866 -0.058838
9.868 -0.058532
9.870 -0.058226
9.872 -0.057921
9.874 -0.057617
9.876 -0.057012
9.878 -0.056710
9.880 -0.056710
9.882 -0.056409
9.884 -0.056109
9.886 -0.055810
9.888 -0.055512
9.890 -0.055214
9.892 -0.054917
9.894 -0.054621
9.896 -0.054326
9.898 -0.054032
9.900 -0.053738
9.902 -0.053445
9.904 -0.053153
9.906 -0.052862
9.908 -0.052571
9.910 -0.052282
9.912 -0.051993
9.914 -0.051705
9.916 -0.051418
9.918 -0.051131
9.920 -0.050846
9.922 -0.050561
9.924 -0.050277
9.926 -0.049994
9.928 -0.049711
9.930 -0.049430
9.932 -0.049149
9.934 -0.048869
9.936 -0.048590
9.938 -0.048311
9.940 -0.048033
9.942 -0.047757
9.944 -0.047481
9.946 -0.047205
9.948 -0.046931
9.950 -0.046657
9.952 -0.046385
9.954 -0.046112
9.956 -0.045841
9.958 -0.045571
9.960 -0.045301
9.962 -0.045032
9.964 -0.044764
9.966 -0.044497
9.968 -0.044231
9.970 -0.043965
9.972 -0.043700
9.974 -0.043436
9.976 -0.043173
9.978 -0.042911
9.980 -0.042649
9.982 -0.042388
9.984 -0.042128
9.986 -0.041869
9.988 -0.041610
9.990 -0.041353
9.992 -0.041096
9.994 -0.040840
9.996 -0.040585
9.998 -0.040330
10.000 -0.040077
10.002 -0.039824
10.004 -0.039572
10.006 -0.039321
10.008 -0.039070
10.010 -0.038821
10.012 -0.038572
10.014 -0.038324
10.016 -0.038077
10.018 -0.037830
10.020 -0.037584
10.022 -0.037340
10.024 -0.037096
10.026 -0.036852
10.028 -0.036610
10.030 -0.036368
10.032 -0.036128
10.034 -0.035887
10.036 -0.035648
10.038 -0.035410
10.040 -0.035172
10.042 -0.034935
10.044 -0.034699
10.046 -0.034464
10.048 -0.034230
10.050 -0.033996
10.052 -0.033763
10.054 -0.033531
10.056 -0.033300
10.058 -0.033070
10.060 -0.032840
10.062 -0.032611
10.064 -0.032383
10.066 -0.032156
10.068 -0.031929
10.070 -0.031929
10.072 -0.031479
10.074 -0.031255
10.076 -0.031032
10.078 -0.030809
10.080 -0.030588
10.082 -0.030367
10.084 -0.030147
10.086 -0.029928
10.088 -0.029709
10.090 -0.029492
10.092 -0.029275
10.094 -0.029059
10.096 -0.028844
10.098 -0.028629
10.100 -0.028415
10.102 -0.028203
10.104 -0.027991
10.106 -0.027779
10.108 -0.027569
10.110 -0.027359
10.112 -0.027151
10.114 -0.026943
10.116 -0.026735
10.118 -0.026529
10.120 -0.026323
10.122 -0.026118
10.124 -0.025914
10.126 -0.025711
10.128 -0.025509
10.130 -0.025509
10.132 -0.025106
10.134 -0.024906
10.136 -0.024707
10.138 -0.024509
10.140 -0.024311
10.142 -0.024114
10.144 -0.023918
10.146 -0.023723
10.148 -0.023528
10.150 -0.023335
10.152 -0.023142
10.154 -0.022950
10.156 -0.022759
10.158 -0.022568
10.160 -0.022379
10.162 -0.022190
10.164 -0.022002
10.166 -0.021815
10.168 -0.021628
10.170 -0.021443
10.172 -0.021258
10.174 -0.021074
10.176 -0.020891
10.178 -0.020708
10.180 -0.020526
10.182 -0.020346
10.184 -0.020166
10.186 -0.019986
10.188 -0.019808
10.190 -0.019630
10.192 -0.019454
10.194 -0.019278
10.196 -0.019102
10.198 -0.018928
10.200 -0.018928
10.202 -0.018581
10.204 -0.018409
10.206 -0.018238
10.208 -0.018068
10.210 -0.017898
10.212 -0.017729
10.214 -0.017561
10.216 -0.017394
10.218 -0.017228
10.220 -0.017062
10.222 -0.016897
10.224 -0.016733
10.226 -0.016570
10.228 -0.016408
10.230 -0.016246
10.232 -0.016085
10.234 -0.015925
10.236 -0.015766
10.238 -0.015607
10.240 -0.015450
10.242 -0.015293
10.244 -0.015137
10.246 -0.014982
10.248 -0.014827
10.250 -0.014674
10.252 -0.014521
10.254 -0.014369
10.256 -0.014369
10.258 -0.014067
10.260 -0.014067
10.262 -0.013769
10.264 -0.013621
10.266 -0.013473
10.268 -0.013473
10.270 -0.013181
10.272 -0.013037
10.274 -0.012893
10.276 -0.012749
10.278 -0.012749
10.280 -0.012607
10.282 -0.012324
10.284 -0.012184
10.286 -0.012045
10.288 -0.011907
10.290 -0.011769
10.292 -0.011632
10.294 -0.011496
10.296 -0.011361
10.298 -0.011227
10.300 -0.011093
10.302 -0.010960
10.304 -0.010828
10.306 -0.010697
10.308 -0.010567
10.310 -0.010437
10.312 -0.010308
10.314 -0.010053
10.316 -0.010053
10.318 -0.009926
10.320 -0.009801
10.322 -0.009676
10.324 -0.009429
10.326 -0.009429
10.328 -0.009306
10.330 -0.009185
10.332 -0.009064
10.334 -0.008944
10.336 -0.008825
10.338 -0.008706
10.340 -0.008589
10.342 -0.008472
10.344 -0.008356
10.346 -0.008240
10.348 -0.008126
10.350 -0.008012
10.352 -0.007900
10.354 -0.007788
10.356 -0.007676
10.358 -0.007566
10.360 -0.007456
10.362 -0.007347
10.364 -0.007239
10.366 -0.007132
10.368 -0.007026
10.370 -0.006920
10.372 -0.006815
10.374 -0.006711
10.376 -0.006608
10.378 -0.006506
10.380 -0.006404
10.382 -0.006303
10.384 -0.006203
10.386 -0.006104
10.388 -0.005908
10.390 -0.005908
10.392 -0.005908
10.394 -0.005715
10.396 -0.005620
10.398 -0.005525
10.400 -0.005432
10.402 -0.005339
10.404 -0.005247
10.406 -0.005156
10.408 -0.005065
10.410 -0.004976
10.412 -0.004887
10.414 -0.004799
10.416 -0.004712
10.418 -0.004625
10.420 -0.004540
10.422 -0.004455
10.424 -0.004371
10.426 -0.004287
10.428 -0.004287
10.430 -0.004205
10.432 -0.004043
10.434 -0.003963
10.436 -0.003883
10.438 -0.003805
10.440 -0.003727
10.442 -0.003650
10.444 -0.003574
10.446 -0.003499
10.448 -0.003425
10.450 -0.003351
10.452 -0.003278
10.454 -0.003206
10.456 -0.003135
10.458 -0.003065
10.460 -0.002995
10.462 -0.002926
10.464 -0.002858
10.466 -0.002791
10.468 -0.002659
10.470 -0.002659
10.472 -0.002594
10.474 -0.002530
10.476 -0.002467
10.478 -0.002404
10.480 -0.002343
10.482 -0.002282
10.484 -0.002222
10.486 -0.002163
10.488 -0.002104
10.490 -0.002047
10.492 -0.001990
10.494 -0.001934
10.496 -0.001879
10.498 -0.001824
10.500 -0.001771
10.502 -0.001718
10.504 -0.001666
10.506 -0.001614
10.508 -0.001564
10.510 -0.001514
10.512 -0.001466
10.514 -0.001418
10.516 -0.001370
10.518 -0.001324
10.520 -0.001278
10.522 -0.001233
10.524 -0.001189
10.526 -0.001146
10.528 -0.001104
10.530 -0.001104
10.532 -0.001021
10.534 -0.000981
10.536 -0.000942
10.538 -0.000904
10.540 -0.000866
10.542 -0.000829
10.544 -0.000793
10.546 -0.000758
10.548 -0.000724
10.550 -0.000690
10.552 -0.000657
10.554 -0.000625
10.556 -0.000594
10.558 -0.000563
10.560 -0.000534
10.562 -0.000505
10.564 -0.000477
10.566 -0.000450
10.568 -0.000423
10.570 -0.000398
10.572 -0.000373
10.574 -0.000349
10.576 -0.000326
10.578 -0.000303
10.580 -0.000303
10.582 -0.000261
10.584 -0.000241
10.586 -0.000221
10.588 -0.000203
10.590 -0.000185
10.592 -0.000169
10.594 -0.000153
10.596 -0.000137
10.598 -0.000123
10.600 -0.000109
10.602 -0.000096
10.604 -0.000084
10.606 -0.000073
10.608 -0.000063
10.610 -0.000053
10.612 -0.000044
10.614 -0.000036
10.616 -0.000029
10.618 -0.000023
10.620 -0.000017
10.622 -0.000012
10.624 -0.000008
10.626 -0.000005
10.628 -0.000003
10.630 -0.000003
10.632 -0.000000
