0.000 -2.738119
0.002 -2.738119
0.004 -2.738119
0.006 -2.738119
0.008 -2.738118
0.010 -2.738118
0.012 -2.738118
0.014 -2.738117
0.016 -2.738116
0.018 -2.738115
0.020 -2.738113
0.022 -2.738110
0.024 -2.738107
0.026 -2.738104
0.028 -2.738099
0.030 -2.738095
0.032 -2.738089
0.034 -2.738083
0.036 -2.738076
0.038 -2.738068
0.040 -2.738059
0.042 -2.738050
0.044 -2.738039
0.046 -2.738028
0.048 -2.738015
0.050 -2.738002
0.052 -2.737989
0.054 -2.737974
0.056 -2.737959
0.058 -2.737944
0.060 -2.737926
0.062 -2.737908
0.064 -2.737889
0.066 -2.737869
0.068 -2.737847
0.070 -2.737823
0.072 -2.737799
0.074 -2.737774
0.076 -2.737747
0.078 -2.737720
0.080 -2.737692
0.082 -2.737662
0.084 -2.737632
0.086 -2.737601
0.088 -2.737569
0.090 -2.737535
0.092 -2.737501
0.094 -2.737466
0.096 -2.737430
0.098 -2.737393
0.100 -2.737355
0.102 -2.737317
0.104 -2.737277
0.106 -2.737236
0.108 -2.737195
0.110 -2.737153
0.112 -2.737110
0.114 -2.737066
0.116 -2.737021
0.118 -2.736975
0.120 -2.736928
0.122 -2.736881
0.124 -2.736833
0.126 -2.736784
0.128 -2.736734
0.130 -2.736683
0.132 -2.736632
0.134 -2.736579
0.136 -2.736526
0.138 -2.736472
0.140 -2.736417
0.142 -2.736362
0.144 -2.736305
0.146 -2.736248
0.148 -2.736190
0.150 -2.736131
0.152 -2.736075
0.154 -2.736016
0.156 -2.735955
0.158 -2.735893
0.160 -2.735830
0.162 -2.735766
0.164 -2.735701
0.166 -2.735636
0.168 -2.735570
0.170 -2.735503
0.172 -2.735435
0.174 -2.735367
0.176 -2.735298
0.178 -2.735228
0.180 -2.735157
0.182 -2.735089
0.184 -2.735018
0.186 -2.734945
0.188 -2.734871
0.190 -2.734796
0.192 -2.734720
0.194 -2.734643
0.196 -2.734566
0.198 -2.734488
0.200 -2.734409
0.202 -2.734329
0.204 -2.734248
0.206 -2.734167
0.208 -2.734085
0.210 -2.734002
0.212 -2.733918
0.214 -2.733834
0.216 -2.733748
0.218 -2.733662
0.220 -2.733575
0.222 -2.733488
0.224 -2.733399
0.226 -2.733310
0.228 -2.733220
0.230 -2.733129
0.232 -2.733037
0.234 -2.732944
0.236 -2.732851
0.238 -2.732757
0.240 -2.732662
0.242 -2.732567
0.244 -2.732470
0.246 -2.732373
0.248 -2.732275
0.250 -2.732176
0.252 -2.732076
0.254 -2.731976
0.256 -2.731874
0.258 -2.731772
0.260 -2.731669
0.262 -2.731566
0.264 -2.731461
0.266 -2.731356
0.268 -2.731250
0.270 -2.731143
0.272 -2.731035
0.274 -2.730927
0.276 -2.730818
0.278 -2.730708
0.280 -2.730597
0.282 -2.730485
0.284 -2.730373
0.286 -2.730259
0.288 -2.730145
0.290 -2.730030
0.292 -2.729914
0.294 -2.729798
0.296 -2.729680
0.298 -2.729562
0.300 -2.729443
0.302 -2.729323
0.304 -2.729203
0.306 -2.729081
0.308 -2.728959
0.310 -2.728836
0.312 -2.728712
0.314 -2.728588
0.316 -2.728462
0.318 -2.728336
0.320 -2.728209
0.322 -2.728081
0.324 -2.727953
0.326 -2.727823
0.328 -2.727693
0.330 -2.727562
0.332 -2.727430
0.334 -2.727297
0.336 -2.727164
0.338 -2.727029
0.340 -2.726894
0.342 -2.726758
0.344 -2.726622
0.346 -2.726484
0.348 -2.726346
0.350 -2.726214
0.352 -2.726091
0.354 -2.725955
0.356 -2.725815
0.358 -2.725672
0.360 -2.725528
0.362 -2.725383
0.364 -2.725237
0.366 -2.725090
0.368 -2.724942
0.370 -2.724794
0.372 -2.724645
0.374 -2.724495
0.376 -2.724344
0.378 -2.724192
0.380 -2.724040
0.382 -2.723886
0.384 -2.723732
0.386 -2.723577
0.388 -2.723422
0.390 -2.723265
0.392 -2.723117
0.394 -2.722961
0.396 -2.722803
0.398 -2.722643
0.400 -2.722483
0.402 -2.722321
0.404 -2.722159
0.406 -2.721987
0.408 -2.721821
0.410 -2.721656
0.412 -2.721491
0.414 -2.721325
0.416 -2.721159
0.418 -2.720991
0.420 -2.720824
0.422 -2.720655
0.424 -2.720486
0.426 -2.720316
0.428 -2.720145
0.430 -2.719974
0.432 -2.719802
0.434 -2.719629
0.436 -2.719455
0.438 -2.719262
0.440 -2.719052
0.442 -2.718847
0.444 -2.718653
0.446 -2.718472
0.448 -2.718294
0.450 -2.718118
0.452 -2.717941
0.454 -2.717764
0.456 -2.717587
0.458 -2.717409
0.460 -2.717230
0.462 -2.717051
0.464 -2.716870
0.466 -2.716689
0.468 -2.716508
0.470 -2.716325
0.472 -2.716141
0.474 -2.715957
0.476 -2.715771
0.478 -2.715585
0.480 -2.715398
0.482 -2.715210
0.484 -2.715021
0.486 -2.714831
0.488 -2.714640
0.490 -2.714448
0.492 -2.714255
0.494 -2.714061
0.496 -2.713866
0.498 -2.713670
0.500 -2.713473
0.502 -2.713275
0.504 -2.713076
0.506 -2.712876
0.508 -2.712675
0.510 -2.712474
0.512 -2.712271
0.514 -2.712067
0.516 -2.711863
0.518 -2.711657
0.520 -2.711450
0.522 -2.711243
0.524 -2.711035
0.526 -2.710825
0.528 -2.710615
0.530 -2.710404
0.532 -2.710203
0.534 -2.709994
0.536 -2.709781
0.538 -2.709566
0.540 -2.709350
0.542 -2.709133
0.544 -2.708915
0.546 -2.708697
0.548 -2.708477
0.550 -2.708257
0.552 -2.708036
0.554 -2.707814
0.556 -2.707591
0.558 -2.707367
0.560 -2.707143
0.562 -2.706917
0.564 -2.706703
0.566 -2.706480
0.568 -2.706253
0.570 -2.706024
0.572 -2.705794
0.574 -2.705564
0.576 -2.705332
0.578 -2.705100
0.580 -2.704867
0.582 -2.704634
0.584 -2.704399
0.586 -2.704164
0.588 -2.703928
0.590 -2.703691
0.592 -2.703466
0.594 -2.703244
0.596 -2.703010
0.598 -2.702771
0.600 -2.702530
0.602 -2.702288
0.604 -2.702044
0.606 -2.701800
0.608 -2.701555
0.610 -2.701309
0.612 -2.701063
0.614 -2.700815
0.616 -2.700567
0.618 -2.700318
0.620 -2.700068
0.622 -2.699818
0.624 -2.699567
0.626 -2.699315
0.628 -2.699063
0.630 -2.698809
0.632 -2.698555
0.634 -2.698301
0.636 -2.698046
0.638 -2.697790
0.640 -2.697492
0.642 -2.697180
0.644 -2.696879
0.646 -2.696595
0.648 -2.696330
0.650 -2.696072
0.652 -2.695815
0.654 -2.695559
0.656 -2.695303
0.658 -2.695046
0.660 -2.694789
0.662 -2.694532
0.664 -2.694273
0.666 -2.694015
0.668 -2.693755
0.670 -2.693480
0.672 -2.693214
0.674 -2.692951
0.676 -2.692688
0.678 -2.692424
0.680 -2.692160
0.682 -2.691895
0.684 -2.691629
0.686 -2.691361
0.688 -2.691093
0.690 -2.690824
0.692 -2.690554
0.694 -2.690283
0.696 -2.690010
0.698 -2.689737
0.700 -2.689463
0.702 -2.689187
0.704 -2.688911
0.706 -2.688633
0.708 -2.688354
0.710 -2.688074
0.712 -2.687794
0.714 -2.687512
0.716 -2.687229
0.718 -2.686945
0.720 -2.686660
0.722 -2.686373
0.724 -2.686086
0.726 -2.685798
0.728 -2.685509
0.730 -2.685219
0.732 -2.684927
0.734 -2.684635
0.736 -2.684342
0.738 -2.684048
0.740 -2.683753
0.742 -2.683457
0.744 -2.683160
0.746 -2.682862
0.748 -2.682563
0.750 -2.682264
0.752 -2.681963
0.754 -2.681662
0.756 -2.681359
0.758 -2.681056
0.760 -2.680752
0.762 -2.680447
0.764 -2.680142
0.766 -2.679835
0.768 -2.679528
0.770 -2.679219
0.772 -2.678910
0.774 -2.678601
0.776 -2.678290
0.778 -2.677978
0.780 -2.677666
0.782 -2.677353
0.784 -2.677039
0.786 -2.676725
0.788 -2.676409
0.790 -2.676093
0.792 -2.675776
0.794 -2.675458
0.796 -2.675140
0.798 -2.674820
0.800 -2.674500
0.802 -2.674179
0.804 -2.673858
0.806 -2.673535
0.808 -2.673212
0.810 -2.672888
0.812 -2.672563
0.814 -2.672238
0.816 -2.671912
0.818 -2.671585
0.820 -2.671257
0.822 -2.670928
0.824 -2.670599
0.826 -2.670269
0.828 -2.669938
0.830 -2.669606
0.832 -2.669273
0.834 -2.668940
0.836 -2.668606
0.838 -2.668271
0.840 -2.667935
0.842 -2.667599
0.844 -2.667262
0.846 -2.666924
0.848 -2.666585
0.850 -2.666245
0.852 -2.665905
0.854 -2.665564
0.856 -2.665222
0.858 -2.664879
0.860 -2.664536
0.862 -2.664191
0.864 -2.663846
0.866 -2.663500
0.868 -2.663154
0.870 -2.662825
0.872 -2.662482
0.874 -2.662134
0.876 -2.661784
0.878 -2.661433
0.880 -2.661081
0.882 -2.660727
0.884 -2.660373
0.886 -2.660018
0.888 -2.659663
0.890 -2.659306
0.892 -2.658949
0.894 -2.658590
0.896 -2.658231
0.898 -2.657871
0.900 -2.657511
0.902 -2.657149
0.904 -2.656787
0.906 -2.656424
0.908 -2.656061
0.910 -2.655677
0.912 -2.655305
0.914 -2.654938
0.916 -2.654571
0.918 -2.654204
0.920 -2.653836
0.922 -2.653468
0.924 -2.653099
0.926 -2.652730
0.928 -2.652359
0.930 -2.651989
0.932 -2.651617
0.934 -2.651244
0.936 -2.650871
0.938 -2.650497
0.940 -2.650122
0.942 -2.649747
0.944 -2.649370
0.946 -2.648993
0.948 -2.648615
0.950 -2.648216
0.952 -2.647830
0.954 -2.647449
0.956 -2.647067
0.958 -2.646686
0.960 -2.646304
0.962 -2.645922
0.964 -2.645538
0.966 -2.645154
0.968 -2.644769
0.970 -2.644383
0.972 -2.643997
0.974 -2.643609
0.976 -2.643221
0.978 -2.642832
0.980 -2.642442
0.982 -2.642051
0.984 -2.641660
0.986 -2.641267
0.988 -2.640874
0.990 -2.640480
0.992 -2.640085
0.994 -2.639689
0.996 -2.639292
0.998 -2.638894
1.000 -2.638496
1.002 -2.638096
1.004 -2.637696
1.006 -2.637295
1.008 -2.636893
1.010 -2.636490
1.012 -2.636086
1.014 -2.635681
1.016 -2.635276
1.018 -2.634870
1.020 -2.634462
1.022 -2.634054
1.024 -2.633645
1.026 -2.633236
1.028 -2.632825
1.030 -2.632414
1.032 -2.632001
1.034 -2.631588
1.036 -2.631174
1.038 -2.630759
1.040 -2.630344
1.042 -2.629927
1.044 -2.629510
1.046 -2.629092
1.048 -2.628673
1.050 -2.628253
1.052 -2.627833
1.054 -2.627411
1.056 -2.626989
1.058 -2.626566
1.060 -2.626142
1.062 -2.625718
1.064 -2.625292
1.066 -2.624866
1.068 -2.624439
1.070 -2.624011
1.072 -2.623583
1.074 -2.623153
1.076 -2.622723
1.078 -2.622292
1.080 -2.621860
1.082 -2.621428
1.084 -2.620995
1.086 -2.620560
1.088 -2.620125
1.090 -2.619690
1.092 -2.619253
1.094 -2.618816
1.096 -2.618378
1.098 -2.617939
1.100 -2.617499
1.102 -2.617058
1.104 -2.616617
1.106 -2.616175
1.108 -2.615732
1.110 -2.615265
1.112 -2.614813
1.114 -2.614366
1.116 -2.613920
1.118 -2.613473
1.120 -2.613027
1.122 -2.612579
1.124 -2.612131
1.126 -2.611682
1.128 -2.611233
1.130 -2.610783
1.132 -2.610332
1.134 -2.609880
1.136 -2.609427
1.138 -2.608974
1.140 -2.608544
1.142 -2.608097
1.144 -2.607642
1.146 -2.607186
1.148 -2.606728
1.150 -2.606268
1.152 -2.605832
1.154 -2.605378
1.156 -2.604918
1.158 -2.604455
1.160 -2.603990
1.162 -2.603524
1.164 -2.603057
1.166 -2.602589
1.168 -2.602120
1.170 -2.601651
1.172 -2.601180
1.174 -2.600709
1.176 -2.600237
1.178 -2.599764
1.180 -2.599290
1.182 -2.598816
1.184 -2.598341
1.186 -2.597864
1.188 -2.597388
1.190 -2.596910
1.192 -2.596432
1.194 -2.595952
1.196 -2.595473
1.198 -2.594992
1.200 -2.594511
1.202 -2.594029
1.204 -2.593546
1.206 -2.593063
1.208 -2.592579
1.210 -2.592094
1.212 -2.591609
1.214 -2.591122
1.216 -2.590635
1.218 -2.590148
1.220 -2.589659
1.222 -2.589170
1.224 -2.588680
1.226 -2.588190
1.228 -2.587698
1.230 -2.587233
1.232 -2.586748
1.234 -2.586256
1.236 -2.585761
1.238 -2.585266
1.240 -2.584769
1.242 -2.584271
1.244 -2.583772
1.246 -2.583273
1.248 -2.582772
1.250 -2.582271
1.252 -2.581769
1.254 -2.581266
1.256 -2.580763
1.258 -2.580259
1.260 -2.579754
1.262 -2.579248
1.264 -2.578741
1.266 -2.578234
1.268 -2.577726
1.270 -2.577244
1.272 -2.576770
1.274 -2.576270
1.276 -2.575761
1.278 -2.575248
1.280 -2.574734
1.282 -2.574218
1.284 -2.573701
1.286 -2.573184
1.288 -2.572665
1.290 -2.572146
1.292 -2.571626
1.294 -2.571105
1.296 -2.570584
1.298 -2.570061
1.300 -2.569538
1.302 -2.569015
1.304 -2.568490
1.306 -2.567965
1.308 -2.567440
1.310 -2.566913
1.312 -2.566386
1.314 -2.565858
1.316 -2.565329
1.318 -2.564800
1.320 -2.564270
1.322 -2.563740
1.324 -2.563209
1.326 -2.562677
1.328 -2.562144
1.330 -2.561611
1.332 -2.561077
1.334 -2.560543
1.336 -2.560007
1.338 -2.559472
1.340 -2.558935
1.342 -2.558398
1.344 -2.557860
1.346 -2.557321
1.348 -2.556782
1.350 -2.556242
1.352 -2.555730
1.354 -2.555197
1.356 -2.554657
1.358 -2.554113
1.360 -2.553569
1.362 -2.553023
1.364 -2.552476
1.366 -2.551929
1.368 -2.551380
1.370 -2.550831
1.372 -2.550281
1.374 -2.549731
1.376 -2.549179
1.378 -2.548627
1.380 -2.548074
1.382 -2.547520
1.384 -2.546966
1.386 -2.546411
1.388 -2.545855
1.390 -2.545328
1.392 -2.544839
1.394 -2.544390
1.396 -2.543982
1.398 -2.543613
1.400 -2.543252
1.402 -2.542860
1.404 -2.542482
1.406 -2.542045
1.408 -2.541583
1.410 -2.541109
1.412 -2.540626
1.414 -2.540137
1.416 -2.539641
1.418 -2.539139
1.420 -2.538630
1.422 -2.538116
1.424 -2.537595
1.426 -2.537069
1.428 -2.536538
1.430 -2.536001
1.432 -2.535460
1.434 -2.534913
1.436 -2.534362
1.438 -2.533806
1.440 -2.533247
1.442 -2.532714
1.444 -2.532217
1.446 -2.531698
1.448 -2.531137
1.450 -2.530561
1.452 -2.529977
1.454 -2.529389
1.456 -2.528798
1.458 -2.528204
1.460 -2.527607
1.462 -2.527008
1.464 -2.526407
1.466 -2.525805
1.468 -2.525200
1.470 -2.524595
1.472 -2.523988
1.474 -2.523412
1.476 -2.522812
1.478 -2.522205
1.480 -2.521594
1.482 -2.521014
1.484 -2.520411
1.486 -2.519799
1.488 -2.519185
1.490 -2.518570
1.492 -2.517954
1.494 -2.517338
1.496 -2.516722
1.498 -2.516105
1.500 -2.515489
1.502 -2.514872
1.504 -2.514255
1.506 -2.513639
1.508 -2.513022
1.510 -2.512373
1.512 -2.511715
1.514 -2.511087
1.516 -2.510468
1.518 -2.509854
1.520 -2.509241
1.522 -2.508629
1.524 -2.508017
1.526 -2.507407
1.528 -2.506797
1.530 -2.506188
1.532 -2.505579
1.534 -2.504971
1.536 -2.504363
1.538 -2.503756
1.540 -2.503181
1.542 -2.502585
1.544 -2.501982
1.546 -2.501376
1.548 -2.500770
1.550 -2.500165
1.552 -2.499559
1.554 -2.498954
1.556 -2.498349
1.558 -2.497712
1.560 -2.497065
1.562 -2.496449
1.564 -2.495843
1.566 -2.495240
1.568 -2.494639
1.570 -2.494039
1.572 -2.493439
1.574 -2.492839
1.576 -2.492240
1.578 -2.491641
1.580 -2.491043
1.582 -2.490444
1.584 -2.489846
1.586 -2.489248
1.588 -2.488650
1.590 -2.488052
1.592 -2.487454
1.594 -2.486888
1.596 -2.486300
1.598 -2.485704
1.600 -2.485105
1.602 -2.484506
1.604 -2.483907
1.606 -2.483307
1.608 -2.482706
1.610 -2.482106
1.612 -2.481506
1.614 -2.480905
1.616 -2.480304
1.618 -2.479703
1.620 -2.479102
1.622 -2.478500
1.624 -2.477899
1.626 -2.477297
1.628 -2.476696
1.630 -2.476094
1.632 -2.475492
1.634 -2.474891
1.636 -2.474289
1.638 -2.473687
1.640 -2.473085
1.642 -2.472516
1.644 -2.471988
1.646 -2.471504
1.648 -2.471000
1.650 -2.470424
1.652 -2.469822
1.654 -2.469212
1.656 -2.468599
1.658 -2.467984
1.660 -2.467369
1.662 -2.466753
1.664 -2.466136
1.666 -2.465519
1.668 -2.464902
1.670 -2.464285
1.672 -2.463668
1.674 -2.463052
1.676 -2.462435
1.678 -2.461819
1.680 -2.461203
1.682 -2.460587
1.684 -2.459972
1.686 -2.459358
1.688 -2.458743
1.690 -2.458130
1.692 -2.457517
1.694 -2.456904
1.696 -2.456293
1.698 -2.455681
1.700 -2.455071
1.702 -2.454461
1.704 -2.453851
1.706 -2.453243
1.708 -2.452634
1.710 -2.452027
1.712 -2.451420
1.714 -2.450814
1.716 -2.450208
1.718 -2.449602
1.720 -2.448998
1.722 -2.448393
1.724 -2.447789
1.726 -2.447185
1.728 -2.446582
1.730 -2.445979
1.732 -2.445377
1.734 -2.444774
1.736 -2.444173
1.738 -2.443571
1.740 -2.442970
1.742 -2.442369
1.744 -2.441768
1.746 -2.441167
1.748 -2.440567
1.750 -2.439967
1.752 -2.439367
1.754 -2.438767
1.756 -2.438167
1.758 -2.437567
1.760 -2.436968
1.762 -2.436368
1.764 -2.435768
1.766 -2.435169
1.768 -2.434570
1.770 -2.433970
1.772 -2.433371
1.774 -2.432771
1.776 -2.432172
1.778 -2.431573
1.780 -2.430973
1.782 -2.430374
1.784 -2.429774
1.786 -2.429175
1.788 -2.428575
1.790 -2.427976
1.792 -2.427376
1.794 -2.426777
1.796 -2.426177
1.798 -2.425578
1.800 -2.424978
1.802 -2.424379
1.804 -2.423779
1.806 -2.423179
1.808 -2.422579
1.810 -2.421979
1.812 -2.421379
1.814 -2.420779
1.816 -2.420179
1.818 -2.419579
1.820 -2.418979
1.822 -2.418378
1.824 -2.417778
1.826 -2.417178
1.828 -2.416578
1.830 -2.415896
1.832 -2.415217
1.834 -2.414571
1.836 -2.413967
1.838 -2.413378
1.840 -2.412792
1.842 -2.412208
1.844 -2.411623
1.846 -2.411037
1.848 -2.410451
1.850 -2.409864
1.852 -2.409276
1.854 -2.408688
1.856 -2.408099
1.858 -2.407509
1.860 -2.406918
1.862 -2.406327
1.864 -2.405735
1.866 -2.405142
1.868 -2.404549
1.870 -2.403955
1.872 -2.403360
1.874 -2.402797
1.876 -2.402210
1.878 -2.401616
1.880 -2.401019
1.882 -2.400420
1.884 -2.399821
1.886 -2.399221
1.888 -2.398620
1.890 -2.398019
1.892 -2.397418
1.894 -2.396816
1.896 -2.396214
1.898 -2.395612
1.900 -2.395009
1.902 -2.394407
1.904 -2.393804
1.906 -2.393201
1.908 -2.392597
1.910 -2.391994
1.912 -2.391391
1.914 -2.390787
1.916 -2.390184
1.918 -2.389580
1.920 -2.388977
1.922 -2.388374
1.924 -2.387770
1.926 -2.387167
1.928 -2.386564
1.930 -2.385961
1.932 -2.385358
1.934 -2.384755
1.936 -2.384153
1.938 -2.383550
1.940 -2.382947
1.942 -2.382345
1.944 -2.381743
1.946 -2.381140
1.948 -2.380539
1.950 -2.379937
1.952 -2.379367
1.954 -2.378840
1.956 -2.378260
1.958 -2.377663
1.960 -2.377060
1.962 -2.376456
1.964 -2.375850
1.966 -2.375244
1.968 -2.374638
1.970 -2.374032
1.972 -2.373425
1.974 -2.372819
1.976 -2.372213
1.978 -2.371606
1.980 -2.371000
1.982 -2.370394
1.984 -2.369789
1.986 -2.369183
1.988 -2.368578
1.990 -2.367972
1.992 -2.367367
1.994 -2.366763
1.996 -2.366158
1.998 -2.365554
2.000 -2.364949
2.002 -2.364378
2.004 -2.363784
2.006 -2.363183
2.008 -2.362579
2.010 -2.361975
2.012 -2.361371
2.014 -2.360767
2.016 -2.360163
2.018 -2.359559
2.020 -2.358955
2.022 -2.358351
2.024 -2.357748
2.026 -2.357145
2.028 -2.356542
2.030 -2.355939
2.032 -2.355336
2.034 -2.354734
2.036 -2.354131
2.038 -2.353529
2.040 -2.352927
2.042 -2.352325
2.044 -2.351724
2.046 -2.351122
2.048 -2.350521
2.050 -2.349920
2.052 -2.349319
2.054 -2.348718
2.056 -2.348117
2.058 -2.347516
2.060 -2.346916
2.062 -2.346315
2.064 -2.345715
2.066 -2.345115
2.068 -2.344514
2.070 -2.343882
2.072 -2.343272
2.074 -2.342670
2.076 -2.342070
2.078 -2.341471
2.080 -2.340873
2.082 -2.340275
2.084 -2.339677
2.086 -2.339079
2.088 -2.338481
2.090 -2.337883
2.092 -2.337285
2.094 -2.336687
2.096 -2.336090
2.098 -2.335492
2.100 -2.334894
2.102 -2.334296
2.104 -2.333698
2.106 -2.333100
2.108 -2.332502
2.110 -2.331904
2.112 -2.331306
2.114 -2.330708
2.116 -2.330110
2.118 -2.329511
2.120 -2.328913
2.122 -2.328314
2.124 -2.327684
2.126 -2.327075
2.128 -2.326474
2.130 -2.325875
2.132 -2.325277
2.134 -2.324680
2.136 -2.324114
2.138 -2.323527
2.140 -2.322931
2.142 -2.322334
2.144 -2.321735
2.146 -2.321136
2.148 -2.320536
2.150 -2.319937
2.152 -2.319337
2.154 -2.318738
2.156 -2.318138
2.158 -2.317538
2.160 -2.316938
2.162 -2.316338
2.164 -2.315738
2.166 -2.315137
2.168 -2.314569
2.170 -2.313978
2.172 -2.313380
2.174 -2.312780
2.176 -2.312178
2.178 -2.311576
2.180 -2.310974
2.182 -2.310371
2.184 -2.309769
2.186 -2.309166
2.188 -2.308564
2.190 -2.307961
2.192 -2.307359
2.194 -2.306756
2.196 -2.306154
2.198 -2.305551
2.200 -2.304949
2.202 -2.304347
2.204 -2.303745
2.206 -2.303142
2.208 -2.302540
2.210 -2.301938
2.212 -2.301336
2.214 -2.300734
2.216 -2.300133
2.218 -2.299531
2.220 -2.298929
2.222 -2.298328
2.224 -2.297726
2.226 -2.297125
2.228 -2.296524
2.230 -2.295923
2.232 -2.295322
2.234 -2.294721
2.236 -2.294120
2.238 -2.293519
2.240 -2.292919
2.242 -2.292318
2.244 -2.291718
2.246 -2.291117
2.248 -2.290517
2.250 -2.289916
2.252 -2.289316
2.254 -2.288715
2.256 -2.288115
2.258 -2.287515
2.260 -2.286914
2.262 -2.286314
2.264 -2.285714
2.266 -2.285114
2.268 -2.284514
2.270 -2.283913
2.272 -2.283313
2.274 -2.282713
2.276 -2.282113
2.278 -2.281513
2.280 -2.280913
2.282 -2.280313
2.284 -2.279713
2.286 -2.279113
2.288 -2.278513
2.290 -2.277913
2.292 -2.277313
2.294 -2.276713
2.296 -2.276113
2.298 -2.275513
2.300 -2.274913
2.302 -2.274313
2.304 -2.273713
2.306 -2.273113
2.308 -2.272513
2.310 -2.271913
2.312 -2.271313
2.314 -2.270745
2.316 -2.270155
2.318 -2.269558
2.320 -2.268958
2.322 -2.268357
2.324 -2.267755
2.326 -2.267154
2.328 -2.266553
2.330 -2.265951
2.332 -2.265349
2.334 -2.264748
2.336 -2.264146
2.338 -2.263545
2.340 -2.262943
2.342 -2.262342
2.344 -2.261740
2.346 -2.261139
2.348 -2.260537
2.350 -2.259936
2.352 -2.259335
2.354 -2.258734
2.356 -2.258132
2.358 -2.257531
2.360 -2.256930
2.362 -2.256329
2.364 -2.255728
2.366 -2.255127
2.368 -2.254526
2.370 -2.253925
2.372 -2.253324
2.374 -2.252723
2.376 -2.252122
2.378 -2.251522
2.380 -2.250921
2.382 -2.250320
2.384 -2.249719
2.386 -2.249119
2.388 -2.248518
2.390 -2.247950
2.392 -2.247359
2.394 -2.246761
2.396 -2.246160
2.398 -2.245559
2.400 -2.244957
2.402 -2.244355
2.404 -2.243753
2.406 -2.243151
2.408 -2.242549
2.410 -2.241947
2.412 -2.241345
2.414 -2.240743
2.416 -2.240141
2.418 -2.239540
2.420 -2.238938
2.422 -2.238336
2.424 -2.237735
2.426 -2.237133
2.428 -2.236532
2.430 -2.235930
2.432 -2.235329
2.434 -2.234727
2.436 -2.234126
2.438 -2.233525
2.440 -2.232924
2.442 -2.232323
2.444 -2.231722
2.446 -2.231121
2.448 -2.230520
2.450 -2.229919
2.452 -2.229319
2.454 -2.228718
2.456 -2.228118
2.458 -2.227517
2.460 -2.226917
2.462 -2.226316
2.464 -2.225716
2.466 -2.225115
2.468 -2.224515
2.470 -2.223915
2.472 -2.223315
2.474 -2.222714
2.476 -2.222114
2.478 -2.221514
2.480 -2.220914
2.482 -2.220314
2.484 -2.219714
2.486 -2.219114
2.488 -2.218513
2.490 -2.217913
2.492 -2.217313
2.494 -2.216713
2.496 -2.216113
2.498 -2.215513
2.500 -2.214913
2.502 -2.214313
2.504 -2.213713
2.506 -2.213113
2.508 -2.212513
2.510 -2.211945
2.512 -2.211355
2.514 -2.210758
2.516 -2.210157
2.518 -2.209557
2.520 -2.208955
2.522 -2.208354
2.524 -2.207752
2.526 -2.207151
2.528 -2.206549
2.530 -2.205947
2.532 -2.205346
2.534 -2.204744
2.536 -2.204143
2.538 -2.203541
2.540 -2.202940
2.542 -2.202338
2.544 -2.201737
2.546 -2.201135
2.548 -2.200534
2.550 -2.199933
2.552 -2.199332
2.554 -2.198730
2.556 -2.198129
2.558 -2.197528
2.560 -2.196927
2.562 -2.196326
2.564 -2.195725
2.566 -2.195124
2.568 -2.194523
2.570 -2.193922
2.572 -2.193321
2.574 -2.192721
2.576 -2.192120
2.578 -2.191519
2.580 -2.190919
2.582 -2.190318
2.584 -2.189718
2.586 -2.189117
2.588 -2.188517
2.590 -2.187948
2.592 -2.187422
2.594 -2.186940
2.596 -2.186470
2.598 -2.186002
2.600 -2.185563
2.602 -2.185066
2.604 -2.184484
2.606 -2.183906
2.608 -2.183294
2.610 -2.182670
2.612 -2.182041
2.614 -2.181410
2.616 -2.180777
2.618 -2.180143
2.620 -2.179509
2.622 -2.178874
2.624 -2.178272
2.626 -2.177646
2.628 -2.177014
2.630 -2.176380
2.632 -2.175746
2.634 -2.175112
2.636 -2.174478
2.638 -2.173846
2.640 -2.173214
2.642 -2.172584
2.644 -2.171955
2.646 -2.171327
2.648 -2.170732
2.650 -2.170116
2.652 -2.169495
2.654 -2.168872
2.656 -2.168249
2.658 -2.167628
2.660 -2.167007
2.662 -2.166388
2.664 -2.165770
2.666 -2.165154
2.668 -2.164539
2.670 -2.163957
2.672 -2.163418
2.674 -2.162860
2.676 -2.162264
2.678 -2.161687
2.680 -2.161117
2.682 -2.160548
2.684 -2.159947
2.686 -2.159336
2.688 -2.158722
2.690 -2.158106
2.692 -2.157491
2.694 -2.156876
2.696 -2.156261
2.698 -2.155647
2.700 -2.155033
2.702 -2.154420
2.704 -2.153807
2.706 -2.153195
2.708 -2.152584
2.710 -2.151973
2.712 -2.151363
2.714 -2.150753
2.716 -2.150144
2.718 -2.149536
2.720 -2.148928
2.722 -2.148321
2.724 -2.147715
2.726 -2.147109
2.728 -2.146503
2.730 -2.145899
2.732 -2.145294
2.734 -2.144690
2.736 -2.144087
2.738 -2.143484
2.740 -2.142882
2.742 -2.142280
2.744 -2.141678
2.746 -2.141077
2.748 -2.140476
2.750 -2.139876
2.752 -2.139275
2.754 -2.138675
2.756 -2.138075
2.758 -2.137476
2.760 -2.136876
2.762 -2.136277
2.764 -2.135678
2.766 -2.135079
2.768 -2.134480
2.770 -2.133881
2.772 -2.133282
2.774 -2.132684
2.776 -2.132085
2.778 -2.131487
2.780 -2.130888
2.782 -2.130290
2.784 -2.129691
2.786 -2.129093
2.788 -2.128494
2.790 -2.127896
2.792 -2.127297
2.794 -2.126699
2.796 -2.126100
2.798 -2.125501
2.800 -2.124903
2.802 -2.124304
2.804 -2.123705
2.806 -2.123106
2.808 -2.122508
2.810 -2.121909
2.812 -2.121310
2.814 -2.120711
2.816 -2.120112
2.818 -2.119513
2.820 -2.118914
2.822 -2.118315
2.824 -2.117716
2.826 -2.117117
2.828 -2.116517
2.830 -2.115918
2.832 -2.115318
2.834 -2.114719
2.836 -2.114119
2.838 -2.113520
2.840 -2.112920
2.842 -2.112320
2.844 -2.111721
2.846 -2.111121
2.848 -2.110521
2.850 -2.109922
2.852 -2.109322
2.854 -2.108722
2.856 -2.108122
2.858 -2.107522
2.860 -2.106922
2.862 -2.106323
2.864 -2.105723
2.866 -2.105123
2.868 -2.104523
2.870 -2.103891
2.872 -2.103281
2.874 -2.102679
2.876 -2.102079
2.878 -2.101480
2.880 -2.100881
2.882 -2.100282
2.884 -2.099684
2.886 -2.099086
2.888 -2.098487
2.890 -2.097889
2.892 -2.097291
2.894 -2.096692
2.896 -2.096094
2.898 -2.095496
2.900 -2.094897
2.902 -2.094299
2.904 -2.093700
2.906 -2.093102
2.908 -2.092503
2.910 -2.091904
2.912 -2.091306
2.914 -2.090707
2.916 -2.090108
2.918 -2.089510
2.920 -2.088911
2.922 -2.088312
2.924 -2.087713
2.926 -2.087114
2.928 -2.086515
2.930 -2.085916
2.932 -2.085349
2.934 -2.084759
2.936 -2.084162
2.938 -2.083562
2.940 -2.082961
2.942 -2.082360
2.944 -2.081759
2.946 -2.081158
2.948 -2.080556
2.950 -2.079954
2.952 -2.079353
2.954 -2.078751
2.956 -2.078149
2.958 -2.077483
2.960 -2.076829
2.962 -2.076213
2.964 -2.075609
2.966 -2.075009
2.968 -2.074411
2.970 -2.073814
2.972 -2.073217
2.974 -2.072621
2.976 -2.072024
2.978 -2.071428
2.980 -2.070832
2.982 -2.070237
2.984 -2.069641
2.986 -2.069045
2.988 -2.068450
2.990 -2.067854
2.992 -2.067259
2.994 -2.066695
2.996 -2.066109
2.998 -2.065515
3.000 -2.064919
3.002 -2.064322
3.004 -2.063724
3.006 -2.063126
3.008 -2.062528
3.010 -2.061930
3.012 -2.061331
3.014 -2.060732
3.016 -2.060133
3.018 -2.059534
3.020 -2.058934
3.022 -2.058335
3.024 -2.057735
3.026 -2.057136
3.028 -2.056536
3.030 -2.055936
3.032 -2.055336
3.034 -2.054736
3.036 -2.054136
3.038 -2.053535
3.040 -2.052935
3.042 -2.052367
3.044 -2.051840
3.046 -2.051358
3.048 -2.050792
3.050 -2.050198
3.052 -2.049594
3.054 -2.048986
3.056 -2.048377
3.058 -2.047767
3.060 -2.047156
3.062 -2.046545
3.064 -2.045933
3.066 -2.045322
3.068 -2.044710
3.070 -2.044098
3.072 -2.043486
3.074 -2.042874
3.076 -2.042263
3.078 -2.041652
3.080 -2.041040
3.082 -2.040430
3.084 -2.039819
3.086 -2.039209
3.088 -2.038599
3.090 -2.037990
3.092 -2.037381
3.094 -2.036772
3.096 -2.036164
3.098 -2.035556
3.100 -2.034949
3.102 -2.034342
3.104 -2.033736
3.106 -2.033130
3.108 -2.032525
3.110 -2.031920
3.112 -2.031315
3.114 -2.030711
3.116 -2.030108
3.118 -2.029504
3.120 -2.028901
3.122 -2.028299
3.124 -2.027697
3.126 -2.027095
3.128 -2.026493
3.130 -2.025892
3.132 -2.025291
3.134 -2.024690
3.136 -2.024089
3.138 -2.023488
3.140 -2.022888
3.142 -2.022288
3.144 -2.021688
3.146 -2.021089
3.148 -2.020489
3.150 -2.019890
3.152 -2.019290
3.154 -2.018691
3.156 -2.018092
3.158 -2.017493
3.160 -2.016893
3.162 -2.016295
3.164 -2.015696
3.166 -2.015097
3.168 -2.014498
3.170 -2.013899
3.172 -2.013300
3.174 -2.012701
3.176 -2.012102
3.178 -2.011503
3.180 -2.010904
3.182 -2.010305
3.184 -2.009706
3.186 -2.009106
3.188 -2.008507
3.190 -2.007908
3.192 -2.007309
3.194 -2.006710
3.196 -2.006111
3.198 -2.005512
3.200 -2.004912
3.202 -2.004313
3.204 -2.003714
3.206 -2.003115
3.208 -2.002515
3.210 -2.001916
3.212 -2.001317
3.214 -2.000717
3.216 -2.000118
3.218 -1.999519
3.220 -1.998919
3.222 -1.998287
3.224 -1.997678
3.226 -1.997076
3.228 -1.996476
3.230 -1.995845
3.232 -1.995237
3.234 -1.994636
3.236 -1.994038
3.238 -1.993441
3.240 -1.992844
3.242 -1.992247
3.244 -1.991651
3.246 -1.991055
3.248 -1.990458
3.250 -1.989862
3.252 -1.989266
3.254 -1.988669
3.256 -1.988073
3.258 -1.987476
3.260 -1.986880
3.262 -1.986283
3.264 -1.985686
3.266 -1.985089
3.268 -1.984493
3.270 -1.983928
3.272 -1.983340
3.274 -1.982745
3.276 -1.982147
3.278 -1.981549
3.280 -1.980949
3.282 -1.980350
3.284 -1.979750
3.286 -1.979150
3.288 -1.978550
3.290 -1.977950
3.292 -1.977349
3.294 -1.976749
3.296 -1.976148
3.298 -1.975547
3.300 -1.974946
3.302 -1.974345
3.304 -1.973744
3.306 -1.973143
3.308 -1.972542
3.310 -1.971973
3.312 -1.971382
3.314 -1.970783
3.316 -1.970181
3.318 -1.969579
3.320 -1.968976
3.322 -1.968374
3.324 -1.967771
3.326 -1.967168
3.328 -1.966565
3.330 -1.965962
3.332 -1.965359
3.334 -1.964756
3.336 -1.964153
3.338 -1.963550
3.340 -1.962947
3.342 -1.962377
3.344 -1.961784
3.346 -1.961184
3.348 -1.960581
3.350 -1.960010
3.352 -1.959416
3.354 -1.958815
3.356 -1.958211
3.358 -1.957607
3.360 -1.957002
3.362 -1.956397
3.364 -1.955791
3.366 -1.955186
3.368 -1.954581
3.370 -1.953976
3.372 -1.953371
3.374 -1.952767
3.376 -1.952162
3.378 -1.951558
3.380 -1.950953
3.382 -1.950349
3.384 -1.949745
3.386 -1.949142
3.388 -1.948538
3.390 -1.947935
3.392 -1.947332
3.394 -1.946729
3.396 -1.946126
3.398 -1.945524
3.400 -1.944921
3.402 -1.944351
3.404 -1.943759
3.406 -1.943159
3.408 -1.942558
3.410 -1.941955
3.412 -1.941352
3.414 -1.940782
3.416 -1.940221
3.418 -1.939630
3.420 -1.939030
3.422 -1.938426
3.424 -1.937821
3.426 -1.937216
3.428 -1.936610
3.430 -1.936005
3.432 -1.935399
3.434 -1.934793
3.436 -1.934188
3.438 -1.933583
3.440 -1.932977
3.442 -1.932372
3.444 -1.931767
3.446 -1.931162
3.448 -1.930590
3.450 -1.929995
3.452 -1.929425
3.454 -1.928831
3.456 -1.928228
3.458 -1.927623
3.460 -1.927016
3.462 -1.926410
3.464 -1.925804
3.466 -1.925197
3.468 -1.924591
3.470 -1.923985
3.472 -1.923379
3.474 -1.922774
3.476 -1.922168
3.478 -1.921563
3.480 -1.920958
3.482 -1.920353
3.484 -1.919748
3.486 -1.919144
3.488 -1.918540
3.490 -1.917936
3.492 -1.917332
3.494 -1.916729
3.496 -1.916125
3.498 -1.915522
3.500 -1.914920
3.502 -1.914317
3.504 -1.913715
3.506 -1.913113
3.508 -1.912511
3.510 -1.911910
3.512 -1.911308
3.514 -1.910707
3.516 -1.910106
3.518 -1.909504
3.520 -1.908904
3.522 -1.908303
3.524 -1.907702
3.526 -1.907102
3.528 -1.906501
3.530 -1.905901
3.532 -1.905301
3.534 -1.904700
3.536 -1.904100
3.538 -1.903501
3.540 -1.902901
3.542 -1.902301
3.544 -1.901702
3.546 -1.901102
3.548 -1.900503
3.550 -1.899903
3.552 -1.899336
3.554 -1.898746
3.556 -1.898149
3.558 -1.897550
3.560 -1.896949
3.562 -1.896348
3.564 -1.895747
3.566 -1.895146
3.568 -1.894545
3.570 -1.893944
3.572 -1.893343
3.574 -1.892742
3.576 -1.892140
3.578 -1.891539
3.580 -1.890938
3.582 -1.890337
3.584 -1.889735
3.586 -1.889134
3.588 -1.888533
3.590 -1.887932
3.592 -1.887331
3.594 -1.886730
3.596 -1.886129
3.598 -1.885528
3.600 -1.884927
3.602 -1.884327
3.604 -1.883726
3.606 -1.883125
3.608 -1.882524
3.610 -1.881923
3.612 -1.881323
3.614 -1.880722
3.616 -1.880121
3.618 -1.879521
3.620 -1.878920
3.622 -1.878320
3.624 -1.877719
3.626 -1.877119
3.628 -1.876518
3.630 -1.875917
3.632 -1.875317
3.634 -1.874717
3.636 -1.874116
3.638 -1.873516
3.640 -1.872947
3.642 -1.872357
3.644 -1.871791
3.646 -1.871200
3.648 -1.870601
3.650 -1.870000
3.652 -1.869397
3.654 -1.868794
3.656 -1.868190
3.658 -1.867587
3.660 -1.866983
3.662 -1.866379
3.664 -1.865776
3.666 -1.865172
3.668 -1.864569
3.670 -1.863965
3.672 -1.863361
3.674 -1.862758
3.676 -1.862155
3.678 -1.861551
3.680 -1.860948
3.682 -1.860345
3.684 -1.859742
3.686 -1.859139
3.688 -1.858537
3.690 -1.857934
3.692 -1.857332
3.694 -1.856730
3.696 -1.856128
3.698 -1.855526
3.700 -1.854924
3.702 -1.854323
3.704 -1.853721
3.706 -1.853120
3.708 -1.852519
3.710 -1.851918
3.712 -1.851317
3.714 -1.850716
3.716 -1.850115
3.718 -1.849515
3.720 -1.848914
3.722 -1.848314
3.724 -1.847713
3.726 -1.847113
3.728 -1.846512
3.730 -1.845912
3.732 -1.845312
3.734 -1.844712
3.736 -1.844111
3.738 -1.843511
3.740 -1.842911
3.742 -1.842311
3.744 -1.841711
3.746 -1.841110
3.748 -1.840510
3.750 -1.839878
3.752 -1.839268
3.754 -1.838666
3.756 -1.838066
3.758 -1.837467
3.760 -1.836869
3.762 -1.836270
3.764 -1.835672
3.766 -1.835107
3.768 -1.834518
3.770 -1.833923
3.772 -1.833325
3.774 -1.832726
3.776 -1.832127
3.778 -1.831527
3.780 -1.830928
3.782 -1.830328
3.784 -1.829729
3.786 -1.829129
3.788 -1.828529
3.790 -1.827929
3.792 -1.827329
3.794 -1.826729
3.796 -1.826161
3.798 -1.825570
3.800 -1.824972
3.802 -1.824371
3.804 -1.823770
3.806 -1.823168
3.808 -1.822566
3.810 -1.821964
3.812 -1.821362
3.814 -1.820760
3.816 -1.820158
3.818 -1.819555
3.820 -1.818953
3.822 -1.818351
3.824 -1.817749
3.826 -1.817146
3.828 -1.816544
3.830 -1.815910
3.832 -1.815298
3.834 -1.814693
3.836 -1.814092
3.838 -1.813491
3.840 -1.812890
3.842 -1.812290
3.844 -1.811690
3.846 -1.811091
3.848 -1.810491
3.850 -1.809891
3.852 -1.809292
3.854 -1.808693
3.856 -1.808093
3.858 -1.807494
3.860 -1.806895
3.862 -1.806296
3.864 -1.805729
3.866 -1.805140
3.868 -1.804543
3.870 -1.803944
3.872 -1.803344
3.874 -1.802744
3.876 -1.802143
3.878 -1.801543
3.880 -1.800942
3.882 -1.800341
3.884 -1.799740
3.886 -1.799139
3.888 -1.798538
3.890 -1.797937
3.892 -1.797336
3.894 -1.796735
3.896 -1.796134
3.898 -1.795534
3.900 -1.794933
3.902 -1.794332
3.904 -1.793731
3.906 -1.793130
3.908 -1.792529
3.910 -1.791929
3.912 -1.791328
3.914 -1.790727
3.916 -1.790127
3.918 -1.789526
3.920 -1.788925
3.922 -1.788325
3.924 -1.787724
3.926 -1.787124
3.928 -1.786555
3.930 -1.785965
3.932 -1.785367
3.934 -1.784766
3.936 -1.784164
3.938 -1.783563
3.940 -1.782961
3.942 -1.782359
3.944 -1.781756
3.946 -1.781154
3.948 -1.780552
3.950 -1.779950
3.952 -1.779348
3.954 -1.778746
3.956 -1.778144
3.958 -1.777574
3.960 -1.776982
3.962 -1.776382
3.964 -1.775780
3.966 -1.775177
3.968 -1.774574
3.970 -1.773971
3.972 -1.773368
3.974 -1.772764
3.976 -1.772161
3.978 -1.771558
3.980 -1.770955
3.982 -1.770352
3.984 -1.769749
3.986 -1.769146
3.988 -1.768543
3.990 -1.767972
3.992 -1.767444
3.994 -1.766960
3.996 -1.766456
3.998 -1.765879
4.000 -1.765277
4.002 -1.764668
4.004 -1.764055
4.006 -1.763440
4.008 -1.762825
4.010 -1.762209
4.012 -1.761593
4.014 -1.760977
4.016 -1.760361
4.018 -1.759745
4.020 -1.759129
4.022 -1.758513
4.024 -1.757898
4.026 -1.757283
4.028 -1.756668
4.030 -1.756054
4.032 -1.755440
4.034 -1.754827
4.036 -1.754214
4.038 -1.753602
4.040 -1.752991
4.042 -1.752380
4.044 -1.751769
4.046 -1.751160
4.048 -1.750551
4.050 -1.749942
4.052 -1.749334
4.054 -1.748727
4.056 -1.748121
4.058 -1.747514
4.060 -1.746909
4.062 -1.746304
4.064 -1.745700
4.066 -1.745096
4.068 -1.744492
4.070 -1.743889
4.072 -1.743287
4.074 -1.742685
4.076 -1.742083
4.078 -1.741481
4.080 -1.740880
4.082 -1.740279
4.084 -1.739679
4.086 -1.739079
4.088 -1.738479
4.090 -1.737879
4.092 -1.737279
4.094 -1.736680
4.096 -1.736080
4.098 -1.735481
4.100 -1.734882
4.102 -1.734283
4.104 -1.733684
4.106 -1.733086
4.108 -1.732487
4.110 -1.731888
4.112 -1.731290
4.114 -1.730691
4.116 -1.730093
4.118 -1.729494
4.120 -1.728896
4.122 -1.728297
4.124 -1.727699
4.126 -1.727100
4.128 -1.726501
4.130 -1.725903
4.132 -1.725304
4.134 -1.724705
4.136 -1.724106
4.138 -1.723508
4.140 -1.722909
4.142 -1.722310
4.144 -1.721711
4.146 -1.721112
4.148 -1.720513
4.150 -1.719914
4.152 -1.719315
4.154 -1.718716
4.156 -1.718117
4.158 -1.717517
4.160 -1.716918
4.162 -1.716319
4.164 -1.715719
4.166 -1.715120
4.168 -1.714520
4.170 -1.713920
4.172 -1.713321
4.174 -1.712721
4.176 -1.712122
4.178 -1.711522
4.180 -1.710922
4.182 -1.710322
4.184 -1.709723
4.186 -1.709123
4.188 -1.708523
4.190 -1.707923
4.192 -1.707323
4.194 -1.706723
4.196 -1.706123
4.198 -1.705523
4.200 -1.704923
4.202 -1.704324
4.204 -1.703724
4.206 -1.703124
4.208 -1.702524
4.210 -1.701924
4.212 -1.701324
4.214 -1.700724
4.216 -1.700124
4.218 -1.699524
4.220 -1.698924
4.222 -1.698324
4.224 -1.697724
4.226 -1.697124
4.228 -1.696524
4.230 -1.695924
4.232 -1.695324
4.234 -1.694724
4.236 -1.694124
4.238 -1.693524
4.240 -1.692924
4.242 -1.692324
4.244 -1.691724
4.246 -1.691124
4.248 -1.690524
4.250 -1.689923
4.252 -1.689323
4.254 -1.688723
4.256 -1.688123
4.258 -1.687523
4.260 -1.686923
4.262 -1.686323
4.264 -1.685723
4.266 -1.685123
4.268 -1.684523
4.270 -1.683923
4.272 -1.683323
4.274 -1.682723
4.276 -1.682123
4.278 -1.681555
4.280 -1.680965
4.282 -1.680367
4.284 -1.679766
4.286 -1.679165
4.288 -1.678563
4.290 -1.677962
4.292 -1.677360
4.294 -1.676758
4.296 -1.676155
4.298 -1.675553
4.300 -1.674951
4.302 -1.674349
4.304 -1.673747
4.306 -1.673145
4.308 -1.672543
4.310 -1.671941
4.312 -1.671339
4.314 -1.670737
4.316 -1.670135
4.318 -1.669533
4.320 -1.668931
4.322 -1.668330
4.324 -1.667728
4.326 -1.667127
4.328 -1.666525
4.330 -1.665924
4.332 -1.665322
4.334 -1.664721
4.336 -1.664120
4.338 -1.663518
4.340 -1.662918
4.342 -1.662317
4.344 -1.661716
4.346 -1.661115
4.348 -1.660514
4.350 -1.659914
4.352 -1.659345
4.354 -1.658819
4.356 -1.658240
4.358 -1.657644
4.360 -1.657043
4.362 -1.656439
4.364 -1.655834
4.366 -1.655229
4.368 -1.654624
4.370 -1.654018
4.372 -1.653412
4.374 -1.652807
4.376 -1.652201
4.378 -1.651595
4.380 -1.650990
4.382 -1.650384
4.384 -1.649779
4.386 -1.649174
4.388 -1.648568
4.390 -1.647963
4.392 -1.647358
4.394 -1.646754
4.396 -1.646149
4.398 -1.645545
4.400 -1.644941
4.402 -1.644338
4.404 -1.643734
4.406 -1.643131
4.408 -1.642527
4.410 -1.641924
4.412 -1.641322
4.414 -1.640719
4.416 -1.640117
4.418 -1.639514
4.420 -1.638912
4.422 -1.638310
4.424 -1.637709
4.426 -1.637107
4.428 -1.636506
4.430 -1.635905
4.432 -1.635303
4.434 -1.634702
4.436 -1.634102
4.438 -1.633501
4.440 -1.632900
4.442 -1.632300
4.444 -1.631699
4.446 -1.631099
4.448 -1.630499
4.450 -1.629899
4.452 -1.629331
4.454 -1.628741
4.456 -1.628144
4.458 -1.627544
4.460 -1.626943
4.462 -1.626342
4.464 -1.625741
4.466 -1.625140
4.468 -1.624539
4.470 -1.623970
4.472 -1.623443
4.474 -1.622960
4.476 -1.622393
4.478 -1.621798
4.480 -1.621226
4.482 -1.620659
4.484 -1.620061
4.486 -1.619453
4.488 -1.618841
4.490 -1.618227
4.492 -1.617612
4.494 -1.616996
4.496 -1.616381
4.498 -1.615765
4.500 -1.615149
4.502 -1.614534
4.504 -1.613918
4.506 -1.613303
4.508 -1.612688
4.510 -1.612073
4.512 -1.611459
4.514 -1.610845
4.516 -1.610232
4.518 -1.609619
4.520 -1.609007
4.522 -1.608395
4.524 -1.607784
4.526 -1.607174
4.528 -1.606564
4.530 -1.605954
4.532 -1.605346
4.534 -1.604706
4.536 -1.604088
4.538 -1.603479
4.540 -1.602873
4.542 -1.602268
4.544 -1.601664
4.546 -1.601061
4.548 -1.600458
4.550 -1.599856
4.552 -1.599255
4.554 -1.598654
4.556 -1.598053
4.558 -1.597453
4.560 -1.596853
4.562 -1.596254
4.564 -1.595655
4.566 -1.595056
4.568 -1.594457
4.570 -1.593859
4.572 -1.593261
4.574 -1.592663
4.576 -1.592065
4.578 -1.591467
4.580 -1.590870
4.582 -1.590208
4.584 -1.589558
4.586 -1.588946
4.588 -1.588346
4.590 -1.587687
4.592 -1.586977
4.594 -1.586285
4.596 -1.585633
4.598 -1.585029
4.600 -1.584440
4.602 -1.583857
4.604 -1.583277
4.606 -1.582697
4.608 -1.582119
4.610 -1.581541
4.612 -1.580963
4.614 -1.580385
4.616 -1.579807
4.618 -1.579229
4.620 -1.578650
4.622 -1.578071
4.624 -1.577492
4.626 -1.576912
4.628 -1.576332
4.630 -1.575751
4.632 -1.575201
4.634 -1.574693
4.636 -1.574131
4.638 -1.573551
4.640 -1.572965
4.642 -1.572376
4.644 -1.571785
4.646 -1.571192
4.648 -1.570599
4.650 -1.570004
4.652 -1.569409
4.654 -1.568812
4.656 -1.568215
4.658 -1.567617
4.660 -1.567018
4.662 -1.566419
4.664 -1.565819
4.666 -1.565218
4.668 -1.564617
4.670 -1.564016
4.672 -1.563414
4.674 -1.562844
4.676 -1.562251
4.678 -1.561650
4.680 -1.561079
4.682 -1.560484
4.684 -1.559882
4.686 -1.559276
4.688 -1.558670
4.690 -1.558063
4.692 -1.557456
4.694 -1.556848
4.696 -1.556240
4.698 -1.555633
4.700 -1.555025
4.702 -1.554418
4.704 -1.553811
4.706 -1.553204
4.708 -1.552597
4.710 -1.551990
4.712 -1.551383
4.714 -1.550777
4.716 -1.550171
4.718 -1.549565
4.720 -1.548959
4.722 -1.548354
4.724 -1.547749
4.726 -1.547144
4.728 -1.546539
4.730 -1.545935
4.732 -1.545331
4.734 -1.544727
4.736 -1.544124
4.738 -1.543521
4.740 -1.542918
4.742 -1.542316
4.744 -1.541714
4.746 -1.541112
4.748 -1.540510
4.750 -1.539909
4.752 -1.539307
4.754 -1.538706
4.756 -1.538105
4.758 -1.537504
4.760 -1.536903
4.762 -1.536303
4.764 -1.535702
4.766 -1.535102
4.768 -1.534502
4.770 -1.533901
4.772 -1.533301
4.774 -1.532701
4.776 -1.532101
4.778 -1.531502
4.780 -1.530902
4.782 -1.530303
4.784 -1.529703
4.786 -1.529104
4.788 -1.528504
4.790 -1.527905
4.792 -1.527305
4.794 -1.526706
4.796 -1.526107
4.798 -1.525507
4.800 -1.524908
4.802 -1.524308
4.804 -1.523709
4.806 -1.523109
4.808 -1.522510
4.810 -1.521911
4.812 -1.521311
4.814 -1.520712
4.816 -1.520112
4.818 -1.519513
4.820 -1.518913
4.822 -1.518314
4.824 -1.517714
4.826 -1.517115
4.828 -1.516515
4.830 -1.515915
4.832 -1.515316
4.834 -1.514716
4.836 -1.514117
4.838 -1.513517
4.840 -1.512918
4.842 -1.512318
4.844 -1.511719
4.846 -1.511119
4.848 -1.510519
4.850 -1.509920
4.852 -1.509320
4.854 -1.508721
4.856 -1.508121
4.858 -1.507522
4.860 -1.506922
4.862 -1.506322
4.864 -1.505722
4.866 -1.505123
4.868 -1.504523
4.870 -1.503923
4.872 -1.503323
4.874 -1.502724
4.876 -1.502124
4.878 -1.501524
4.880 -1.500924
4.882 -1.500324
4.884 -1.499724
4.886 -1.499124
4.888 -1.498524
4.890 -1.497924
4.892 -1.497324
4.894 -1.496724
4.896 -1.496125
4.898 -1.495525
4.900 -1.494924
4.902 -1.494324
4.904 -1.493724
4.906 -1.493125
4.908 -1.492525
4.910 -1.491925
4.912 -1.491357
4.914 -1.490766
4.916 -1.490168
4.918 -1.489568
4.920 -1.488967
4.922 -1.488365
4.924 -1.487763
4.926 -1.487161
4.928 -1.486559
4.930 -1.485957
4.932 -1.485355
4.934 -1.484753
4.936 -1.484151
4.938 -1.483548
4.940 -1.482946
4.942 -1.482344
4.944 -1.481742
4.946 -1.481140
4.948 -1.480538
4.950 -1.479936
4.952 -1.479367
4.954 -1.478775
4.956 -1.478176
4.958 -1.477574
4.960 -1.476971
4.962 -1.476368
4.964 -1.475765
4.966 -1.475162
4.968 -1.474559
4.970 -1.473956
4.972 -1.473354
4.974 -1.472751
4.976 -1.472148
4.978 -1.471545
4.980 -1.470943
4.982 -1.470340
4.984 -1.469738
4.986 -1.469135
4.988 -1.468533
4.990 -1.467963
4.992 -1.467371
4.994 -1.466771
4.996 -1.466169
4.998 -1.465566
5.000 -1.464963
5.002 -1.464360
5.004 -1.463757
5.006 -1.463154
5.008 -1.462551
5.010 -1.461948
5.012 -1.461345
5.014 -1.460743
5.016 -1.460140
5.018 -1.459538
5.020 -1.458935
5.022 -1.458333
5.024 -1.457731
5.026 -1.457129
5.028 -1.456527
5.030 -1.455925
5.032 -1.455323
5.034 -1.454722
5.036 -1.454121
5.038 -1.453520
5.040 -1.452919
5.042 -1.452318
5.044 -1.451717
5.046 -1.451116
5.048 -1.450515
5.050 -1.449915
5.052 -1.449314
5.054 -1.448713
5.056 -1.448113
5.058 -1.447512
5.060 -1.446912
5.062 -1.446312
5.064 -1.445711
5.066 -1.445111
5.068 -1.444511
5.070 -1.443911
5.072 -1.443310
5.074 -1.442710
5.076 -1.442110
5.078 -1.441542
5.080 -1.440952
5.082 -1.440354
5.084 -1.439754
5.086 -1.439153
5.088 -1.438551
5.090 -1.437950
5.092 -1.437348
5.094 -1.436746
5.096 -1.436145
5.098 -1.435543
5.100 -1.434941
5.102 -1.434340
5.104 -1.433738
5.106 -1.433137
5.108 -1.432535
5.110 -1.431934
5.112 -1.431332
5.114 -1.430731
5.116 -1.430130
5.118 -1.429528
5.120 -1.428927
5.122 -1.428326
5.124 -1.427725
5.126 -1.427124
5.128 -1.426523
5.130 -1.425921
5.132 -1.425320
5.134 -1.424719
5.136 -1.424119
5.138 -1.423518
5.140 -1.422917
5.142 -1.422316
5.144 -1.421716
5.146 -1.421115
5.148 -1.420515
5.150 -1.419914
5.152 -1.419314
5.154 -1.418713
5.156 -1.418113
5.158 -1.417513
5.160 -1.416912
5.162 -1.416312
5.164 -1.415712
5.166 -1.415112
5.168 -1.414511
5.170 -1.413911
5.172 -1.413311
5.174 -1.412711
5.176 -1.412111
5.178 -1.411511
5.180 -1.410911
5.182 -1.410311
5.184 -1.409711
5.186 -1.409111
5.188 -1.408511
5.190 -1.407911
5.192 -1.407311
5.194 -1.406711
5.196 -1.406111
5.198 -1.405511
5.200 -1.404911
5.202 -1.404311
5.204 -1.403711
5.206 -1.403111
5.208 -1.402511
5.210 -1.401911
5.212 -1.401311
5.214 -1.400711
5.216 -1.400111
5.218 -1.399511
5.220 -1.398911
5.222 -1.398311
5.224 -1.397712
5.226 -1.397112
5.228 -1.396512
5.230 -1.395912
5.232 -1.395312
5.234 -1.394712
5.236 -1.394112
5.238 -1.393512
5.240 -1.392912
5.242 -1.392313
5.244 -1.391713
5.246 -1.391113
5.248 -1.390513
5.250 -1.389913
5.252 -1.389313
5.254 -1.388713
5.256 -1.388114
5.258 -1.387514
5.260 -1.386914
5.262 -1.386314
5.264 -1.385714
5.266 -1.385114
5.268 -1.384515
5.270 -1.383947
5.272 -1.383421
5.274 -1.382940
5.276 -1.382375
5.278 -1.381781
5.280 -1.381178
5.282 -1.380571
5.284 -1.379963
5.286 -1.379353
5.288 -1.378743
5.290 -1.378133
5.292 -1.377522
5.294 -1.376911
5.296 -1.376300
5.298 -1.375689
5.300 -1.375078
5.302 -1.374499
5.304 -1.373898
5.306 -1.373290
5.308 -1.372679
5.310 -1.372068
5.312 -1.371456
5.314 -1.370877
5.316 -1.370276
5.318 -1.369667
5.320 -1.369057
5.322 -1.368446
5.324 -1.367835
5.326 -1.367224
5.328 -1.366614
5.330 -1.366004
5.332 -1.365394
5.334 -1.364785
5.336 -1.364176
5.338 -1.363567
5.340 -1.362960
5.342 -1.362352
5.344 -1.361745
5.346 -1.361139
5.348 -1.360533
5.350 -1.359927
5.352 -1.359322
5.354 -1.358717
5.356 -1.358113
5.358 -1.357509
5.360 -1.356906
5.362 -1.356303
5.364 -1.355700
5.366 -1.355066
5.368 -1.354454
5.370 -1.353850
5.372 -1.353248
5.374 -1.352648
5.376 -1.352049
5.378 -1.351450
5.380 -1.350883
5.382 -1.350294
5.384 -1.349698
5.386 -1.349100
5.388 -1.348501
5.390 -1.347837
5.392 -1.347186
5.394 -1.346573
5.396 -1.345971
5.398 -1.345374
5.400 -1.344811
5.402 -1.344226
5.404 -1.343634
5.406 -1.343040
5.408 -1.342445
5.410 -1.341850
5.412 -1.341255
5.414 -1.340659
5.416 -1.340064
5.418 -1.339468
5.420 -1.338873
5.422 -1.338277
5.424 -1.337681
5.426 -1.337085
5.428 -1.336489
5.430 -1.335893
5.432 -1.335329
5.434 -1.334742
5.436 -1.334147
5.438 -1.333550
5.440 -1.332951
5.442 -1.332353
5.444 -1.331754
5.446 -1.331154
5.448 -1.330555
5.450 -1.329955
5.452 -1.329355
5.454 -1.328754
5.456 -1.328154
5.458 -1.327554
5.460 -1.326953
5.462 -1.326384
5.464 -1.325793
5.466 -1.325194
5.468 -1.324593
5.470 -1.323991
5.472 -1.323388
5.474 -1.322785
5.476 -1.322182
5.478 -1.321579
5.480 -1.320976
5.482 -1.320373
5.484 -1.319769
5.486 -1.319166
5.488 -1.318563
5.490 -1.317960
5.492 -1.317357
5.494 -1.316754
5.496 -1.316151
5.498 -1.315548
5.500 -1.314945
5.502 -1.314343
5.504 -1.313740
5.506 -1.313137
5.508 -1.312535
5.510 -1.311965
5.512 -1.311404
5.514 -1.310847
5.516 -1.310289
5.518 -1.309762
5.520 -1.309180
5.522 -1.308579
5.524 -1.307971
5.526 -1.307362
5.528 -1.306751
5.530 -1.306139
5.532 -1.305528
5.534 -1.304916
5.536 -1.304304
5.538 -1.303692
5.540 -1.303080
5.542 -1.302469
5.544 -1.301857
5.546 -1.301246
5.548 -1.300635
5.550 -1.300057
5.552 -1.299456
5.554 -1.298848
5.556 -1.298239
5.558 -1.297596
5.560 -1.296976
5.562 -1.296364
5.564 -1.295754
5.566 -1.295146
5.568 -1.294539
5.570 -1.293932
5.572 -1.293326
5.574 -1.292720
5.576 -1.292115
5.578 -1.291510
5.580 -1.290906
5.582 -1.290302
5.584 -1.289699
5.586 -1.289095
5.588 -1.288493
5.590 -1.287890
5.592 -1.287320
5.594 -1.286728
5.596 -1.286129
5.598 -1.285528
5.600 -1.284926
5.602 -1.284324
5.604 -1.283722
5.606 -1.283121
5.608 -1.282519
5.610 -1.281917
5.612 -1.281316
5.614 -1.280715
5.616 -1.280114
5.618 -1.279513
5.620 -1.278912
5.622 -1.278311
5.624 -1.277711
5.626 -1.277110
5.628 -1.276510
5.630 -1.275910
5.632 -1.275310
5.634 -1.274710
5.636 -1.274110
5.638 -1.273510
5.640 -1.272910
5.642 -1.272310
5.644 -1.271710
5.646 -1.271110
5.648 -1.270510
5.650 -1.269910
5.652 -1.269278
5.654 -1.268668
5.656 -1.268066
5.658 -1.267466
5.660 -1.266867
5.662 -1.266269
5.664 -1.265671
5.666 -1.265073
5.668 -1.264475
5.670 -1.263877
5.672 -1.263279
5.674 -1.262681
5.676 -1.262083
5.678 -1.261486
5.680 -1.260888
5.682 -1.260290
5.684 -1.259692
5.686 -1.259094
5.688 -1.258496
5.690 -1.257898
5.692 -1.257300
5.694 -1.256702
5.696 -1.256104
5.698 -1.255505
5.700 -1.254907
5.702 -1.254309
5.704 -1.253710
5.706 -1.253112
5.708 -1.252513
5.710 -1.251914
5.712 -1.251315
5.714 -1.250748
5.716 -1.250159
5.718 -1.249562
5.720 -1.248963
5.722 -1.248362
5.724 -1.247761
5.726 -1.247160
5.728 -1.246559
5.730 -1.245958
5.732 -1.245357
5.734 -1.244755
5.736 -1.244154
5.738 -1.243552
5.740 -1.242950
5.742 -1.242349
5.744 -1.241747
5.746 -1.241145
5.748 -1.240544
5.750 -1.239974
5.752 -1.239447
5.754 -1.238867
5.756 -1.238270
5.758 -1.237667
5.760 -1.237062
5.762 -1.236456
5.764 -1.235849
5.766 -1.235243
5.768 -1.234636
5.770 -1.234030
5.772 -1.233423
5.774 -1.232816
5.776 -1.232209
5.778 -1.231603
5.780 -1.230996
5.782 -1.230390
5.784 -1.229784
5.786 -1.229178
5.788 -1.228572
5.790 -1.227902
5.792 -1.227213
5.794 -1.226519
5.796 -1.225858
5.798 -1.225240
5.800 -1.224639
5.802 -1.224042
5.804 -1.223449
5.806 -1.222856
5.808 -1.222265
5.810 -1.221675
5.812 -1.221085
5.814 -1.220495
5.816 -1.219906
5.818 -1.219317
5.820 -1.218728
5.822 -1.218139
5.824 -1.217550
5.826 -1.216962
5.828 -1.216373
5.830 -1.215784
5.832 -1.215195
5.834 -1.214637
5.836 -1.214057
5.838 -1.213469
5.840 -1.212879
5.842 -1.212319
5.844 -1.211736
5.846 -1.211145
5.848 -1.210551
5.850 -1.209956
5.852 -1.209360
5.854 -1.208763
5.856 -1.208166
5.858 -1.207568
5.860 -1.206970
5.862 -1.206371
5.864 -1.205772
5.866 -1.205172
5.868 -1.204572
5.870 -1.203972
5.872 -1.203372
5.874 -1.202771
5.876 -1.202170
5.878 -1.201601
5.880 -1.201042
5.882 -1.200453
5.884 -1.199853
5.886 -1.199250
5.888 -1.198646
5.890 -1.198041
5.892 -1.197436
5.894 -1.196831
5.896 -1.196225
5.898 -1.195619
5.900 -1.195013
5.902 -1.194408
5.904 -1.193802
5.906 -1.193196
5.908 -1.192591
5.910 -1.191985
5.912 -1.191380
5.914 -1.190806
5.916 -1.190211
5.918 -1.189608
5.920 -1.189004
5.922 -1.188398
5.924 -1.187792
5.926 -1.187186
5.928 -1.186581
5.930 -1.185975
5.932 -1.185370
5.934 -1.184765
5.936 -1.184160
5.938 -1.183555
5.940 -1.182950
5.942 -1.182346
5.944 -1.181742
5.946 -1.181138
5.948 -1.180534
5.950 -1.179931
5.952 -1.179328
5.954 -1.178725
5.956 -1.178122
5.958 -1.177519
5.960 -1.176917
5.962 -1.176315
5.964 -1.175745
5.966 -1.175153
5.968 -1.174554
5.970 -1.173953
5.972 -1.173350
5.974 -1.172780
5.976 -1.172187
5.978 -1.171587
5.980 -1.170984
5.982 -1.170381
5.984 -1.169777
5.986 -1.169174
5.988 -1.168570
5.990 -1.167966
5.992 -1.167362
5.994 -1.166759
5.996 -1.166155
5.998 -1.165552
6.000 -1.164949
6.002 -1.164346
6.004 -1.163743
6.006 -1.163140
6.008 -1.162537
6.010 -1.161935
6.012 -1.161332
6.014 -1.160730
6.016 -1.160128
6.018 -1.159526
6.020 -1.158925
6.022 -1.158323
6.024 -1.157722
6.026 -1.157120
6.028 -1.156519
6.030 -1.155950
6.032 -1.155300
6.034 -1.154642
6.036 -1.154012
6.038 -1.153424
6.040 -1.152846
6.042 -1.152271
6.044 -1.151694
6.046 -1.151116
6.048 -1.150535
6.050 -1.149953
6.052 -1.149368
6.054 -1.148781
6.056 -1.148193
6.058 -1.147602
6.060 -1.147010
6.062 -1.146417
6.064 -1.145822
6.066 -1.145225
6.068 -1.144628
6.070 -1.144029
6.072 -1.143429
6.074 -1.142828
6.076 -1.142226
6.078 -1.141624
6.080 -1.141021
6.082 -1.140417
6.084 -1.139813
6.086 -1.139208
6.088 -1.138603
6.090 -1.137998
6.092 -1.137392
6.094 -1.136786
6.096 -1.136180
6.098 -1.135574
6.100 -1.134968
6.102 -1.134394
6.104 -1.133830
6.106 -1.133236
6.108 -1.132632
6.110 -1.132025
6.112 -1.131416
6.114 -1.130808
6.116 -1.130199
6.118 -1.129591
6.120 -1.128982
6.122 -1.128374
6.124 -1.127766
6.126 -1.127158
6.128 -1.126550
6.130 -1.125943
6.132 -1.125336
6.134 -1.124729
6.136 -1.124122
6.138 -1.123516
6.140 -1.122910
6.142 -1.122305
6.144 -1.121700
6.146 -1.121095
6.148 -1.120490
6.150 -1.119886
6.152 -1.119282
6.154 -1.118679
6.156 -1.118076
6.158 -1.117473
6.160 -1.116870
6.162 -1.116268
6.164 -1.115665
6.166 -1.115064
6.168 -1.114462
6.170 -1.113861
6.172 -1.113260
6.174 -1.112659
6.176 -1.112058
6.178 -1.111457
6.180 -1.110857
6.182 -1.110257
6.184 -1.109657
6.186 -1.109058
6.188 -1.108458
6.190 -1.107859
6.192 -1.107259
6.194 -1.106660
6.196 -1.106061
6.198 -1.105462
6.200 -1.104863
6.202 -1.104264
6.204 -1.103665
6.206 -1.103066
6.208 -1.102468
6.210 -1.101869
6.212 -1.101270
6.214 -1.100671
6.216 -1.100073
6.218 -1.099474
6.220 -1.098875
6.222 -1.098276
6.224 -1.097678
6.226 -1.097079
6.228 -1.096480
6.230 -1.095881
6.232 -1.095314
6.234 -1.094757
6.236 -1.094170
6.238 -1.093573
6.240 -1.092973
6.242 -1.092292
6.244 -1.091580
6.246 -1.090890
6.248 -1.090242
6.250 -1.089638
6.252 -1.089050
6.254 -1.088465
6.256 -1.087882
6.258 -1.087299
6.260 -1.086716
6.262 -1.086132
6.264 -1.085547
6.266 -1.084962
6.268 -1.084376
6.270 -1.083790
6.272 -1.083202
6.274 -1.082614
6.276 -1.081993
6.278 -1.081362
6.280 -1.080727
6.282 -1.080124
6.284 -1.079531
6.286 -1.078941
6.288 -1.078352
6.290 -1.077763
6.292 -1.077174
6.294 -1.076584
6.296 -1.075994
6.298 -1.075404
6.300 -1.074813
6.302 -1.074254
6.304 -1.073672
6.306 -1.073082
6.308 -1.072490
6.310 -1.071895
6.312 -1.071300
6.314 -1.070705
6.316 -1.070109
6.318 -1.069512
6.320 -1.068915
6.322 -1.068318
6.324 -1.067720
6.326 -1.067122
6.328 -1.066523
6.330 -1.065924
6.332 -1.065357
6.334 -1.064767
6.336 -1.064170
6.338 -1.063570
6.340 -1.062968
6.342 -1.062366
6.344 -1.061764
6.346 -1.061162
6.348 -1.060559
6.350 -1.059956
6.352 -1.059353
6.354 -1.058750
6.356 -1.058147
6.358 -1.057544
6.360 -1.056940
6.362 -1.056337
6.364 -1.055766
6.366 -1.055173
6.368 -1.054572
6.370 -1.053968
6.372 -1.053364
6.374 -1.052760
6.376 -1.052156
6.378 -1.051551
6.380 -1.050947
6.382 -1.050343
6.384 -1.049739
6.386 -1.049135
6.388 -1.048531
6.390 -1.047927
6.392 -1.047356
6.394 -1.046762
6.396 -1.046161
6.398 -1.045557
6.400 -1.044953
6.402 -1.044381
6.404 -1.043787
6.406 -1.043185
6.408 -1.042581
6.410 -1.041976
6.412 -1.041371
6.414 -1.040766
6.416 -1.040161
6.418 -1.039556
6.420 -1.038951
6.422 -1.038346
6.424 -1.037741
6.426 -1.037136
6.428 -1.036532
6.430 -1.035928
6.432 -1.035324
6.434 -1.034720
6.436 -1.034117
6.438 -1.033514
6.440 -1.032911
6.442 -1.032308
6.444 -1.031705
6.446 -1.031102
6.448 -1.030500
6.450 -1.029898
6.452 -1.029296
6.454 -1.028694
6.456 -1.028092
6.458 -1.027491
6.460 -1.026890
6.462 -1.026288
6.464 -1.025687
6.466 -1.025086
6.468 -1.024485
6.470 -1.023885
6.472 -1.023316
6.474 -1.022726
6.476 -1.022128
6.478 -1.021527
6.480 -1.020926
6.482 -1.020325
6.484 -1.019756
6.486 -1.019164
6.488 -1.018565
6.490 -1.017963
6.492 -1.017361
6.494 -1.016758
6.496 -1.016155
6.498 -1.015553
6.500 -1.014950
6.502 -1.014347
6.504 -1.013744
6.506 -1.013141
6.508 -1.012539
6.510 -1.011936
6.512 -1.011333
6.514 -1.010731
6.516 -1.010129
6.518 -1.009526
6.520 -1.008924
6.522 -1.008322
6.524 -1.007720
6.526 -1.007118
6.528 -1.006516
6.530 -1.005914
6.532 -1.005313
6.534 -1.004711
6.536 -1.004110
6.538 -1.003509
6.540 -1.002908
6.542 -1.002307
6.544 -1.001706
6.546 -1.001106
6.548 -1.000505
6.550 -0.999904
6.552 -0.999304
6.554 -0.998703
6.556 -0.998103
6.558 -0.997470
6.560 -0.996860
6.562 -0.996258
6.564 -0.995658
6.566 -0.995058
6.568 -0.994460
6.570 -0.993861
6.572 -0.993263
6.574 -0.992665
6.576 -0.992067
6.578 -0.991469
6.580 -0.990871
6.582 -0.990273
6.584 -0.989675
6.586 -0.989077
6.588 -0.988479
6.590 -0.987913
6.592 -0.987325
6.594 -0.986730
6.596 -0.986131
6.598 -0.985532
6.600 -0.984933
6.602 -0.984333
6.604 -0.983733
6.606 -0.983133
6.608 -0.982533
6.610 -0.981933
6.612 -0.981332
6.614 -0.980732
6.616 -0.980131
6.618 -0.979531
6.620 -0.978930
6.622 -0.978329
6.624 -0.977729
6.626 -0.977128
6.628 -0.976527
6.630 -0.975926
6.632 -0.975325
6.634 -0.974725
6.636 -0.974124
6.638 -0.973523
6.640 -0.972923
6.642 -0.972322
6.644 -0.971721
6.646 -0.971088
6.648 -0.970478
6.650 -0.969875
6.652 -0.969274
6.654 -0.968675
6.656 -0.968075
6.658 -0.967476
6.660 -0.966877
6.662 -0.966278
6.664 -0.965679
6.666 -0.965081
6.668 -0.964482
6.670 -0.963884
6.672 -0.963285
6.674 -0.962687
6.676 -0.962056
6.678 -0.961351
6.680 -0.960656
6.682 -0.959967
6.684 -0.959313
6.686 -0.958705
6.688 -0.958112
6.690 -0.957524
6.692 -0.956939
6.694 -0.956356
6.696 -0.955773
6.698 -0.955190
6.700 -0.954608
6.702 -0.954026
6.704 -0.953444
6.706 -0.952862
6.708 -0.952280
6.710 -0.951697
6.712 -0.951115
6.714 -0.950531
6.716 -0.949948
6.718 -0.949364
6.720 -0.948779
6.722 -0.948194
6.724 -0.947608
6.726 -0.947021
6.728 -0.946434
6.730 -0.945846
6.732 -0.945258
6.734 -0.944669
6.736 -0.944079
6.738 -0.943488
6.740 -0.942897
6.742 -0.942305
6.744 -0.941713
6.746 -0.941120
6.748 -0.940526
6.750 -0.939931
6.752 -0.939336
6.754 -0.938741
6.756 -0.938145
6.758 -0.937548
6.760 -0.936951
6.762 -0.936354
6.764 -0.935756
6.766 -0.935190
6.768 -0.934600
6.770 -0.934004
6.772 -0.933404
6.774 -0.932803
6.776 -0.932202
6.778 -0.931600
6.780 -0.930998
6.782 -0.930395
6.784 -0.929793
6.786 -0.929190
6.788 -0.928587
6.790 -0.927984
6.792 -0.927380
6.794 -0.926777
6.796 -0.926174
6.798 -0.925570
6.800 -0.924967
6.802 -0.924364
6.804 -0.923760
6.806 -0.923157
6.808 -0.922554
6.810 -0.921951
6.812 -0.921348
6.814 -0.920745
6.816 -0.920142
6.818 -0.919539
6.820 -0.918937
6.822 -0.918334
6.824 -0.917732
6.826 -0.917129
6.828 -0.916527
6.830 -0.915925
6.832 -0.915324
6.834 -0.914722
6.836 -0.914121
6.838 -0.913519
6.840 -0.912918
6.842 -0.912317
6.844 -0.911716
6.846 -0.911115
6.848 -0.910515
6.850 -0.909946
6.852 -0.909355
6.854 -0.908757
6.856 -0.908156
6.858 -0.907554
6.860 -0.906953
6.862 -0.906351
6.864 -0.905749
6.866 -0.905147
6.868 -0.904544
6.870 -0.903942
6.872 -0.903341
6.874 -0.902739
6.876 -0.902137
6.878 -0.901535
6.880 -0.900933
6.882 -0.900332
6.884 -0.899730
6.886 -0.899128
6.888 -0.898527
6.890 -0.897925
6.892 -0.897324
6.894 -0.896723
6.896 -0.896121
6.898 -0.895520
6.900 -0.894919
6.902 -0.894350
6.904 -0.893759
6.906 -0.893160
6.908 -0.892559
6.910 -0.891957
6.912 -0.891355
6.914 -0.890753
6.916 -0.890151
6.918 -0.889549
6.920 -0.888947
6.922 -0.888344
6.924 -0.887742
6.926 -0.887140
6.928 -0.886538
6.930 -0.885936
6.932 -0.885335
6.934 -0.884733
6.936 -0.884131
6.938 -0.883529
6.940 -0.882928
6.942 -0.882326
6.944 -0.881724
6.946 -0.881123
6.948 -0.880522
6.950 -0.879921
6.952 -0.879352
6.954 -0.878793
6.956 -0.878204
6.958 -0.877605
6.960 -0.877003
6.962 -0.876400
6.964 -0.875796
6.966 -0.875193
6.968 -0.874621
6.970 -0.874026
6.972 -0.873425
6.974 -0.872820
6.976 -0.872215
6.978 -0.871610
6.980 -0.871004
6.982 -0.870399
6.984 -0.869793
6.986 -0.869188
6.988 -0.868582
6.990 -0.868009
6.992 -0.867413
6.994 -0.866811
6.996 -0.866206
6.998 -0.865600
7.000 -0.864994
7.002 -0.864420
7.004 -0.863824
7.006 -0.863220
7.008 -0.862615
7.010 -0.862008
7.012 -0.861402
7.014 -0.860795
7.016 -0.860189
7.018 -0.859582
7.020 -0.858976
7.022 -0.858371
7.024 -0.857765
7.026 -0.857160
7.028 -0.856554
7.030 -0.855949
7.032 -0.855345
7.034 -0.854740
7.036 -0.854136
7.038 -0.853532
7.040 -0.852929
7.042 -0.852325
7.044 -0.851722
7.046 -0.851120
7.048 -0.850517
7.050 -0.849915
7.052 -0.849313
7.054 -0.848711
7.056 -0.848110
7.058 -0.847508
7.060 -0.846907
7.062 -0.846305
7.064 -0.845704
7.066 -0.845103
7.068 -0.844502
7.070 -0.843902
7.072 -0.843333
7.074 -0.842807
7.076 -0.842325
7.078 -0.841823
7.080 -0.841280
7.082 -0.840723
7.084 -0.840128
7.086 -0.839519
7.088 -0.838906
7.090 -0.838290
7.092 -0.837674
7.094 -0.837056
7.096 -0.836439
7.098 -0.835821
7.100 -0.835203
7.102 -0.834585
7.104 -0.833967
7.106 -0.833349
7.108 -0.832732
7.110 -0.832147
7.112 -0.831539
7.114 -0.830925
7.116 -0.830310
7.118 -0.829693
7.120 -0.829077
7.122 -0.828462
7.124 -0.827847
7.126 -0.827232
7.128 -0.826618
7.130 -0.826005
7.132 -0.825393
7.134 -0.824781
7.136 -0.824169
7.138 -0.823559
7.140 -0.822949
7.142 -0.822340
7.144 -0.821731
7.146 -0.821124
7.148 -0.820516
7.150 -0.819910
7.152 -0.819304
7.154 -0.818699
7.156 -0.818094
7.158 -0.817489
7.160 -0.816885
7.162 -0.816282
7.164 -0.815679
7.166 -0.815077
7.168 -0.814475
7.170 -0.813874
7.172 -0.813272
7.174 -0.812672
7.176 -0.812071
7.178 -0.811471
7.180 -0.810871
7.182 -0.810271
7.184 -0.809672
7.186 -0.809073
7.188 -0.808474
7.190 -0.807875
7.192 -0.807308
7.194 -0.806752
7.196 -0.806165
7.198 -0.805569
7.200 -0.804969
7.202 -0.804369
7.204 -0.803768
7.206 -0.803166
7.208 -0.802564
7.210 -0.801963
7.212 -0.801361
7.214 -0.800759
7.216 -0.800157
7.218 -0.799555
7.220 -0.798953
7.222 -0.798351
7.224 -0.797748
7.226 -0.797146
7.228 -0.796544
7.230 -0.795942
7.232 -0.795340
7.234 -0.794738
7.236 -0.794136
7.238 -0.793535
7.240 -0.792868
7.242 -0.792215
7.244 -0.791599
7.246 -0.790995
7.248 -0.790396
7.250 -0.789798
7.252 -0.789201
7.254 -0.788605
7.256 -0.788009
7.258 -0.787414
7.260 -0.786818
7.262 -0.786223
7.264 -0.785628
7.266 -0.785033
7.268 -0.784438
7.270 -0.783843
7.272 -0.783247
7.274 -0.782652
7.276 -0.782057
7.278 -0.781462
7.280 -0.780867
7.282 -0.780271
7.284 -0.779675
7.286 -0.779047
7.288 -0.778442
7.290 -0.777843
7.292 -0.777247
7.294 -0.776651
7.296 -0.776056
7.298 -0.775461
7.300 -0.774865
7.302 -0.774270
7.304 -0.773674
7.306 -0.773079
7.308 -0.772483
7.310 -0.771887
7.312 -0.771290
7.314 -0.770694
7.316 -0.770097
7.318 -0.769501
7.320 -0.768904
7.322 -0.768307
7.324 -0.767709
7.326 -0.767112
7.328 -0.766514
7.330 -0.765917
7.332 -0.765319
7.334 -0.764721
7.336 -0.764122
7.338 -0.763524
7.340 -0.762926
7.342 -0.762327
7.344 -0.761728
7.346 -0.761129
7.348 -0.760530
7.350 -0.759931
7.352 -0.759332
7.354 -0.758733
7.356 -0.758133
7.358 -0.757534
7.360 -0.756934
7.362 -0.756335
7.364 -0.755735
7.366 -0.755135
7.368 -0.754535
7.370 -0.753935
7.372 -0.753334
7.374 -0.752734
7.376 -0.752134
7.378 -0.751533
7.380 -0.750933
7.382 -0.750332
7.384 -0.749732
7.386 -0.749131
7.388 -0.748530
7.390 -0.747930
7.392 -0.747361
7.394 -0.746835
7.396 -0.746353
7.398 -0.745914
7.400 -0.745519
7.402 -0.745038
7.404 -0.744501
7.406 -0.743940
7.408 -0.743366
7.410 -0.742783
7.412 -0.742193
7.414 -0.741596
7.416 -0.740993
7.418 -0.740385
7.420 -0.739772
7.422 -0.739154
7.424 -0.738533
7.426 -0.737909
7.428 -0.737281
7.430 -0.736651
7.432 -0.736019
7.434 -0.735386
7.436 -0.734750
7.438 -0.734114
7.440 -0.733477
7.442 -0.732840
7.444 -0.732234
7.446 -0.731606
7.448 -0.730971
7.450 -0.730334
7.452 -0.729697
7.454 -0.729060
7.456 -0.728424
7.458 -0.727788
7.460 -0.727154
7.462 -0.726521
7.464 -0.725889
7.466 -0.725258
7.468 -0.724629
7.470 -0.724002
7.472 -0.723375
7.474 -0.722751
7.476 -0.722127
7.478 -0.721506
7.480 -0.720886
7.482 -0.720267
7.484 -0.719650
7.486 -0.719034
7.488 -0.718419
7.490 -0.717806
7.492 -0.717195
7.494 -0.716584
7.496 -0.715975
7.498 -0.715367
7.500 -0.714760
7.502 -0.714154
7.504 -0.713550
7.506 -0.712946
7.508 -0.712343
7.510 -0.711741
7.512 -0.711139
7.514 -0.710539
7.516 -0.709939
7.518 -0.709339
7.520 -0.708741
7.522 -0.708142
7.524 -0.707544
7.526 -0.706947
7.528 -0.706350
7.530 -0.705753
7.532 -0.705189
7.534 -0.704603
7.536 -0.704009
7.538 -0.703413
7.540 -0.702816
7.542 -0.702219
7.544 -0.701621
7.546 -0.701024
7.548 -0.700427
7.550 -0.699829
7.552 -0.699232
7.554 -0.698634
7.556 -0.698037
7.558 -0.697439
7.560 -0.696873
7.562 -0.696285
7.564 -0.695690
7.566 -0.695092
7.568 -0.694493
7.570 -0.693893
7.572 -0.693293
7.574 -0.692693
7.576 -0.692093
7.578 -0.691493
7.580 -0.690893
7.582 -0.690292
7.584 -0.689691
7.586 -0.689091
7.588 -0.688490
7.590 -0.687889
7.592 -0.687288
7.594 -0.686687
7.596 -0.686087
7.598 -0.685486
7.600 -0.684885
7.602 -0.684284
7.604 -0.683683
7.606 -0.683082
7.608 -0.682482
7.610 -0.681881
7.612 -0.681280
7.614 -0.680680
7.616 -0.680079
7.618 -0.679479
7.620 -0.678878
7.622 -0.678277
7.624 -0.677677
7.626 -0.677076
7.628 -0.676476
7.630 -0.675875
7.632 -0.675275
7.634 -0.674675
7.636 -0.674074
7.638 -0.673474
7.640 -0.672874
7.642 -0.672274
7.644 -0.671674
7.646 -0.671074
7.648 -0.670506
7.650 -0.669948
7.652 -0.669392
7.654 -0.668804
7.656 -0.668206
7.658 -0.667604
7.660 -0.667000
7.662 -0.666396
7.664 -0.665791
7.666 -0.665186
7.668 -0.664581
7.670 -0.663976
7.672 -0.663370
7.674 -0.662765
7.676 -0.662160
7.678 -0.661555
7.680 -0.660950
7.682 -0.660345
7.684 -0.659740
7.686 -0.659135
7.688 -0.658531
7.690 -0.657926
7.692 -0.657322
7.694 -0.656718
7.696 -0.656114
7.698 -0.655511
7.700 -0.654940
7.702 -0.654378
7.704 -0.653788
7.706 -0.653187
7.708 -0.652584
7.710 -0.651979
7.712 -0.651374
7.714 -0.650769
7.716 -0.650164
7.718 -0.649558
7.720 -0.648953
7.722 -0.648348
7.724 -0.647744
7.726 -0.647139
7.728 -0.646535
7.730 -0.645930
7.732 -0.645326
7.734 -0.644690
7.736 -0.644076
7.738 -0.643470
7.740 -0.642867
7.742 -0.642265
7.744 -0.641663
7.746 -0.641062
7.748 -0.640461
7.750 -0.639893
7.752 -0.639334
7.754 -0.638746
7.756 -0.638149
7.758 -0.637548
7.760 -0.636946
7.762 -0.636344
7.764 -0.635742
7.766 -0.635139
7.768 -0.634537
7.770 -0.633934
7.772 -0.633332
7.774 -0.632730
7.776 -0.632127
7.778 -0.631525
7.780 -0.630923
7.782 -0.630321
7.784 -0.629719
7.786 -0.629117
7.788 -0.628515
7.790 -0.627913
7.792 -0.627311
7.794 -0.626709
7.796 -0.626108
7.798 -0.625506
7.800 -0.624905
7.802 -0.624304
7.804 -0.623703
7.806 -0.623102
7.808 -0.622501
7.810 -0.621901
7.812 -0.621300
7.814 -0.620699
7.816 -0.620099
7.818 -0.619498
7.820 -0.618898
7.822 -0.618298
7.824 -0.617697
7.826 -0.617097
7.828 -0.616497
7.830 -0.615897
7.832 -0.615264
7.834 -0.614654
7.836 -0.614052
7.838 -0.613452
7.840 -0.612853
7.842 -0.612255
7.844 -0.611657
7.846 -0.611059
7.848 -0.610461
7.850 -0.609863
7.852 -0.609265
7.854 -0.608667
7.856 -0.608069
7.858 -0.607472
7.860 -0.606874
7.862 -0.606276
7.864 -0.605678
7.866 -0.605080
7.868 -0.604482
7.870 -0.603884
7.872 -0.603286
7.874 -0.602688
7.876 -0.602090
7.878 -0.601492
7.880 -0.600894
7.882 -0.600295
7.884 -0.599697
7.886 -0.599099
7.888 -0.598500
7.890 -0.597901
7.892 -0.597303
7.894 -0.596704
7.896 -0.596105
7.898 -0.595506
7.900 -0.594907
7.902 -0.594307
7.904 -0.593708
7.906 -0.593109
7.908 -0.592510
7.910 -0.591910
7.912 -0.591311
7.914 -0.590711
7.916 -0.590112
7.918 -0.589512
7.920 -0.588913
7.922 -0.588313
7.924 -0.587713
7.926 -0.587114
7.928 -0.586514
7.930 -0.585946
7.932 -0.585356
7.934 -0.584759
7.936 -0.584159
7.938 -0.583557
7.940 -0.582956
7.942 -0.582354
7.944 -0.581753
7.946 -0.581151
7.948 -0.580581
7.950 -0.579989
7.952 -0.579389
7.954 -0.578787
7.956 -0.578184
7.958 -0.577581
7.960 -0.576977
7.962 -0.576373
7.964 -0.575769
7.966 -0.575198
7.968 -0.574604
7.970 -0.574002
7.972 -0.573399
7.974 -0.572794
7.976 -0.572189
7.978 -0.571584
7.980 -0.570979
7.982 -0.570374
7.984 -0.569769
7.986 -0.569164
7.988 -0.568560
7.990 -0.567955
7.992 -0.567351
7.994 -0.566747
7.996 -0.566143
7.998 -0.565539
8.000 -0.564936
8.002 -0.564332
8.004 -0.563729
8.006 -0.563126
8.008 -0.562523
8.010 -0.561920
8.012 -0.561318
8.014 -0.560716
8.016 -0.560114
8.018 -0.559512
8.020 -0.558910
8.022 -0.558308
8.024 -0.557707
8.026 -0.557105
8.028 -0.556504
8.030 -0.555903
8.032 -0.555334
8.034 -0.554743
8.036 -0.554145
8.038 -0.553544
8.040 -0.552943
8.042 -0.552341
8.044 -0.551739
8.046 -0.551137
8.048 -0.550536
8.050 -0.549934
8.052 -0.549332
8.054 -0.548731
8.056 -0.548129
8.058 -0.547528
8.060 -0.546927
8.062 -0.546325
8.064 -0.545724
8.066 -0.545123
8.068 -0.544521
8.070 -0.543920
8.072 -0.543319
8.074 -0.542718
8.076 -0.542117
8.078 -0.541548
8.080 -0.540989
8.082 -0.540432
8.084 -0.539844
8.086 -0.539276
8.088 -0.538747
8.090 -0.538229
8.092 -0.537680
8.094 -0.537088
8.096 -0.536481
8.098 -0.535868
8.100 -0.535254
8.102 -0.534638
8.104 -0.534022
8.106 -0.533406
8.108 -0.532789
8.110 -0.532172
8.112 -0.531588
8.114 -0.530981
8.116 -0.530367
8.118 -0.529718
8.120 -0.529091
8.122 -0.528472
8.124 -0.527855
8.126 -0.527240
8.128 -0.526625
8.130 -0.526012
8.132 -0.525399
8.134 -0.524786
8.136 -0.524174
8.138 -0.523563
8.140 -0.522953
8.142 -0.522344
8.144 -0.521735
8.146 -0.521126
8.148 -0.520519
8.150 -0.519912
8.152 -0.519306
8.154 -0.518700
8.156 -0.518095
8.158 -0.517491
8.160 -0.516886
8.162 -0.516283
8.164 -0.515712
8.166 -0.515119
8.168 -0.514519
8.170 -0.513918
8.172 -0.513315
8.174 -0.512713
8.176 -0.512111
8.178 -0.511509
8.180 -0.510907
8.182 -0.510305
8.184 -0.509704
8.186 -0.509103
8.188 -0.508502
8.190 -0.507901
8.192 -0.507300
8.194 -0.506731
8.196 -0.506141
8.198 -0.505543
8.200 -0.504942
8.202 -0.504341
8.204 -0.503740
8.206 -0.503138
8.208 -0.502537
8.210 -0.501935
8.212 -0.501334
8.214 -0.500732
8.216 -0.500131
8.218 -0.499530
8.220 -0.498928
8.222 -0.498327
8.224 -0.497726
8.226 -0.497125
8.228 -0.496524
8.230 -0.495923
8.232 -0.495322
8.234 -0.494721
8.236 -0.494120
8.238 -0.493519
8.240 -0.492918
8.242 -0.492317
8.244 -0.491716
8.246 -0.491116
8.248 -0.490547
8.250 -0.489956
8.252 -0.489390
8.254 -0.488799
8.256 -0.488200
8.258 -0.487598
8.260 -0.486995
8.262 -0.486391
8.264 -0.485820
8.266 -0.485226
8.268 -0.484625
8.270 -0.484021
8.272 -0.483416
8.274 -0.482746
8.276 -0.482057
8.278 -0.481395
8.280 -0.480775
8.282 -0.480170
8.284 -0.479569
8.286 -0.478971
8.288 -0.478374
8.290 -0.477809
8.292 -0.477223
8.294 -0.476630
8.296 -0.476034
8.298 -0.475438
8.300 -0.474842
8.302 -0.474246
8.304 -0.473650
8.306 -0.473054
8.308 -0.472458
8.310 -0.471830
8.312 -0.471224
8.314 -0.470625
8.316 -0.470029
8.318 -0.469433
8.320 -0.468838
8.322 -0.468243
8.324 -0.467648
8.326 -0.467053
8.328 -0.466458
8.330 -0.465863
8.332 -0.465268
8.334 -0.464673
8.336 -0.464077
8.338 -0.463481
8.340 -0.462886
8.342 -0.462322
8.344 -0.461735
8.346 -0.461141
8.348 -0.460544
8.350 -0.459946
8.352 -0.459348
8.354 -0.458749
8.356 -0.458150
8.358 -0.457486
8.360 -0.456803
8.362 -0.456146
8.364 -0.455532
8.366 -0.454932
8.368 -0.454336
8.370 -0.453742
8.372 -0.453149
8.374 -0.452557
8.376 -0.451965
8.378 -0.451373
8.380 -0.450781
8.382 -0.450189
8.384 -0.449598
8.386 -0.449006
8.388 -0.448414
8.390 -0.447822
8.392 -0.447230
8.394 -0.446638
8.396 -0.446045
8.398 -0.445452
8.400 -0.444859
8.402 -0.444266
8.404 -0.443673
8.406 -0.443079
8.408 -0.442485
8.410 -0.441890
8.412 -0.441295
8.414 -0.440700
8.416 -0.440105
8.418 -0.439509
8.420 -0.438913
8.422 -0.438316
8.424 -0.437720
8.426 -0.437123
8.428 -0.436526
8.430 -0.435896
8.432 -0.435288
8.434 -0.434688
8.436 -0.434090
8.438 -0.433492
8.440 -0.432895
8.442 -0.432297
8.444 -0.431700
8.446 -0.431102
8.448 -0.430504
8.450 -0.429907
8.452 -0.429309
8.454 -0.428710
8.456 -0.428112
8.458 -0.427514
8.460 -0.426915
8.462 -0.426316
8.464 -0.425718
8.466 -0.425119
8.468 -0.424520
8.470 -0.423920
8.472 -0.423321
8.474 -0.422722
8.476 -0.422122
8.478 -0.421523
8.480 -0.420955
8.482 -0.420365
8.484 -0.419768
8.486 -0.419168
8.488 -0.418567
8.490 -0.417966
8.492 -0.417396
8.494 -0.416804
8.496 -0.416205
8.498 -0.415603
8.500 -0.415000
8.502 -0.414397
8.504 -0.413794
8.506 -0.413190
8.508 -0.412586
8.510 -0.411983
8.512 -0.411379
8.514 -0.410775
8.516 -0.410172
8.518 -0.409568
8.520 -0.408964
8.522 -0.408361
8.524 -0.407757
8.526 -0.407154
8.528 -0.406551
8.530 -0.405947
8.532 -0.405344
8.534 -0.404741
8.536 -0.404138
8.538 -0.403536
8.540 -0.402933
8.542 -0.402331
8.544 -0.401729
8.546 -0.401127
8.548 -0.400525
8.550 -0.399924
8.552 -0.399322
8.554 -0.398721
8.556 -0.398120
8.558 -0.397518
8.560 -0.396917
8.562 -0.396317
8.564 -0.395716
8.566 -0.395147
8.568 -0.394557
8.570 -0.393958
8.572 -0.393358
8.574 -0.392756
8.576 -0.392154
8.578 -0.391552
8.580 -0.390951
8.582 -0.390349
8.584 -0.389746
8.586 -0.389144
8.588 -0.388543
8.590 -0.387941
8.592 -0.387339
8.594 -0.386737
8.596 -0.386135
8.598 -0.385534
8.600 -0.384932
8.602 -0.384331
8.604 -0.383729
8.606 -0.383128
8.608 -0.382526
8.610 -0.381925
8.612 -0.381324
8.614 -0.380722
8.616 -0.380121
8.618 -0.379520
8.620 -0.378919
8.622 -0.378319
8.624 -0.377718
8.626 -0.377117
8.628 -0.376517
8.630 -0.375916
8.632 -0.375315
8.634 -0.374715
8.636 -0.374114
8.638 -0.373514
8.640 -0.372914
8.642 -0.372313
8.644 -0.371713
8.646 -0.371113
8.648 -0.370513
8.650 -0.369912
8.652 -0.369312
8.654 -0.368712
8.656 -0.368112
8.658 -0.367512
8.660 -0.366912
8.662 -0.366312
8.664 -0.365712
8.666 -0.365112
8.668 -0.364511
8.670 -0.363944
8.672 -0.363353
8.674 -0.362756
8.676 -0.362155
8.678 -0.361554
8.680 -0.360953
8.682 -0.360352
8.684 -0.359750
8.686 -0.359148
8.688 -0.358547
8.690 -0.357945
8.692 -0.357343
8.694 -0.356742
8.696 -0.356140
8.698 -0.355539
8.700 -0.354937
8.702 -0.354368
8.704 -0.353776
8.706 -0.353177
8.708 -0.352576
8.710 -0.351941
8.712 -0.351329
8.714 -0.350724
8.716 -0.350121
8.718 -0.349519
8.720 -0.348917
8.722 -0.348316
8.724 -0.347715
8.726 -0.347114
8.728 -0.346513
8.730 -0.345912
8.732 -0.345312
8.734 -0.344711
8.736 -0.344111
8.738 -0.343511
8.740 -0.342910
8.742 -0.342310
8.744 -0.341710
8.746 -0.341110
8.748 -0.340510
8.750 -0.339911
8.752 -0.339311
8.754 -0.338711
8.756 -0.338111
8.758 -0.337511
8.760 -0.336911
8.762 -0.336343
8.764 -0.335753
8.766 -0.335156
8.768 -0.334556
8.770 -0.333955
8.772 -0.333353
8.774 -0.332752
8.776 -0.332151
8.778 -0.331549
8.780 -0.330948
8.782 -0.330346
8.784 -0.329744
8.786 -0.329143
8.788 -0.328541
8.790 -0.327940
8.792 -0.327338
8.794 -0.326769
8.796 -0.326178
8.798 -0.325579
8.800 -0.324977
8.802 -0.324375
8.804 -0.323772
8.806 -0.323169
8.808 -0.322567
8.810 -0.321964
8.812 -0.321361
8.814 -0.320758
8.816 -0.320156
8.818 -0.319553
8.820 -0.318950
8.822 -0.318348
8.824 -0.317745
8.826 -0.317143
8.828 -0.316540
8.830 -0.315938
8.832 -0.315336
8.834 -0.314734
8.836 -0.314132
8.838 -0.313530
8.840 -0.312928
8.842 -0.312326
8.844 -0.311725
8.846 -0.311124
8.848 -0.310523
8.850 -0.309921
8.852 -0.309320
8.854 -0.308719
8.856 -0.308119
8.858 -0.307518
8.860 -0.306917
8.862 -0.306316
8.864 -0.305716
8.866 -0.305115
8.868 -0.304515
8.870 -0.303914
8.872 -0.303314
8.874 -0.302714
8.876 -0.302113
8.878 -0.301513
8.880 -0.300913
8.882 -0.300312
8.884 -0.299712
8.886 -0.299112
8.888 -0.298512
8.890 -0.297944
8.892 -0.297354
8.894 -0.296756
8.896 -0.296156
8.898 -0.295555
8.900 -0.294953
8.902 -0.294352
8.904 -0.293750
8.906 -0.293148
8.908 -0.292547
8.910 -0.291945
8.912 -0.291343
8.914 -0.290741
8.916 -0.290140
8.918 -0.289538
8.920 -0.288937
8.922 -0.288335
8.924 -0.287734
8.926 -0.287133
8.928 -0.286531
8.930 -0.285930
8.932 -0.285329
8.934 -0.284728
8.936 -0.284126
8.938 -0.283525
8.940 -0.282924
8.942 -0.282323
8.944 -0.281722
8.946 -0.281121
8.948 -0.280520
8.950 -0.279919
8.952 -0.279319
8.954 -0.278718
8.956 -0.278117
8.958 -0.277517
8.960 -0.276916
8.962 -0.276316
8.964 -0.275715
8.966 -0.275115
8.968 -0.274514
8.970 -0.273914
8.972 -0.273314
8.974 -0.272713
8.976 -0.272113
8.978 -0.271513
8.980 -0.270913
8.982 -0.270313
8.984 -0.269712
8.986 -0.269112
8.988 -0.268512
8.990 -0.267912
8.992 -0.267344
8.994 -0.266754
8.996 -0.266156
8.998 -0.265556
9.000 -0.264955
9.002 -0.264354
9.004 -0.263752
9.006 -0.263151
9.008 -0.262549
9.010 -0.261947
9.012 -0.261346
9.014 -0.260744
9.016 -0.260143
9.018 -0.259541
9.020 -0.258940
9.022 -0.258338
9.024 -0.257737
9.026 -0.257135
9.028 -0.256534
9.030 -0.255933
9.032 -0.255332
9.034 -0.254730
9.036 -0.254129
9.038 -0.253528
9.040 -0.252927
9.042 -0.252326
9.044 -0.251725
9.046 -0.251124
9.048 -0.250555
9.050 -0.249964
9.052 -0.249366
9.054 -0.248765
9.056 -0.248163
9.058 -0.247561
9.060 -0.246959
9.062 -0.246356
9.064 -0.245754
9.066 -0.245152
9.068 -0.244549
9.070 -0.243947
9.072 -0.243345
9.074 -0.242743
9.076 -0.242141
9.078 -0.241539
9.080 -0.240937
9.082 -0.240335
9.084 -0.239734
9.086 -0.239132
9.088 -0.238530
9.090 -0.237929
9.092 -0.237327
9.094 -0.236725
9.096 -0.236124
9.098 -0.235523
9.100 -0.234922
9.102 -0.234321
9.104 -0.233720
9.106 -0.233119
9.108 -0.232518
9.110 -0.231918
9.112 -0.231317
9.114 -0.230716
9.116 -0.230116
9.118 -0.229515
9.120 -0.228915
9.122 -0.228315
9.124 -0.227714
9.126 -0.227114
9.128 -0.226514
9.130 -0.225913
9.132 -0.225313
9.134 -0.224713
9.136 -0.224113
9.138 -0.223513
9.140 -0.222913
9.142 -0.222313
9.144 -0.221714
9.146 -0.221115
9.148 -0.220516
9.150 -0.219918
9.152 -0.219320
9.154 -0.218722
9.156 -0.218126
9.158 -0.217529
9.160 -0.216934
9.162 -0.216339
9.164 -0.215745
9.166 -0.215151
9.168 -0.214558
9.170 -0.213967
9.172 -0.213375
9.174 -0.212785
9.176 -0.212196
9.178 -0.211607
9.180 -0.211019
9.182 -0.210433
9.184 -0.209847
9.186 -0.209262
9.188 -0.208678
9.190 -0.208095
9.192 -0.207512
9.194 -0.206931
9.196 -0.206351
9.198 -0.205772
9.200 -0.205194
9.202 -0.204616
9.204 -0.204040
9.206 -0.203465
9.208 -0.202890
9.210 -0.202317
9.212 -0.201744
9.214 -0.201173
9.216 -0.200602
9.218 -0.200033
9.220 -0.199464
9.222 -0.198897
9.224 -0.198330
9.226 -0.197764
9.228 -0.197199
9.230 -0.196636
9.232 -0.196073
9.234 -0.195511
9.236 -0.194949
9.238 -0.194389
9.240 -0.193830
9.242 -0.193271
9.244 -0.192714
9.246 -0.192157
9.248 -0.191601
9.250 -0.191046
9.252 -0.190492
9.254 -0.189939
9.256 -0.189387
9.258 -0.188835
9.260 -0.188284
9.262 -0.187734
9.264 -0.187185
9.266 -0.186637
9.268 -0.186089
9.270 -0.185543
9.272 -0.184997
9.274 -0.184452
9.276 -0.183907
9.278 -0.183364
9.280 -0.182821
9.282 -0.182280
9.284 -0.181738
9.286 -0.181198
9.288 -0.180659
9.290 -0.180120
9.292 -0.179582
9.294 -0.179045
9.296 -0.178509
9.298 -0.177974
9.300 -0.177439
9.302 -0.176905
9.304 -0.176372
9.306 -0.175840
9.308 -0.175309
9.310 -0.174750
9.312 -0.174211
9.314 -0.173680
9.316 -0.173152
9.318 -0.172625
9.320 -0.172100
9.322 -0.171576
9.324 -0.171052
9.326 -0.170529
9.328 -0.170007
9.330 -0.169486
9.332 -0.168966
9.334 -0.168447
9.336 -0.167928
9.338 -0.167410
9.340 -0.166894
9.342 -0.166377
9.344 -0.165862
9.346 -0.165348
9.348 -0.164834
9.350 -0.164321
9.352 -0.163808
9.354 -0.163297
9.356 -0.162786
9.358 -0.162276
9.360 -0.161766
9.362 -0.161258
9.364 -0.160750
9.366 -0.160243
9.368 -0.159737
9.370 -0.159231
9.372 -0.158726
9.374 -0.158222
9.376 -0.157719
9.378 -0.157216
9.380 -0.156714
9.382 -0.156213
9.384 -0.155713
9.386 -0.155213
9.388 -0.154714
9.390 -0.154216
9.392 -0.153719
9.394 -0.153222
9.396 -0.152727
9.398 -0.152232
9.400 -0.151764
9.402 -0.151278
9.404 -0.150788
9.406 -0.150295
9.408 -0.149803
9.410 -0.149312
9.412 -0.148821
9.414 -0.148331
9.416 -0.147841
9.418 -0.147353
9.420 -0.146865
9.422 -0.146378
9.424 -0.145891
9.426 -0.145406
9.428 -0.144921
9.430 -0.144437
9.432 -0.143954
9.434 -0.143471
9.436 -0.142990
9.438 -0.142509
9.440 -0.142029
9.442 -0.141550
9.444 -0.141072
9.446 -0.140595
9.448 -0.140119
9.450 -0.139643
9.452 -0.139169
9.454 -0.138695
9.456 -0.138222
9.458 -0.137751
9.460 -0.137280
9.462 -0.136809
9.464 -0.136365
9.466 -0.135904
9.468 -0.135439
9.470 -0.134972
9.472 -0.134505
9.474 -0.134039
9.476 -0.133574
9.478 -0.133109
9.480 -0.132646
9.482 -0.132183
9.484 -0.131721
9.486 -0.131259
9.488 -0.130799
9.490 -0.130339
9.492 -0.129880
9.494 -0.129422
9.496 -0.128965
9.498 -0.128509
9.500 -0.128054
9.502 -0.127599
9.504 -0.127146
9.506 -0.126693
9.508 -0.126241
9.510 -0.125814
9.512 -0.125420
9.514 -0.124986
9.516 -0.124541
9.518 -0.124093
9.520 -0.123643
9.522 -0.123194
9.524 -0.122745
9.526 -0.122297
9.528 -0.121850
9.530 -0.121403
9.532 -0.120957
9.534 -0.120512
9.536 -0.120068
9.538 -0.119625
9.540 -0.119182
9.542 -0.118741
9.544 -0.118300
9.546 -0.117860
9.548 -0.117422
9.550 -0.116984
9.552 -0.116547
9.554 -0.116111
9.556 -0.115677
9.558 -0.115243
9.560 -0.114810
9.562 -0.114378
9.564 -0.113947
9.566 -0.113517
9.568 -0.113088
9.570 -0.112660
9.572 -0.112233
9.574 -0.111807
9.576 -0.111382
9.578 -0.110958
9.580 -0.110535
9.582 -0.110113
9.584 -0.109691
9.586 -0.109271
9.588 -0.108852
9.590 -0.108433
9.592 -0.108016
9.594 -0.107599
9.596 -0.107183
9.598 -0.106768
9.600 -0.106354
9.602 -0.105941
9.604 -0.105529
9.606 -0.105117
9.608 -0.104707
9.610 -0.104297
9.612 -0.103888
9.614 -0.103480
9.616 -0.103073
9.618 -0.102667
9.620 -0.102261
9.622 -0.101857
9.624 -0.101453
9.626 -0.101050
9.628 -0.100648
9.630 -0.100246
9.632 -0.099846
9.634 -0.099446
9.636 -0.099047
9.638 -0.098648
9.640 -0.098251
9.642 -0.097854
9.644 -0.097458
9.646 -0.097063
9.648 -0.096669
9.650 -0.096276
9.652 -0.095883
9.654 -0.095491
9.656 -0.095100
9.658 -0.094710
9.660 -0.094320
9.662 -0.093932
9.664 -0.093544
9.666 -0.093157
9.668 -0.092770
9.670 -0.092343
9.672 -0.091925
9.674 -0.091532
9.676 -0.091147
9.678 -0.090766
9.680 -0.090387
9.682 -0.090009
9.684 -0.089632
9.686 -0.089256
9.688 -0.088881
9.690 -0.088507
9.692 -0.088134
9.694 -0.087761
9.696 -0.087390
9.698 -0.087019
9.700 -0.086649
9.702 -0.086279
9.704 -0.085911
9.706 -0.085543
9.708 -0.085176
9.710 -0.084789
9.712 -0.084418
9.714 -0.084051
9.716 -0.083687
9.718 -0.083323
9.720 -0.082961
9.722 -0.082600
9.724 -0.082239
9.726 -0.081879
9.728 -0.081519
9.730 -0.081160
9.732 -0.080802
9.734 -0.080445
9.736 -0.080088
9.738 -0.079732
9.740 -0.079376
9.742 -0.079021
9.744 -0.078667
9.746 -0.078314
9.748 -0.077961
9.750 -0.077609
9.752 -0.077257
9.754 -0.076907
9.756 -0.076556
9.758 -0.076207
9.760 -0.075858
9.762 -0.075510
9.764 -0.075163
9.766 -0.074816
9.768 -0.074470
9.770 -0.074125
9.772 -0.073780
9.774 -0.073436
9.776 -0.073093
9.778 -0.072751
9.780 -0.072409
9.782 -0.072068
9.784 -0.071728
9.786 -0.071389
9.788 -0.071050
9.790 -0.070712
9.792 -0.070375
9.794 -0.070039
9.796 -0.069703
9.798 -0.069368
9.800 -0.069034
9.802 -0.068719
9.804 -0.068392
9.806 -0.068061
9.808 -0.067730
9.810 -0.067400
9.812 -0.067069
9.814 -0.066740
9.816 -0.066411
9.818 -0.066084
9.820 -0.065757
9.822 -0.065430
9.824 -0.065105
9.826 -0.064780
9.828 -0.064457
9.830 -0.064134
9.832 -0.063811
9.834 -0.063490
9.836 -0.063170
9.838 -0.062850
9.840 -0.062531
9.842 -0.062213
9.844 -0.061896
9.846 -0.061580
9.848 -0.061264
9.850 -0.060950
9.852 -0.060636
9.854 -0.060323
9.856 -0.060011
9.858 -0.059700
9.860 -0.059390
9.862 -0.059080
9.864 -0.058771
9.866 -0.058464
9.868 -0.058157
9.870 -0.057851
9.872 -0.057545
9.874 -0.057241
9.876 -0.056937
9.878 -0.056618
9.880 -0.056295
9.882 -0.055988
9.884 -0.055686
9.886 -0.055388
9.888 -0.055090
9.890 -0.054794
9.892 -0.054498
9.894 -0.054204
9.896 -0.053910
9.898 -0.053618
9.900 -0.053326
9.902 -0.053035
9.904 -0.052745
9.906 -0.052455
9.908 -0.052167
9.910 -0.051879
9.912 -0.051592
9.914 -0.051306
9.916 -0.051021
9.918 -0.050736
9.920 -0.050452
9.922 -0.050169
9.924 -0.049886
9.926 -0.049605
9.928 -0.049324
9.930 -0.049044
9.932 -0.048764
9.934 -0.048485
9.936 -0.048207
9.938 -0.047930
9.940 -0.047653
9.942 -0.047378
9.944 -0.047102
9.946 -0.046828
9.948 -0.046554
9.950 -0.046281
9.952 -0.046009
9.954 -0.045738
9.956 -0.045467
9.958 -0.045197
9.960 -0.044928
9.962 -0.044659
9.964 -0.044391
9.966 -0.044124
9.968 -0.043858
9.970 -0.043593
9.972 -0.043328
9.974 -0.043064
9.976 -0.042801
9.978 -0.042538
9.980 -0.042277
9.982 -0.042016
9.984 -0.041756
9.986 -0.041496
9.988 -0.041238
9.990 -0.040980
9.992 -0.040723
9.994 -0.040467
9.996 -0.040211
9.998 -0.039957
10.000 -0.039703
10.002 -0.039450
10.004 -0.039198
10.006 -0.038946
10.008 -0.038696
10.010 -0.038446
10.012 -0.038197
10.014 -0.037948
10.016 -0.037701
10.018 -0.037454
10.020 -0.037209
10.022 -0.036964
10.024 -0.036719
10.026 -0.036476
10.028 -0.036233
10.030 -0.035992
10.032 -0.035751
10.034 -0.035511
10.036 -0.035271
10.038 -0.035033
10.040 -0.034795
10.042 -0.034558
10.044 -0.034322
10.046 -0.034086
10.048 -0.033852
10.050 -0.033618
10.052 -0.033385
10.054 -0.033153
10.056 -0.032922
10.058 -0.032691
10.060 -0.032461
10.062 -0.032233
10.064 -0.032004
10.066 -0.031777
10.068 -0.031551
10.070 -0.031325
10.072 -0.031112
10.074 -0.030892
10.076 -0.030669
10.078 -0.030447
10.080 -0.030225
10.082 -0.030003
10.084 -0.029783
10.086 -0.029563
10.088 -0.029344
10.090 -0.029126
10.092 -0.028908
10.094 -0.028692
10.096 -0.028476
10.098 -0.028261
10.100 -0.028046
10.102 -0.027833
10.104 -0.027620
10.106 -0.027408
10.108 -0.027197
10.110 -0.026987
10.112 -0.026777
10.114 -0.026569
10.116 -0.026361
10.118 -0.026154
10.120 -0.025948
10.122 -0.025743
10.124 -0.025538
10.126 -0.025335
10.128 -0.025132
10.130 -0.024930
10.132 -0.024739
10.134 -0.024542
10.136 -0.024344
10.138 -0.024145
10.140 -0.023946
10.142 -0.023749
10.144 -0.023552
10.146 -0.023356
10.148 -0.023161
10.150 -0.022967
10.152 -0.022773
10.154 -0.022581
10.156 -0.022389
10.158 -0.022198
10.160 -0.022007
10.162 -0.021818
10.164 -0.021629
10.166 -0.021441
10.168 -0.021254
10.170 -0.021068
10.172 -0.020883
10.174 -0.020698
10.176 -0.020515
10.178 -0.020332
10.180 -0.020150
10.182 -0.019968
10.184 -0.019788
10.186 -0.019608
10.188 -0.019430
10.190 -0.019252
10.192 -0.019075
10.194 -0.018898
10.196 -0.018723
10.198 -0.018548
10.200 -0.018374
10.202 -0.018211
10.204 -0.018041
10.206 -0.017870
10.208 -0.017700
10.210 -0.017529
10.212 -0.017360
10.214 -0.017191
10.216 -0.017024
10.218 -0.016857
10.220 -0.016690
10.222 -0.016525
10.224 -0.016360
10.226 -0.016196
10.228 -0.016033
10.230 -0.015871
10.232 -0.015710
10.234 -0.015550
10.236 -0.015390
10.238 -0.015231
10.240 -0.015073
10.242 -0.014916
10.244 -0.014759
10.246 -0.014604
10.248 -0.014449
10.250 -0.014295
10.252 -0.014142
10.254 -0.013990
10.256 -0.013838
10.258 -0.013696
10.260 -0.013548
10.262 -0.013408
10.264 -0.013262
10.266 -0.013115
10.268 -0.012968
10.270 -0.012829
10.272 -0.012686
10.274 -0.012542
10.276 -0.012397
10.278 -0.012254
10.280 -0.012118
10.282 -0.011986
10.284 -0.011847
10.286 -0.011707
10.288 -0.011567
10.290 -0.011427
10.292 -0.011288
10.294 -0.011150
10.296 -0.011013
10.298 -0.010877
10.300 -0.010741
10.302 -0.010606
10.304 -0.010472
10.306 -0.010339
10.308 -0.010206
10.310 -0.010075
10.312 -0.009944
10.314 -0.009814
10.316 -0.009678
10.318 -0.009548
10.320 -0.009420
10.322 -0.009294
10.324 -0.009169
10.326 -0.009038
10.328 -0.008912
10.330 -0.008789
10.332 -0.008668
10.334 -0.008547
10.336 -0.008428
10.338 -0.008309
10.340 -0.008191
10.342 -0.008075
10.344 -0.007959
10.346 -0.007844
10.348 -0.007730
10.350 -0.007616
10.352 -0.007504
10.354 -0.007393
10.356 -0.007282
10.358 -0.007172
10.360 -0.007063
10.362 -0.006955
10.364 -0.006847
10.366 -0.006741
10.368 -0.006635
10.370 -0.006530
10.372 -0.006426
10.374 -0.006322
10.376 -0.006220
10.378 -0.006118
10.380 -0.006017
10.382 -0.005917
10.384 -0.005817
10.386 -0.005719
10.388 -0.005621
10.390 -0.005518
10.392 -0.005420
10.394 -0.005330
10.396 -0.005236
10.398 -0.005143
10.400 -0.005050
10.402 -0.004957
10.404 -0.004865
10.406 -0.004774
10.408 -0.004684
10.410 -0.004595
10.412 -0.004506
10.414 -0.004419
10.416 -0.004332
10.418 -0.004245
10.420 -0.004160
10.422 -0.004075
10.424 -0.003991
10.426 -0.003908
10.428 -0.003826
10.430 -0.003749
10.432 -0.003674
10.434 -0.003595
10.436 -0.003517
10.438 -0.003438
10.440 -0.003360
10.442 -0.003283
10.444 -0.003206
10.446 -0.003131
10.448 -0.003056
10.450 -0.002982
10.452 -0.002908
10.454 -0.002836
10.456 -0.002764
10.458 -0.002693
10.460 -0.002623
10.462 -0.002554
10.464 -0.002485
10.466 -0.002417
10.468 -0.002350
10.470 -0.002281
10.472 -0.002214
10.474 -0.002149
10.476 -0.002086
10.478 -0.002023
10.480 -0.001961
10.482 -0.001900
10.484 -0.001840
10.486 -0.001780
10.488 -0.001722
10.490 -0.001664
10.492 -0.001607
10.494 -0.001551
10.496 -0.001495
10.498 -0.001441
10.500 -0.001387
10.502 -0.001334
10.504 -0.001282
10.506 -0.001231
10.508 -0.001181
10.510 -0.001131
10.512 -0.001082
10.514 -0.001034
10.516 -0.000987
10.518 -0.000941
10.520 -0.000895
10.522 -0.000851
10.524 -0.000807
10.526 -0.000764
10.528 -0.000721
10.530 -0.000680
10.532 -0.000641
10.534 -0.000602
10.536 -0.000563
10.538 -0.000525
10.540 -0.000487
10.542 -0.000450
10.544 -0.000414
10.546 -0.000379
10.548 -0.000345
10.550 -0.000311
10.552 -0.000278
10.554 -0.000246
10.556 -0.000215
10.558 -0.000184
10.560 -0.000154
10.562 -0.000126
10.564 -0.000097
10.566 -0.000070
10.568 -0.000043
10.570 -0.000017
10.572 0.000008
10.574 0.000032
10.576 0.000056
10.578 0.000079
10.580 0.000101
10.582 0.000121
10.584 0.000142
10.586 0.000161
10.588 0.000180
10.590 0.000198
10.592 0.000216
10.594 0.000232
10.596 0.000248
10.598 0.000263
10.600 0.000277
10.602 0.000291
10.604 0.000303
10.606 0.000315
10.608 0.000326
10.610 0.000336
10.612 0.000345
10.614 0.000354
10.616 0.000362
10.618 0.000368
10.620 0.000375
10.622 0.000380
10.624 0.000384
10.626 0.000388
10.628 0.000390
10.630 0.000392
10.632 0.000393
