0.000 3.658073
0.002 3.658073
0.004 3.658071
0.006 3.658069
0.008 3.658067
0.010 3.658063
0.012 3.658063
0.014 3.658053
0.016 3.658047
0.018 3.658041
0.020 3.658033
0.022 3.658025
0.024 3.658015
0.026 3.658005
0.028 3.657995
0.030 3.657983
0.032 3.657971
0.034 3.657957
0.036 3.657943
0.038 3.657929
0.040 3.657913
0.042 3.657897
0.044 3.657879
0.046 3.657861
0.048 3.657843
0.050 3.657843
0.052 3.657803
0.054 3.657803
0.056 3.657781
0.058 3.657737
0.060 3.657737
0.062 3.657713
0.064 3.657663
0.066 3.657637
0.068 3.657611
0.070 3.657583
0.072 3.657555
0.074 3.657525
0.076 3.657495
0.078 3.657465
0.080 3.657433
0.082 3.657401
0.084 3.657367
0.086 3.657333
0.088 3.657299
0.090 3.657263
0.092 3.657227
0.094 3.657189
0.096 3.657151
0.098 3.657113
0.100 3.657073
0.102 3.657033
0.104 3.656991
0.106 3.656949
0.108 3.656907
0.110 3.656863
0.112 3.656819
0.114 3.656773
0.116 3.656727
0.118 3.656681
0.120 3.656633
0.122 3.656585
0.124 3.656535
0.126 3.656485
0.128 3.656435
0.130 3.656383
0.132 3.656331
0.134 3.656277
0.136 3.656223
0.138 3.656169
0.140 3.656113
0.142 3.656057
0.144 3.655999
0.146 3.655941
0.148 3.655883
0.150 3.655883
0.152 3.655763
0.154 3.655701
0.156 3.655639
0.158 3.655577
0.160 3.655513
0.162 3.655449
0.164 3.655383
0.166 3.655317
0.168 3.655251
0.170 3.655183
0.172 3.655115
0.174 3.655045
0.176 3.654975
0.178 3.654905
0.180 3.654905
0.182 3.654761
0.184 3.654687
0.186 3.654613
0.188 3.654539
0.190 3.654463
0.192 3.654387
0.194 3.654309
0.196 3.654231
0.198 3.654153
0.200 3.654073
0.202 3.653993
0.204 3.653911
0.206 3.653829
0.208 3.653747
0.210 3.653663
0.212 3.653579
0.214 3.653493
0.216 3.653407
0.218 3.653321
0.220 3.653233
0.222 3.653145
0.224 3.653055
0.226 3.652965
0.228 3.652875
0.230 3.652783
0.232 3.652691
0.234 3.652597
0.236 3.652503
0.238 3.652409
0.240 3.652313
0.242 3.652217
0.244 3.652119
0.246 3.652021
0.248 3.651923
0.250 3.651823
0.252 3.651723
0.254 3.651621
0.256 3.651519
0.258 3.651417
0.260 3.651313
0.262 3.651209
0.264 3.651103
0.266 3.650997
0.268 3.650891
0.270 3.650783
0.272 3.650675
0.274 3.650565
0.276 3.650455
0.278 3.650345
0.280 3.650233
0.282 3.650121
0.284 3.650007
0.286 3.649893
0.288 3.649779
0.290 3.649663
0.292 3.649547
0.294 3.649429
0.296 3.649311
0.298 3.649193
0.300 3.649073
0.302 3.648953
0.304 3.648831
0.306 3.648709
0.308 3.648587
0.310 3.648463
0.312 3.648339
0.314 3.648213
0.316 3.648087
0.318 3.647961
0.320 3.647833
0.322 3.647705
0.324 3.647575
0.326 3.647445
0.328 3.647315
0.330 3.647183
0.332 3.647051
0.334 3.646917
0.336 3.646783
0.338 3.646649
0.340 3.646513
0.342 3.646377
0.344 3.646239
0.346 3.646101
0.348 3.646101
0.350 3.646101
0.352 3.645683
0.354 3.645541
0.356 3.645399
0.358 3.645257
0.360 3.645113
0.362 3.644969
0.364 3.644823
0.366 3.644677
0.368 3.644531
0.370 3.644383
0.372 3.644235
0.374 3.644085
0.376 3.643935
0.378 3.643785
0.380 3.643633
0.382 3.643481
0.384 3.643327
0.386 3.643173
0.388 3.643019
0.390 3.643019
0.392 3.642707
0.394 3.642549
0.396 3.642391
0.398 3.642233
0.400 3.642073
0.402 3.641913
0.404 3.641589
0.406 3.641589
0.408 3.641427
0.410 3.641263
0.412 3.641099
0.414 3.640933
0.416 3.640767
0.418 3.640601
0.420 3.640433
0.422 3.640265
0.424 3.640095
0.426 3.639925
0.428 3.639755
0.430 3.639583
0.432 3.639411
0.434 3.639237
0.436 3.638713
0.438 3.638359
0.440 3.638359
0.442 3.638359
0.444 3.638359
0.446 3.638181
0.448 3.638003
0.450 3.637823
0.452 3.637643
0.454 3.637461
0.456 3.637279
0.458 3.637097
0.460 3.636913
0.462 3.636729
0.464 3.636543
0.466 3.636357
0.468 3.636171
0.470 3.635983
0.472 3.635795
0.474 3.635605
0.476 3.635415
0.478 3.635225
0.480 3.635033
0.482 3.634841
0.484 3.634647
0.486 3.634453
0.488 3.634259
0.490 3.634063
0.492 3.633867
0.494 3.633669
0.496 3.633471
0.498 3.633273
0.500 3.633073
0.502 3.632873
0.504 3.632671
0.506 3.632469
0.508 3.632267
0.510 3.632063
0.512 3.631859
0.514 3.631653
0.516 3.631447
0.518 3.631241
0.520 3.631033
0.522 3.630825
0.524 3.630615
0.526 3.630405
0.528 3.630195
0.530 3.630195
0.532 3.629771
0.534 3.629557
0.536 3.629343
0.538 3.629129
0.540 3.628913
0.542 3.628697
0.544 3.628479
0.546 3.628261
0.548 3.628043
0.550 3.627823
0.552 3.627603
0.554 3.627381
0.556 3.627159
0.558 3.626937
0.560 3.626713
0.562 3.626713
0.564 3.626263
0.566 3.626037
0.568 3.625811
0.570 3.625583
0.572 3.625355
0.574 3.625125
0.576 3.624895
0.578 3.624665
0.580 3.624433
0.582 3.624201
0.584 3.623967
0.586 3.623733
0.588 3.623499
0.590 3.623499
0.592 3.623263
0.594 3.622789
0.596 3.622551
0.598 3.622313
0.600 3.622073
0.602 3.621833
0.604 3.621591
0.606 3.621349
0.608 3.621107
0.610 3.620863
0.612 3.620619
0.614 3.620373
0.616 3.620127
0.618 3.619881
0.620 3.619633
0.622 3.619385
0.624 3.619135
0.626 3.618885
0.628 3.618635
0.630 3.618383
0.632 3.618131
0.634 3.617877
0.636 3.617623
0.638 3.616599
0.640 3.616341
0.642 3.616341
0.644 3.616341
0.646 3.616341
0.648 3.616083
0.650 3.615823
0.652 3.615563
0.654 3.615301
0.656 3.615039
0.658 3.614777
0.660 3.614513
0.662 3.614249
0.664 3.613983
0.666 3.613717
0.668 3.613183
0.670 3.613183
0.672 3.612915
0.674 3.612645
0.676 3.612375
0.678 3.612105
0.680 3.611833
0.682 3.611561
0.684 3.611287
0.686 3.611013
0.688 3.610739
0.690 3.610463
0.692 3.610187
0.694 3.609909
0.696 3.609631
0.698 3.609353
0.700 3.609073
0.702 3.608793
0.704 3.608511
0.706 3.608229
0.708 3.607947
0.710 3.607663
0.712 3.607379
0.714 3.607093
0.716 3.606807
0.718 3.606521
0.720 3.606233
0.722 3.605945
0.724 3.605655
0.726 3.605365
0.728 3.605075
0.730 3.604783
0.732 3.604491
0.734 3.604197
0.736 3.603903
0.738 3.603609
0.740 3.603313
0.742 3.603017
0.744 3.602719
0.746 3.602421
0.748 3.602123
0.750 3.601823
0.752 3.601523
0.754 3.601221
0.756 3.600919
0.758 3.600617
0.760 3.600313
0.762 3.600009
0.764 3.599703
0.766 3.599397
0.768 3.599091
0.770 3.598783
0.772 3.598475
0.774 3.598165
0.776 3.597855
0.778 3.597545
0.780 3.597233
0.782 3.596921
0.784 3.596607
0.786 3.596293
0.788 3.595979
0.790 3.595663
0.792 3.595347
0.794 3.595029
0.796 3.594711
0.798 3.594393
0.800 3.594073
0.802 3.593753
0.804 3.593431
0.806 3.593109
0.808 3.592787
0.810 3.592463
0.812 3.592139
0.814 3.591813
0.816 3.591487
0.818 3.591161
0.820 3.590833
0.822 3.590505
0.824 3.590175
0.826 3.589845
0.828 3.589515
0.830 3.589183
0.832 3.588851
0.834 3.588517
0.836 3.588183
0.838 3.587849
0.840 3.587513
0.842 3.587177
0.844 3.586839
0.846 3.586501
0.848 3.586163
0.850 3.585823
0.852 3.585483
0.854 3.585141
0.856 3.584799
0.858 3.584457
0.860 3.584113
0.862 3.583769
0.864 3.583423
0.866 3.583077
0.868 3.583077
0.870 3.582383
0.872 3.582035
0.874 3.581685
0.876 3.581335
0.878 3.580985
0.880 3.580633
0.882 3.580281
0.884 3.579927
0.886 3.579573
0.888 3.579219
0.890 3.578863
0.892 3.578507
0.894 3.578149
0.896 3.577791
0.898 3.577433
0.900 3.577073
0.902 3.576713
0.904 3.576351
0.906 3.575989
0.908 3.575263
0.910 3.575263
0.912 3.574899
0.914 3.574533
0.916 3.574167
0.918 3.573801
0.920 3.573433
0.922 3.573065
0.924 3.572695
0.926 3.572325
0.928 3.571955
0.930 3.571583
0.932 3.571211
0.934 3.570837
0.936 3.570463
0.938 3.570089
0.940 3.569713
0.942 3.569337
0.944 3.568959
0.946 3.568581
0.948 3.567823
0.950 3.567823
0.952 3.567443
0.954 3.567061
0.956 3.566679
0.958 3.566297
0.960 3.565913
0.962 3.565529
0.964 3.565143
0.966 3.564757
0.968 3.564371
0.970 3.563983
0.972 3.563595
0.974 3.563205
0.976 3.562815
0.978 3.562425
0.980 3.562033
0.982 3.561641
0.984 3.561247
0.986 3.560853
0.988 3.560459
0.990 3.560063
0.992 3.559667
0.994 3.559269
0.996 3.558871
0.998 3.558473
1.000 3.558073
1.002 3.557673
1.004 3.557271
1.006 3.556869
1.008 3.556467
1.010 3.556063
1.012 3.555659
1.014 3.555253
1.016 3.554847
1.018 3.554441
1.020 3.554033
1.022 3.553625
1.024 3.553215
1.026 3.552805
1.028 3.552395
1.030 3.551983
1.032 3.551571
1.034 3.551157
1.036 3.550743
1.038 3.550329
1.040 3.549913
1.042 3.549497
1.044 3.549079
1.046 3.548661
1.048 3.548243
1.050 3.547823
1.052 3.547403
1.054 3.546981
1.056 3.546559
1.058 3.546137
1.060 3.545713
1.062 3.545289
1.064 3.544863
1.066 3.544437
1.068 3.544011
1.070 3.543583
1.072 3.543155
1.074 3.542725
1.076 3.542295
1.078 3.541865
1.080 3.541433
1.082 3.541001
1.084 3.540567
1.086 3.540133
1.088 3.539699
1.090 3.539263
1.092 3.538827
1.094 3.538389
1.096 3.537951
1.098 3.537513
1.100 3.537073
1.102 3.536633
1.104 3.536191
1.106 3.535749
1.108 3.534863
1.110 3.534863
1.112 3.534419
1.114 3.533973
1.116 3.533527
1.118 3.533081
1.120 3.532633
1.122 3.532185
1.124 3.531735
1.126 3.531285
1.128 3.530835
1.130 3.530383
1.132 3.529931
1.134 3.529477
1.136 3.529023
1.138 3.529023
1.140 3.528113
1.142 3.527657
1.144 3.527199
1.146 3.526741
1.148 3.526283
1.150 3.526283
1.152 3.525363
1.154 3.524901
1.156 3.524439
1.158 3.523977
1.160 3.523513
1.162 3.523049
1.164 3.522583
1.166 3.522117
1.168 3.521651
1.170 3.521183
1.172 3.520715
1.174 3.520245
1.176 3.519775
1.178 3.519305
1.180 3.518833
1.182 3.518361
1.184 3.517887
1.186 3.517413
1.188 3.516939
1.190 3.516463
1.192 3.515987
1.194 3.515509
1.196 3.515031
1.198 3.514553
1.200 3.514073
1.202 3.513593
1.204 3.513111
1.206 3.512629
1.208 3.512147
1.210 3.511663
1.212 3.511179
1.214 3.510693
1.216 3.510207
1.218 3.509721
1.220 3.509233
1.222 3.508745
1.224 3.508255
1.226 3.507765
1.228 3.507765
1.230 3.506783
1.232 3.506291
1.234 3.505797
1.236 3.505303
1.238 3.504809
1.240 3.504313
1.242 3.503817
1.244 3.503319
1.246 3.502821
1.248 3.502323
1.250 3.501823
1.252 3.501323
1.254 3.500821
1.256 3.500319
1.258 3.499817
1.260 3.499313
1.262 3.498809
1.264 3.498303
1.266 3.497797
1.268 3.497797
1.270 3.497291
1.272 3.496275
1.274 3.495765
1.276 3.495255
1.278 3.494745
1.280 3.494233
1.282 3.493721
1.284 3.493207
1.286 3.492693
1.288 3.492179
1.290 3.491663
1.292 3.491147
1.294 3.490629
1.296 3.490111
1.298 3.489593
1.300 3.489073
1.302 3.488553
1.304 3.488031
1.306 3.487509
1.308 3.486987
1.310 3.486463
1.312 3.485939
1.314 3.485413
1.316 3.484887
1.318 3.484361
1.320 3.483833
1.322 3.483305
1.324 3.482775
1.326 3.482245
1.328 3.481715
1.330 3.481183
1.332 3.480651
1.334 3.480117
1.336 3.479583
1.338 3.479049
1.340 3.478513
1.342 3.477977
1.344 3.477439
1.346 3.476901
1.348 3.476363
1.350 3.476363
1.352 3.475283
1.354 3.474741
1.356 3.474199
1.358 3.473657
1.360 3.473113
1.362 3.472569
1.364 3.472023
1.366 3.471477
1.368 3.470931
1.370 3.470383
1.372 3.469835
1.374 3.469285
1.376 3.468735
1.378 3.468185
1.380 3.467633
1.382 3.467081
1.384 3.466527
1.386 3.465973
1.388 3.465973
1.390 3.465973
1.392 3.465973
1.394 3.465973
1.396 3.465973
1.398 3.465419
1.400 3.464307
1.402 3.464307
1.404 3.462633
1.406 3.462073
1.408 3.461513
1.410 3.460951
1.412 3.460389
1.414 3.459827
1.416 3.459263
1.418 3.458699
1.420 3.458133
1.422 3.457567
1.424 3.457001
1.426 3.456433
1.428 3.455865
1.430 3.455295
1.432 3.454725
1.434 3.454155
1.436 3.453583
1.438 3.453011
1.440 3.453011
1.442 3.453011
1.444 3.451863
1.446 3.450713
1.448 3.450137
1.450 3.449559
1.452 3.448981
1.454 3.448403
1.456 3.447823
1.458 3.447244
1.460 3.446665
1.462 3.446086
1.464 3.445507
1.466 3.444928
1.468 3.444348
1.470 3.443769
1.472 3.443769
1.474 3.442611
1.476 3.442032
1.478 3.441453
1.480 3.441453
1.482 3.440294
1.484 3.439715
1.486 3.439136
1.488 3.438557
1.490 3.437978
1.492 3.437399
1.494 3.436819
1.496 3.436240
1.498 3.435661
1.500 3.435082
1.502 3.434503
1.504 3.433924
1.506 3.433345
1.508 3.432186
1.510 3.431607
1.512 3.431607
1.514 3.431028
1.516 3.430449
1.518 3.429870
1.520 3.429290
1.522 3.428711
1.524 3.428132
1.526 3.427553
1.528 3.426974
1.530 3.426395
1.532 3.425816
1.534 3.425236
1.536 3.424657
1.538 3.424657
1.540 3.423499
1.542 3.422920
1.544 3.422341
1.546 3.421762
1.548 3.421182
1.550 3.420603
1.552 3.420024
1.554 3.419445
1.556 3.418287
1.558 3.417707
1.560 3.417707
1.562 3.417128
1.564 3.416549
1.566 3.415970
1.568 3.415391
1.570 3.414812
1.572 3.414233
1.574 3.413653
1.576 3.413074
1.578 3.412495
1.580 3.411916
1.582 3.411337
1.584 3.410758
1.586 3.410178
1.588 3.409599
1.590 3.409020
1.592 3.409020
1.594 3.407862
1.596 3.407283
1.598 3.406704
1.600 3.406124
1.602 3.405545
1.604 3.404966
1.606 3.404387
1.608 3.403808
1.610 3.403229
1.612 3.402649
1.614 3.402070
1.616 3.401491
1.618 3.400912
1.620 3.400333
1.622 3.399754
1.624 3.399175
1.626 3.398595
1.628 3.398016
1.630 3.397437
1.632 3.396858
1.634 3.396279
1.636 3.395700
1.638 3.395120
1.640 3.395120
1.642 3.395120
1.644 3.395120
1.646 3.393962
1.648 3.392225
1.650 3.391646
1.652 3.391066
1.654 3.390487
1.656 3.389908
1.658 3.389329
1.660 3.388750
1.662 3.388171
1.664 3.387591
1.666 3.387012
1.668 3.386433
1.670 3.385854
1.672 3.385275
1.674 3.384696
1.676 3.384117
1.678 3.383537
1.680 3.382958
1.682 3.382379
1.684 3.381800
1.686 3.381221
1.688 3.380642
1.690 3.380063
1.692 3.379483
1.694 3.378904
1.696 3.378325
1.698 3.377746
1.700 3.377167
1.702 3.376588
1.704 3.376008
1.706 3.375429
1.708 3.374850
1.710 3.374271
1.712 3.373692
1.714 3.373113
1.716 3.372534
1.718 3.371954
1.720 3.371375
1.722 3.370796
1.724 3.370217
1.726 3.369638
1.728 3.369059
1.730 3.368479
1.732 3.367900
1.734 3.367321
1.736 3.366742
1.738 3.366163
1.740 3.365584
1.742 3.365005
1.744 3.364425
1.746 3.363846
1.748 3.363267
1.750 3.362688
1.752 3.362109
1.754 3.361530
1.756 3.360950
1.758 3.360371
1.760 3.359792
1.762 3.359213
1.764 3.358634
1.766 3.358055
1.768 3.357476
1.770 3.356896
1.772 3.356317
1.774 3.355738
1.776 3.355159
1.778 3.354580
1.780 3.354001
1.782 3.353421
1.784 3.352842
1.786 3.352263
1.788 3.351684
1.790 3.351105
1.792 3.350526
1.794 3.349947
1.796 3.349367
1.798 3.348788
1.800 3.348209
1.802 3.347630
1.804 3.347051
1.806 3.346472
1.808 3.345893
1.810 3.345313
1.812 3.344734
1.814 3.344155
1.816 3.343576
1.818 3.342997
1.820 3.342418
1.822 3.341838
1.824 3.341259
1.826 3.340680
1.828 3.338364
1.830 3.338364
1.832 3.338364
1.834 3.338364
1.836 3.337784
1.838 3.337205
1.840 3.336626
1.842 3.336047
1.844 3.335468
1.846 3.334889
1.848 3.334309
1.850 3.333730
1.852 3.333151
1.854 3.332572
1.856 3.331993
1.858 3.331414
1.860 3.330835
1.862 3.330255
1.864 3.329676
1.866 3.329097
1.868 3.328518
1.870 3.327939
1.872 3.327939
1.874 3.326780
1.876 3.326201
1.878 3.325622
1.880 3.325043
1.882 3.324464
1.884 3.323885
1.886 3.323306
1.888 3.322726
1.890 3.322147
1.892 3.321568
1.894 3.320989
1.896 3.320410
1.898 3.319831
1.900 3.319251
1.902 3.318672
1.904 3.318093
1.906 3.317514
1.908 3.316935
1.910 3.316356
1.912 3.315777
1.914 3.315197
1.916 3.314618
1.918 3.314039
1.920 3.313460
1.922 3.312881
1.924 3.312302
1.926 3.311723
1.928 3.311143
1.930 3.310564
1.932 3.309985
1.934 3.309406
1.936 3.308827
1.938 3.308248
1.940 3.307668
1.942 3.307089
1.944 3.306510
1.946 3.305931
1.948 3.305352
1.950 3.305352
1.952 3.305352
1.954 3.303614
1.956 3.303035
1.958 3.302456
1.960 3.301877
1.962 3.301298
1.964 3.300719
1.966 3.300139
1.968 3.299560
1.970 3.298981
1.972 3.298402
1.974 3.297823
1.976 3.297244
1.978 3.296665
1.980 3.296085
1.982 3.295506
1.984 3.294927
1.986 3.294348
1.988 3.293769
1.990 3.293190
1.992 3.292610
1.994 3.292031
1.996 3.291452
1.998 3.290873
2.000 3.290873
2.002 3.289715
2.004 3.289136
2.006 3.288556
2.008 3.287977
2.010 3.287398
2.012 3.286819
2.014 3.286240
2.016 3.285661
2.018 3.285081
2.020 3.284502
2.022 3.283923
2.024 3.283344
2.026 3.282765
2.028 3.282186
2.030 3.281607
2.032 3.281027
2.034 3.280448
2.036 3.279869
2.038 3.279290
2.040 3.278711
2.042 3.278132
2.044 3.277553
2.046 3.276973
2.048 3.276394
2.050 3.275815
2.052 3.275236
2.054 3.274657
2.056 3.274078
2.058 3.273498
2.060 3.272919
2.062 3.272340
2.064 3.271761
2.066 3.271182
2.068 3.270024
2.070 3.270024
2.072 3.269444
2.074 3.268865
2.076 3.268286
2.078 3.267707
2.080 3.267128
2.082 3.266549
2.084 3.265969
2.086 3.265390
2.088 3.264811
2.090 3.264232
2.092 3.263653
2.094 3.263074
2.096 3.262495
2.098 3.261915
2.100 3.261336
2.102 3.260757
2.104 3.260178
2.106 3.259599
2.108 3.259020
2.110 3.258440
2.112 3.257861
2.114 3.257282
2.116 3.256703
2.118 3.256124
2.120 3.255545
2.122 3.254386
2.124 3.254386
2.126 3.253807
2.128 3.253228
2.130 3.252649
2.132 3.252070
2.134 3.252070
2.136 3.250911
2.138 3.250332
2.140 3.249753
2.142 3.249174
2.144 3.248595
2.146 3.248016
2.148 3.247437
2.150 3.246857
2.152 3.246278
2.154 3.245699
2.156 3.245120
2.158 3.244541
2.160 3.243962
2.162 3.243383
2.164 3.242803
2.166 3.242803
2.168 3.241645
2.170 3.241066
2.172 3.240487
2.174 3.239908
2.176 3.239328
2.178 3.238749
2.180 3.238170
2.182 3.237591
2.184 3.237012
2.186 3.236433
2.188 3.235854
2.190 3.235274
2.192 3.234695
2.194 3.234116
2.196 3.233537
2.198 3.232958
2.200 3.232379
2.202 3.231799
2.204 3.231220
2.206 3.230641
2.208 3.230062
2.210 3.229483
2.212 3.228904
2.214 3.228325
2.216 3.227745
2.218 3.227166
2.220 3.226587
2.222 3.226008
2.224 3.225429
2.226 3.224850
2.228 3.224270
2.230 3.223691
2.232 3.223112
2.234 3.222533
2.236 3.221954
2.238 3.221375
2.240 3.220796
2.242 3.220216
2.244 3.219637
2.246 3.219058
2.248 3.218479
2.250 3.217900
2.252 3.217321
2.254 3.216741
2.256 3.216162
2.258 3.215583
2.260 3.215004
2.262 3.214425
2.264 3.213846
2.266 3.213267
2.268 3.212687
2.270 3.212108
2.272 3.211529
2.274 3.210950
2.276 3.210371
2.278 3.209792
2.280 3.209213
2.282 3.208633
2.284 3.208054
2.286 3.207475
2.288 3.206896
2.290 3.206317
2.292 3.205738
2.294 3.205158
2.296 3.204579
2.298 3.204000
2.300 3.203421
2.302 3.202842
2.304 3.202263
2.306 3.201684
2.308 3.201104
2.310 3.200525
2.312 3.200525
2.314 3.199367
2.316 3.198788
2.318 3.198209
2.320 3.197629
2.322 3.197050
2.324 3.196471
2.326 3.195892
2.328 3.195313
2.330 3.194734
2.332 3.194155
2.334 3.193575
2.336 3.192996
2.338 3.192417
2.340 3.191838
2.342 3.191259
2.344 3.190680
2.346 3.190100
2.348 3.189521
2.350 3.188942
2.352 3.188363
2.354 3.187784
2.356 3.187205
2.358 3.186626
2.360 3.186046
2.362 3.185467
2.364 3.184888
2.366 3.184309
2.368 3.183730
2.370 3.183151
2.372 3.182571
2.374 3.181992
2.376 3.181413
2.378 3.180834
2.380 3.180255
2.382 3.179676
2.384 3.179097
2.386 3.178517
2.388 3.178517
2.390 3.177359
2.392 3.176780
2.394 3.176201
2.396 3.175622
2.398 3.175043
2.400 3.174463
2.402 3.173884
2.404 3.173305
2.406 3.172726
2.408 3.172147
2.410 3.171568
2.412 3.170988
2.414 3.170409
2.416 3.169830
2.418 3.169251
2.420 3.168672
2.422 3.168093
2.424 3.167514
2.426 3.166934
2.428 3.166355
2.430 3.165776
2.432 3.165197
2.434 3.164618
2.436 3.164039
2.438 3.163459
2.440 3.162880
2.442 3.162301
2.444 3.161722
2.446 3.161143
2.448 3.160564
2.450 3.159985
2.452 3.159405
2.454 3.158826
2.456 3.158247
2.458 3.157668
2.460 3.157089
2.462 3.156510
2.464 3.155930
2.466 3.155351
2.468 3.154772
2.470 3.154193
2.472 3.153614
2.474 3.153035
2.476 3.152456
2.478 3.151876
2.480 3.151297
2.482 3.150718
2.484 3.150139
2.486 3.149560
2.488 3.148981
2.490 3.148401
2.492 3.147822
2.494 3.147243
2.496 3.146664
2.498 3.146085
2.500 3.145506
2.502 3.144927
2.504 3.144347
2.506 3.143768
2.508 3.143768
2.510 3.142610
2.512 3.142031
2.514 3.141452
2.516 3.140873
2.518 3.140293
2.520 3.139714
2.522 3.139135
2.524 3.138556
2.526 3.137977
2.528 3.137398
2.530 3.136818
2.532 3.136239
2.534 3.135660
2.536 3.135081
2.538 3.134502
2.540 3.133923
2.542 3.133344
2.544 3.132764
2.546 3.132185
2.548 3.131606
2.550 3.131027
2.552 3.130448
2.554 3.129869
2.556 3.129289
2.558 3.128710
2.560 3.128131
2.562 3.127552
2.564 3.126973
2.566 3.126394
2.568 3.125815
2.570 3.125235
2.572 3.124656
2.574 3.124077
2.576 3.123498
2.578 3.122919
2.580 3.122340
2.582 3.121760
2.584 3.121181
2.586 3.120602
2.588 3.120602
2.590 3.120602
2.592 3.120602
2.594 3.120023
2.596 3.119444
2.598 3.119444
2.600 3.117706
2.602 3.115969
2.604 3.115969
2.606 3.114811
2.608 3.114231
2.610 3.113652
2.612 3.113073
2.614 3.112494
2.616 3.111915
2.618 3.111336
2.620 3.110757
2.622 3.110757
2.624 3.109598
2.626 3.109019
2.628 3.108440
2.630 3.107861
2.632 3.107282
2.634 3.106703
2.636 3.106123
2.638 3.105544
2.640 3.104965
2.642 3.104386
2.644 3.103807
2.646 3.103807
2.648 3.102648
2.650 3.102069
2.652 3.101490
2.654 3.100911
2.656 3.100332
2.658 3.099753
2.660 3.099174
2.662 3.098594
2.664 3.098015
2.666 3.097436
2.668 3.097436
2.670 3.097436
2.672 3.096278
2.674 3.095119
2.676 3.095119
2.678 3.094540
2.680 3.093961
2.682 3.092803
2.684 3.092224
2.686 3.091645
2.688 3.091065
2.690 3.090486
2.692 3.089907
2.694 3.089328
2.696 3.088749
2.698 3.088170
2.700 3.087590
2.702 3.087011
2.704 3.086432
2.706 3.085853
2.708 3.085274
2.710 3.084695
2.712 3.084116
2.714 3.083536
2.716 3.082957
2.718 3.082378
2.720 3.081799
2.722 3.081220
2.724 3.080641
2.726 3.080061
2.728 3.079482
2.730 3.078903
2.732 3.078324
2.734 3.077745
2.736 3.077166
2.738 3.076587
2.740 3.076007
2.742 3.075428
2.744 3.074849
2.746 3.074270
2.748 3.073691
2.750 3.073112
2.752 3.072533
2.754 3.071953
2.756 3.071374
2.758 3.070795
2.760 3.070216
2.762 3.069637
2.764 3.069058
2.766 3.068478
2.768 3.067899
2.770 3.067320
2.772 3.066741
2.774 3.066162
2.776 3.065583
2.778 3.065004
2.780 3.064424
2.782 3.063845
2.784 3.063266
2.786 3.062687
2.788 3.062108
2.790 3.061529
2.792 3.060949
2.794 3.060370
2.796 3.059791
2.798 3.059212
2.800 3.058633
2.802 3.058054
2.804 3.057475
2.806 3.056895
2.808 3.056316
2.810 3.055737
2.812 3.055158
2.814 3.054579
2.816 3.054000
2.818 3.053420
2.820 3.052841
2.822 3.052262
2.824 3.051683
2.826 3.051104
2.828 3.050525
2.830 3.049946
2.832 3.049366
2.834 3.048787
2.836 3.048208
2.838 3.047629
2.840 3.047050
2.842 3.046471
2.844 3.045891
2.846 3.045312
2.848 3.044733
2.850 3.044154
2.852 3.043575
2.854 3.042996
2.856 3.042417
2.858 3.041837
2.860 3.041258
2.862 3.040679
2.864 3.040100
2.866 3.039521
2.868 3.038363
2.870 3.038363
2.872 3.037783
2.874 3.037204
2.876 3.036625
2.878 3.036046
2.880 3.035467
2.882 3.034888
2.884 3.034308
2.886 3.033729
2.888 3.033150
2.890 3.032571
2.892 3.031992
2.894 3.031413
2.896 3.030834
2.898 3.030254
2.900 3.029675
2.902 3.029096
2.904 3.028517
2.906 3.027938
2.908 3.027359
2.910 3.026779
2.912 3.026200
2.914 3.025621
2.916 3.025042
2.918 3.024463
2.920 3.023884
2.922 3.023305
2.924 3.022725
2.926 3.022146
2.928 3.021567
2.930 3.021567
2.932 3.020409
2.934 3.019830
2.936 3.019250
2.938 3.018671
2.940 3.018092
2.942 3.017513
2.944 3.016934
2.946 3.016355
2.948 3.015776
2.950 3.015196
2.952 3.014617
2.954 3.014038
2.956 3.012301
2.958 3.012301
2.960 3.012301
2.962 3.011721
2.964 3.011142
2.966 3.010563
2.968 3.009984
2.970 3.009405
2.972 3.008826
2.974 3.008247
2.976 3.007667
2.978 3.007088
2.980 3.006509
2.982 3.005930
2.984 3.005351
2.986 3.004772
2.988 3.004193
2.990 3.003613
2.992 3.003613
2.994 3.002455
2.996 3.001876
2.998 3.001297
3.000 3.000718
3.002 3.000138
3.004 2.999559
3.006 2.998980
3.008 2.998401
3.010 2.997822
3.012 2.997243
3.014 2.996664
3.016 2.996084
3.018 2.995505
3.020 2.994926
3.022 2.994347
3.024 2.993768
3.026 2.993189
3.028 2.992609
3.030 2.992030
3.032 2.991451
3.034 2.990872
3.036 2.990293
3.038 2.989714
3.040 2.989714
3.042 2.989714
3.044 2.989714
3.046 2.987397
3.048 2.986818
3.050 2.986239
3.052 2.985660
3.054 2.985080
3.056 2.984501
3.058 2.983922
3.060 2.983343
3.062 2.982764
3.064 2.982185
3.066 2.981606
3.068 2.981026
3.070 2.980447
3.072 2.979868
3.074 2.979289
3.076 2.978710
3.078 2.978131
3.080 2.977551
3.082 2.976972
3.084 2.976393
3.086 2.975814
3.088 2.975235
3.090 2.974656
3.092 2.974077
3.094 2.973497
3.096 2.972918
3.098 2.972339
3.100 2.971760
3.102 2.971181
3.104 2.970602
3.106 2.970022
3.108 2.969443
3.110 2.968864
3.112 2.968285
3.114 2.967706
3.116 2.967127
3.118 2.966548
3.120 2.965968
3.122 2.965389
3.124 2.964810
3.126 2.964231
3.128 2.963652
3.130 2.963073
3.132 2.962494
3.134 2.961914
3.136 2.961335
3.138 2.960756
3.140 2.960177
3.142 2.959598
3.144 2.959019
3.146 2.958439
3.148 2.957860
3.150 2.957281
3.152 2.956702
3.154 2.956123
3.156 2.955544
3.158 2.954965
3.160 2.954385
3.162 2.953806
3.164 2.953227
3.166 2.952648
3.168 2.952069
3.170 2.951490
3.172 2.950910
3.174 2.950331
3.176 2.949752
3.178 2.949173
3.180 2.948594
3.182 2.948015
3.184 2.947436
3.186 2.946856
3.188 2.946277
3.190 2.945698
3.192 2.945119
3.194 2.944540
3.196 2.943961
3.198 2.943381
3.200 2.942802
3.202 2.942223
3.204 2.941644
3.206 2.941065
3.208 2.940486
3.210 2.939907
3.212 2.939327
3.214 2.938748
3.216 2.938169
3.218 2.937590
3.220 2.936432
3.222 2.936432
3.224 2.935852
3.226 2.935273
3.228 2.934115
3.230 2.934115
3.232 2.933536
3.234 2.932957
3.236 2.932378
3.238 2.931798
3.240 2.931219
3.242 2.930640
3.244 2.930061
3.246 2.929482
3.248 2.928903
3.250 2.928324
3.252 2.927744
3.254 2.927165
3.256 2.926586
3.258 2.926007
3.260 2.925428
3.262 2.924849
3.264 2.924269
3.266 2.923690
3.268 2.923690
3.270 2.922532
3.272 2.921953
3.274 2.921374
3.276 2.920795
3.278 2.920215
3.280 2.919636
3.282 2.919057
3.284 2.918478
3.286 2.917899
3.288 2.917320
3.290 2.916740
3.292 2.916161
3.294 2.915582
3.296 2.915003
3.298 2.914424
3.300 2.913845
3.302 2.913266
3.304 2.912686
3.306 2.912107
3.308 2.912107
3.310 2.910949
3.312 2.910370
3.314 2.909791
3.316 2.909211
3.318 2.908632
3.320 2.908053
3.322 2.907474
3.324 2.906895
3.326 2.906316
3.328 2.905737
3.330 2.905157
3.332 2.904578
3.334 2.903999
3.336 2.903420
3.338 2.902841
3.340 2.902841
3.342 2.901682
3.344 2.901103
3.346 2.900524
3.348 2.900524
3.350 2.899366
3.352 2.898787
3.354 2.898208
3.356 2.897628
3.358 2.897049
3.360 2.896470
3.362 2.895891
3.364 2.895312
3.366 2.894733
3.368 2.894154
3.370 2.893574
3.372 2.892995
3.374 2.892416
3.376 2.891837
3.378 2.891258
3.380 2.890679
3.382 2.890099
3.384 2.889520
3.386 2.888941
3.388 2.888362
3.390 2.887783
3.392 2.887204
3.394 2.886625
3.396 2.886045
3.398 2.885466
3.400 2.885466
3.402 2.884308
3.404 2.883729
3.406 2.883150
3.408 2.882570
3.410 2.881991
3.412 2.881991
3.414 2.881412
3.416 2.880254
3.418 2.879675
3.420 2.879096
3.422 2.878516
3.424 2.877937
3.426 2.877358
3.428 2.876779
3.430 2.876200
3.432 2.875621
3.434 2.875041
3.436 2.874462
3.438 2.873883
3.440 2.873304
3.442 2.872725
3.444 2.872146
3.446 2.872146
3.448 2.870987
3.450 2.870987
3.452 2.869829
3.454 2.869250
3.456 2.868671
3.458 2.868092
3.460 2.867512
3.462 2.866933
3.464 2.866354
3.466 2.865775
3.468 2.865196
3.470 2.864617
3.472 2.864038
3.474 2.863458
3.476 2.862879
3.478 2.862300
3.480 2.861721
3.482 2.861142
3.484 2.860563
3.486 2.859984
3.488 2.859404
3.490 2.858825
3.492 2.858246
3.494 2.857667
3.496 2.857088
3.498 2.856509
3.500 2.855929
3.502 2.855350
3.504 2.854771
3.506 2.854192
3.508 2.853613
3.510 2.853034
3.512 2.852455
3.514 2.851875
3.516 2.851296
3.518 2.850717
3.520 2.850138
3.522 2.849559
3.524 2.848980
3.526 2.848400
3.528 2.847821
3.530 2.847242
3.532 2.846663
3.534 2.846084
3.536 2.845505
3.538 2.844926
3.540 2.844346
3.542 2.843767
3.544 2.843188
3.546 2.842609
3.548 2.842030
3.550 2.842030
3.552 2.840871
3.554 2.840292
3.556 2.839713
3.558 2.839134
3.560 2.838555
3.562 2.837976
3.564 2.837397
3.566 2.836817
3.568 2.836238
3.570 2.835659
3.572 2.835080
3.574 2.834501
3.576 2.833922
3.578 2.833342
3.580 2.832763
3.582 2.832184
3.584 2.831605
3.586 2.831026
3.588 2.830447
3.590 2.829868
3.592 2.829288
3.594 2.828709
3.596 2.828130
3.598 2.827551
3.600 2.826972
3.602 2.826393
3.604 2.825814
3.606 2.825234
3.608 2.824655
3.610 2.824076
3.612 2.823497
3.614 2.822918
3.616 2.822339
3.618 2.821759
3.620 2.821180
3.622 2.820601
3.624 2.820022
3.626 2.819443
3.628 2.818864
3.630 2.818285
3.632 2.817705
3.634 2.817126
3.636 2.816547
3.638 2.816547
3.640 2.815389
3.642 2.815389
3.644 2.814230
3.646 2.813651
3.648 2.813072
3.650 2.812493
3.652 2.811914
3.654 2.811335
3.656 2.810756
3.658 2.810176
3.660 2.809597
3.662 2.809018
3.664 2.808439
3.666 2.807860
3.668 2.807281
3.670 2.806701
3.672 2.806122
3.674 2.805543
3.676 2.804964
3.678 2.804385
3.680 2.803806
3.682 2.803227
3.684 2.802647
3.686 2.802068
3.688 2.801489
3.690 2.800910
3.692 2.800331
3.694 2.799752
3.696 2.799172
3.698 2.798593
3.700 2.798014
3.702 2.797435
3.704 2.796856
3.706 2.796277
3.708 2.795698
3.710 2.795118
3.712 2.794539
3.714 2.793960
3.716 2.793381
3.718 2.792802
3.720 2.792223
3.722 2.791644
3.724 2.791064
3.726 2.790485
3.728 2.789906
3.730 2.789327
3.732 2.788748
3.734 2.788169
3.736 2.787589
3.738 2.787010
3.740 2.786431
3.742 2.785852
3.744 2.785273
3.746 2.784694
3.748 2.783535
3.750 2.783535
3.752 2.782956
3.754 2.782377
3.756 2.781798
3.758 2.781219
3.760 2.780640
3.762 2.780060
3.764 2.780060
3.766 2.778902
3.768 2.778323
3.770 2.777744
3.772 2.777165
3.774 2.776586
3.776 2.776006
3.778 2.775427
3.780 2.774848
3.782 2.774269
3.784 2.773690
3.786 2.773111
3.788 2.772531
3.790 2.771952
3.792 2.771373
3.794 2.771373
3.796 2.770215
3.798 2.769636
3.800 2.769057
3.802 2.768477
3.804 2.767898
3.806 2.767319
3.808 2.766740
3.810 2.766161
3.812 2.765582
3.814 2.765002
3.816 2.764423
3.818 2.763844
3.820 2.763265
3.822 2.762686
3.824 2.762107
3.826 2.761528
3.828 2.760369
3.830 2.760369
3.832 2.759790
3.834 2.759211
3.836 2.758632
3.838 2.758053
3.840 2.757474
3.842 2.756894
3.844 2.756315
3.846 2.755736
3.848 2.755157
3.850 2.754578
3.852 2.753999
3.854 2.753419
3.856 2.752840
3.858 2.752261
3.860 2.751682
3.862 2.751682
3.864 2.750524
3.866 2.749945
3.868 2.749365
3.870 2.748786
3.872 2.748207
3.874 2.747628
3.876 2.747049
3.878 2.746470
3.880 2.745890
3.882 2.745311
3.884 2.744732
3.886 2.744153
3.888 2.743574
3.890 2.742995
3.892 2.742416
3.894 2.741836
3.896 2.741257
3.898 2.740678
3.900 2.740099
3.902 2.739520
3.904 2.738941
3.906 2.738361
3.908 2.737782
3.910 2.737203
3.912 2.736624
3.914 2.736045
3.916 2.735466
3.918 2.734887
3.920 2.734307
3.922 2.733728
3.924 2.733149
3.926 2.733149
3.928 2.731991
3.930 2.731412
3.932 2.730832
3.934 2.730253
3.936 2.729674
3.938 2.729095
3.940 2.728516
3.942 2.727937
3.944 2.727358
3.946 2.726778
3.948 2.726199
3.950 2.725620
3.952 2.725041
3.954 2.724462
3.956 2.724462
3.958 2.723304
3.960 2.722724
3.962 2.722145
3.964 2.721566
3.966 2.720987
3.968 2.720408
3.970 2.719829
3.972 2.719249
3.974 2.718670
3.976 2.718091
3.978 2.717512
3.980 2.716933
3.982 2.716354
3.984 2.715775
3.986 2.715195
3.988 2.715195
3.990 2.715195
3.992 2.715195
3.994 2.714037
3.996 2.712300
3.998 2.711720
4.000 2.711141
4.002 2.710562
4.004 2.709983
4.006 2.709404
4.008 2.708825
4.010 2.708246
4.012 2.707666
4.014 2.707087
4.016 2.706508
4.018 2.705929
4.020 2.705350
4.022 2.704771
4.024 2.704191
4.026 2.703612
4.028 2.703033
4.030 2.702454
4.032 2.701875
4.034 2.701296
4.036 2.700717
4.038 2.700137
4.040 2.699558
4.042 2.698979
4.044 2.698400
4.046 2.697821
4.048 2.697242
4.050 2.696662
4.052 2.696083
4.054 2.695504
4.056 2.694925
4.058 2.694346
4.060 2.693767
4.062 2.693188
4.064 2.692608
4.066 2.692029
4.068 2.691450
4.070 2.690871
4.072 2.690292
4.074 2.689713
4.076 2.689134
4.078 2.688554
4.080 2.687975
4.082 2.687396
4.084 2.686817
4.086 2.686238
4.088 2.685659
4.090 2.685079
4.092 2.684500
4.094 2.683921
4.096 2.683342
4.098 2.682763
4.100 2.682184
4.102 2.681605
4.104 2.681025
4.106 2.680446
4.108 2.679867
4.110 2.679288
4.112 2.678709
4.114 2.678130
4.116 2.677550
4.118 2.676971
4.120 2.676392
4.122 2.675813
4.124 2.675234
4.126 2.674655
4.128 2.674076
4.130 2.673496
4.132 2.672917
4.134 2.672338
4.136 2.671759
4.138 2.671180
4.140 2.670601
4.142 2.670021
4.144 2.669442
4.146 2.668863
4.148 2.668284
4.150 2.667705
4.152 2.667126
4.154 2.666547
4.156 2.665967
4.158 2.665388
4.160 2.664809
4.162 2.664230
4.164 2.663651
4.166 2.663072
4.168 2.662492
4.170 2.661913
4.172 2.661334
4.174 2.660755
4.176 2.660176
4.178 2.659597
4.180 2.659018
4.182 2.658438
4.184 2.657859
4.186 2.657280
4.188 2.656701
4.190 2.656122
4.192 2.655543
4.194 2.654964
4.196 2.654384
4.198 2.653805
4.200 2.653226
4.202 2.652647
4.204 2.652068
4.206 2.651489
4.208 2.650909
4.210 2.650330
4.212 2.649751
4.214 2.649172
4.216 2.648593
4.218 2.648014
4.220 2.647435
4.222 2.646855
4.224 2.646276
4.226 2.645697
4.228 2.645118
4.230 2.644539
4.232 2.643960
4.234 2.643380
4.236 2.642801
4.238 2.642222
4.240 2.641643
4.242 2.641064
4.244 2.640485
4.246 2.639906
4.248 2.639326
4.250 2.638747
4.252 2.638168
4.254 2.637589
4.256 2.637010
4.258 2.636431
4.260 2.635851
4.262 2.635272
4.264 2.634693
4.266 2.634114
4.268 2.633535
4.270 2.632956
4.272 2.632377
4.274 2.631797
4.276 2.631797
4.278 2.630639
4.280 2.630060
4.282 2.629481
4.284 2.628902
4.286 2.628322
4.288 2.627743
4.290 2.627164
4.292 2.626585
4.294 2.626006
4.296 2.625427
4.298 2.624848
4.300 2.624268
4.302 2.623689
4.304 2.623110
4.306 2.622531
4.308 2.621952
4.310 2.621373
4.312 2.620794
4.314 2.620214
4.316 2.619635
4.318 2.619056
4.320 2.618477
4.322 2.617898
4.324 2.617319
4.326 2.616739
4.328 2.616160
4.330 2.615581
4.332 2.615002
4.334 2.614423
4.336 2.613844
4.338 2.613265
4.340 2.612685
4.342 2.612106
4.344 2.611527
4.346 2.610948
4.348 2.610369
4.350 2.610369
4.352 2.610369
4.354 2.608631
4.356 2.608052
4.358 2.607473
4.360 2.606894
4.362 2.606315
4.364 2.605736
4.366 2.605156
4.368 2.604577
4.370 2.603998
4.372 2.603419
4.374 2.602840
4.376 2.602261
4.378 2.601681
4.380 2.601102
4.382 2.600523
4.384 2.599944
4.386 2.599365
4.388 2.598786
4.390 2.598207
4.392 2.597627
4.394 2.597048
4.396 2.596469
4.398 2.595890
4.400 2.595311
4.402 2.594732
4.404 2.594152
4.406 2.593573
4.408 2.592994
4.410 2.592415
4.412 2.591836
4.414 2.591257
4.416 2.590678
4.418 2.590098
4.420 2.589519
4.422 2.588940
4.424 2.588361
4.426 2.587782
4.428 2.587203
4.430 2.586624
4.432 2.586044
4.434 2.585465
4.436 2.584886
4.438 2.584307
4.440 2.583728
4.442 2.583149
4.444 2.582569
4.446 2.581990
4.448 2.581411
4.450 2.581411
4.452 2.580253
4.454 2.579674
4.456 2.579095
4.458 2.578515
4.460 2.577936
4.462 2.577357
4.464 2.576778
4.466 2.576199
4.468 2.576199
4.470 2.576199
4.472 2.576199
4.474 2.573882
4.476 2.573303
4.478 2.573303
4.480 2.572724
4.482 2.571566
4.484 2.570986
4.486 2.570407
4.488 2.569828
4.490 2.569249
4.492 2.568670
4.494 2.568091
4.496 2.567511
4.498 2.566932
4.500 2.566353
4.502 2.565774
4.504 2.565195
4.506 2.564616
4.508 2.564037
4.510 2.563457
4.512 2.562878
4.514 2.562299
4.516 2.561720
4.518 2.561141
4.520 2.560562
4.522 2.559982
4.524 2.559403
4.526 2.558824
4.528 2.558245
4.530 2.557666
4.532 2.556508
4.534 2.556508
4.536 2.555928
4.538 2.555349
4.540 2.554770
4.542 2.554191
4.544 2.553612
4.546 2.553033
4.548 2.552453
4.550 2.551874
4.552 2.551295
4.554 2.550716
4.556 2.550137
4.558 2.549558
4.560 2.548979
4.562 2.548399
4.564 2.547820
4.566 2.547241
4.568 2.546662
4.570 2.546083
4.572 2.545504
4.574 2.544925
4.576 2.544345
4.578 2.543766
4.580 2.542029
4.582 2.542029
4.584 2.542029
4.586 2.541450
4.588 2.539712
4.590 2.538554
4.592 2.538554
4.594 2.538554
4.596 2.538554
4.598 2.537975
4.600 2.537396
4.602 2.536816
4.604 2.536237
4.606 2.535658
4.608 2.535079
4.610 2.534500
4.612 2.533921
4.614 2.533341
4.616 2.532762
4.618 2.532183
4.620 2.531604
4.622 2.531025
4.624 2.530446
4.626 2.529867
4.628 2.529287
4.630 2.529287
4.632 2.529287
4.634 2.527550
4.636 2.526971
4.638 2.526392
4.640 2.525812
4.642 2.525233
4.644 2.524654
4.646 2.524075
4.648 2.523496
4.650 2.522917
4.652 2.522338
4.654 2.521758
4.656 2.521179
4.658 2.520600
4.660 2.520021
4.662 2.519442
4.664 2.518863
4.666 2.518283
4.668 2.517704
4.670 2.517125
4.672 2.517125
4.674 2.515967
4.676 2.515388
4.678 2.515388
4.680 2.514229
4.682 2.513650
4.684 2.513071
4.686 2.512492
4.688 2.511913
4.690 2.511334
4.692 2.510755
4.694 2.510175
4.696 2.509596
4.698 2.509017
4.700 2.508438
4.702 2.507859
4.704 2.507280
4.706 2.506700
4.708 2.506121
4.710 2.505542
4.712 2.504963
4.714 2.504384
4.716 2.503805
4.718 2.503226
4.720 2.502646
4.722 2.502067
4.724 2.501488
4.726 2.500909
4.728 2.500330
4.730 2.499751
4.732 2.499171
4.734 2.498592
4.736 2.498013
4.738 2.497434
4.740 2.496855
4.742 2.496276
4.744 2.495697
4.746 2.495117
4.748 2.494538
4.750 2.493959
4.752 2.493380
4.754 2.492801
4.756 2.492222
4.758 2.491642
4.760 2.491063
4.762 2.490484
4.764 2.489905
4.766 2.489326
4.768 2.488747
4.770 2.488168
4.772 2.487588
4.774 2.487009
4.776 2.486430
4.778 2.485851
4.780 2.485272
4.782 2.484693
4.784 2.484113
4.786 2.483534
4.788 2.482955
4.790 2.482376
4.792 2.481797
4.794 2.481218
4.796 2.480639
4.798 2.480059
4.800 2.479480
4.802 2.478901
4.804 2.478322
4.806 2.477743
4.808 2.477164
4.810 2.476585
4.812 2.476005
4.814 2.475426
4.816 2.474847
4.818 2.474268
4.820 2.473689
4.822 2.473110
4.824 2.472530
4.826 2.471951
4.828 2.471372
4.830 2.470793
4.832 2.470214
4.834 2.469635
4.836 2.469056
4.838 2.468476
4.840 2.467897
4.842 2.467318
4.844 2.466739
4.846 2.466160
4.848 2.465581
4.850 2.465001
4.852 2.464422
4.854 2.463843
4.856 2.463264
4.858 2.462685
4.860 2.462106
4.862 2.461527
4.864 2.460947
4.866 2.460368
4.868 2.459789
4.870 2.459210
4.872 2.458631
4.874 2.458052
4.876 2.457472
4.878 2.456893
4.880 2.456314
4.882 2.455735
4.884 2.455156
4.886 2.454577
4.888 2.453998
4.890 2.453418
4.892 2.452839
4.894 2.452260
4.896 2.451681
4.898 2.451102
4.900 2.450523
4.902 2.449943
4.904 2.449364
4.906 2.448785
4.908 2.448206
4.910 2.448206
4.912 2.447048
4.914 2.446469
4.916 2.445889
4.918 2.445310
4.920 2.444731
4.922 2.444152
4.924 2.443573
4.926 2.442994
4.928 2.442415
4.930 2.441835
4.932 2.441256
4.934 2.440677
4.936 2.440098
4.938 2.439519
4.940 2.438940
4.942 2.438360
4.944 2.437781
4.946 2.437202
4.948 2.436623
4.950 2.436623
4.952 2.435465
4.954 2.434886
4.956 2.434306
4.958 2.433727
4.960 2.433148
4.962 2.432569
4.964 2.431990
4.966 2.431411
4.968 2.430831
4.970 2.430252
4.972 2.429673
4.974 2.429094
4.976 2.428515
4.978 2.427936
4.980 2.427357
4.982 2.426777
4.984 2.426198
4.986 2.425619
4.988 2.425619
4.990 2.424461
4.992 2.423882
4.994 2.423302
4.996 2.422723
4.998 2.422144
5.000 2.421565
5.002 2.420986
5.004 2.420407
5.006 2.419828
5.008 2.419248
5.010 2.418669
5.012 2.418090
5.014 2.417511
5.016 2.416932
5.018 2.416353
5.020 2.415773
5.022 2.415194
5.024 2.414615
5.026 2.414036
5.028 2.413457
5.030 2.412878
5.032 2.412299
5.034 2.411719
5.036 2.411140
5.038 2.410561
5.040 2.409982
5.042 2.409403
5.044 2.408824
5.046 2.408245
5.048 2.407665
5.050 2.407086
5.052 2.406507
5.054 2.405928
5.056 2.405349
5.058 2.404770
5.060 2.404190
5.062 2.403611
5.064 2.403032
5.066 2.402453
5.068 2.401874
5.070 2.401295
5.072 2.400716
5.074 2.400136
5.076 2.400136
5.078 2.398978
5.080 2.398399
5.082 2.397820
5.084 2.397241
5.086 2.396661
5.088 2.396082
5.090 2.395503
5.092 2.394924
5.094 2.394345
5.096 2.393766
5.098 2.393187
5.100 2.392607
5.102 2.392028
5.104 2.391449
5.106 2.390870
5.108 2.390291
5.110 2.389712
5.112 2.389132
5.114 2.388553
5.116 2.387974
5.118 2.387395
5.120 2.386816
5.122 2.386237
5.124 2.385658
5.126 2.385078
5.128 2.384499
5.130 2.383920
5.132 2.383341
5.134 2.382762
5.136 2.382183
5.138 2.381603
5.140 2.381024
5.142 2.380445
5.144 2.379866
5.146 2.379287
5.148 2.378708
5.150 2.378129
5.152 2.377549
5.154 2.376970
5.156 2.376391
5.158 2.375812
5.160 2.375233
5.162 2.374654
5.164 2.374075
5.166 2.373495
5.168 2.372916
5.170 2.372337
5.172 2.371758
5.174 2.371179
5.176 2.370600
5.178 2.370020
5.180 2.369441
5.182 2.368862
5.184 2.368283
5.186 2.367704
5.188 2.367125
5.190 2.366546
5.192 2.365966
5.194 2.365387
5.196 2.364808
5.198 2.364229
5.200 2.363650
5.202 2.363071
5.204 2.362491
5.206 2.361912
5.208 2.361333
5.210 2.360754
5.212 2.360175
5.214 2.359596
5.216 2.359017
5.218 2.358437
5.220 2.357858
5.222 2.357279
5.224 2.356700
5.226 2.356121
5.228 2.355542
5.230 2.354962
5.232 2.354383
5.234 2.353804
5.236 2.353225
5.238 2.352646
5.240 2.352067
5.242 2.351488
5.244 2.350908
5.246 2.350329
5.248 2.349750
5.250 2.349171
5.252 2.348592
5.254 2.348013
5.256 2.347433
5.258 2.346854
5.260 2.346275
5.262 2.345696
5.264 2.345117
5.266 2.344538
5.268 2.344538
5.270 2.344538
5.272 2.344538
5.274 2.342221
5.276 2.341642
5.278 2.341063
5.280 2.340484
5.282 2.339905
5.284 2.339325
5.286 2.338746
5.288 2.338167
5.290 2.337588
5.292 2.337009
5.294 2.336430
5.296 2.335850
5.298 2.335271
5.300 2.335271
5.302 2.334113
5.304 2.333534
5.306 2.332955
5.308 2.332376
5.310 2.331796
5.312 2.331796
5.314 2.330638
5.316 2.330059
5.318 2.329480
5.320 2.328901
5.322 2.328321
5.324 2.327742
5.326 2.327163
5.328 2.326584
5.330 2.326005
5.332 2.325426
5.334 2.324847
5.336 2.324267
5.338 2.323688
5.340 2.323109
5.342 2.322530
5.344 2.321951
5.346 2.321372
5.348 2.320792
5.350 2.320213
5.352 2.319634
5.354 2.319055
5.356 2.318476
5.358 2.317897
5.360 2.317318
5.362 2.316738
5.364 2.315580
5.366 2.315580
5.368 2.315001
5.370 2.314422
5.372 2.313843
5.374 2.313263
5.376 2.312684
5.378 2.312684
5.380 2.311526
5.382 2.310947
5.384 2.310368
5.386 2.309789
5.388 2.308051
5.390 2.308051
5.392 2.308051
5.394 2.307472
5.396 2.306893
5.398 2.306893
5.400 2.305735
5.402 2.305155
5.404 2.304576
5.406 2.303997
5.408 2.303418
5.410 2.302839
5.412 2.302260
5.414 2.301680
5.416 2.301101
5.418 2.300522
5.420 2.299943
5.422 2.299364
5.424 2.298785
5.426 2.298206
5.428 2.297626
5.430 2.297626
5.432 2.296468
5.434 2.295889
5.436 2.295310
5.438 2.294731
5.440 2.294151
5.442 2.293572
5.444 2.292993
5.446 2.292414
5.448 2.291835
5.450 2.291256
5.452 2.290677
5.454 2.290097
5.456 2.289518
5.458 2.288939
5.460 2.288939
5.462 2.287781
5.464 2.287202
5.466 2.286622
5.468 2.286043
5.470 2.285464
5.472 2.284885
5.474 2.284306
5.476 2.283727
5.478 2.283148
5.480 2.282568
5.482 2.281989
5.484 2.281410
5.486 2.280831
5.488 2.280252
5.490 2.279673
5.492 2.279093
5.494 2.278514
5.496 2.277935
5.498 2.277356
5.500 2.276777
5.502 2.276198
5.504 2.275619
5.506 2.275039
5.508 2.275039
5.510 2.274460
5.512 2.273881
5.514 2.273302
5.516 2.273302
5.518 2.271565
5.520 2.270985
5.522 2.270406
5.524 2.269827
5.526 2.269248
5.528 2.268669
5.530 2.268090
5.532 2.267510
5.534 2.266931
5.536 2.266352
5.538 2.265773
5.540 2.265194
5.542 2.264615
5.544 2.264036
5.546 2.263456
5.548 2.263456
5.550 2.262298
5.552 2.261719
5.554 2.261140
5.556 2.259981
5.558 2.259981
5.560 2.259402
5.562 2.258823
5.564 2.258244
5.566 2.257665
5.568 2.257086
5.570 2.256507
5.572 2.255927
5.574 2.255348
5.576 2.254769
5.578 2.254190
5.580 2.253611
5.582 2.253032
5.584 2.252452
5.586 2.251873
5.588 2.251294
5.590 2.251294
5.592 2.250136
5.594 2.249557
5.596 2.248978
5.598 2.248398
5.600 2.247819
5.602 2.247240
5.604 2.246661
5.606 2.246082
5.608 2.245503
5.610 2.244923
5.612 2.244344
5.614 2.243765
5.616 2.243186
5.618 2.242607
5.620 2.242028
5.622 2.241449
5.624 2.240869
5.626 2.240290
5.628 2.239711
5.630 2.239132
5.632 2.238553
5.634 2.237974
5.636 2.237395
5.638 2.236815
5.640 2.236236
5.642 2.235657
5.644 2.235078
5.646 2.234499
5.648 2.233920
5.650 2.232761
5.652 2.232761
5.654 2.232182
5.656 2.231603
5.658 2.231024
5.660 2.230445
5.662 2.229866
5.664 2.229286
5.666 2.228707
5.668 2.228128
5.670 2.227549
5.672 2.226970
5.674 2.226391
5.676 2.225811
5.678 2.225232
5.680 2.224653
5.682 2.224074
5.684 2.223495
5.686 2.222916
5.688 2.222337
5.690 2.221757
5.692 2.221178
5.694 2.220599
5.696 2.220020
5.698 2.219441
5.700 2.218862
5.702 2.218282
5.704 2.217703
5.706 2.217124
5.708 2.216545
5.710 2.215966
5.712 2.215966
5.714 2.214808
5.716 2.214228
5.718 2.213649
5.720 2.213070
5.722 2.212491
5.724 2.211912
5.726 2.211333
5.728 2.210753
5.730 2.210174
5.732 2.209595
5.734 2.209016
5.736 2.208437
5.738 2.207858
5.740 2.207279
5.742 2.206699
5.744 2.206120
5.746 2.205541
5.748 2.205541
5.750 2.205541
5.752 2.203804
5.754 2.203225
5.756 2.202645
5.758 2.202066
5.760 2.201487
5.762 2.200908
5.764 2.200329
5.766 2.199750
5.768 2.199170
5.770 2.198591
5.772 2.198012
5.774 2.197433
5.776 2.196854
5.778 2.196275
5.780 2.195696
5.782 2.195116
5.784 2.194537
5.786 2.193958
5.788 2.192221
5.790 2.191641
5.792 2.191062
5.794 2.191062
5.796 2.191062
5.798 2.190483
5.800 2.189904
5.802 2.189325
5.804 2.188746
5.806 2.188167
5.808 2.187587
5.810 2.187008
5.812 2.186429
5.814 2.185850
5.816 2.185271
5.818 2.184692
5.820 2.184112
5.822 2.183533
5.824 2.182954
5.826 2.182375
5.828 2.181796
5.830 2.181217
5.832 2.181217
5.834 2.180058
5.836 2.179479
5.838 2.178900
5.840 2.178900
5.842 2.177742
5.844 2.177163
5.846 2.176583
5.848 2.176004
5.850 2.175425
5.852 2.174846
5.854 2.174267
5.856 2.173688
5.858 2.173109
5.860 2.172529
5.862 2.171950
5.864 2.171371
5.866 2.170792
5.868 2.170213
5.870 2.169634
5.872 2.169055
5.874 2.168475
5.876 2.168475
5.878 2.167896
5.880 2.166738
5.882 2.166159
5.884 2.165580
5.886 2.165000
5.888 2.164421
5.890 2.163842
5.892 2.163263
5.894 2.162684
5.896 2.162105
5.898 2.161526
5.900 2.160946
5.902 2.160367
5.904 2.159788
5.906 2.159209
5.908 2.158630
5.910 2.158051
5.912 2.158051
5.914 2.156892
5.916 2.156313
5.918 2.155734
5.920 2.155155
5.922 2.154576
5.924 2.153997
5.926 2.153417
5.928 2.152838
5.930 2.152259
5.932 2.151680
5.934 2.151101
5.936 2.150522
5.938 2.149942
5.940 2.149363
5.942 2.148784
5.944 2.148205
5.946 2.147626
5.948 2.147047
5.950 2.146468
5.952 2.145888
5.954 2.145309
5.956 2.144730
5.958 2.144151
5.960 2.143572
5.962 2.143572
5.964 2.142413
5.966 2.141834
5.968 2.141255
5.970 2.140676
5.972 2.140676
5.974 2.139518
5.976 2.138939
5.978 2.138359
5.980 2.137780
5.982 2.137201
5.984 2.136622
5.986 2.136043
5.988 2.135464
5.990 2.134884
5.992 2.134305
5.994 2.133726
5.996 2.133147
5.998 2.132568
6.000 2.131989
6.002 2.131410
6.004 2.130830
6.006 2.130251
6.008 2.129672
6.010 2.129093
6.012 2.128514
6.014 2.127935
6.016 2.127356
6.018 2.126776
6.020 2.126197
6.022 2.125618
6.024 2.125039
6.026 2.124460
6.028 2.124460
6.030 2.121564
6.032 2.121564
6.034 2.121564
6.036 2.121564
6.038 2.120985
6.040 2.120406
6.042 2.119827
6.044 2.119247
6.046 2.118668
6.048 2.118089
6.050 2.117510
6.052 2.116931
6.054 2.116352
6.056 2.115772
6.058 2.115193
6.060 2.114614
6.062 2.114035
6.064 2.113456
6.066 2.112877
6.068 2.112298
6.070 2.111718
6.072 2.111139
6.074 2.110560
6.076 2.109981
6.078 2.109402
6.080 2.108823
6.082 2.108243
6.084 2.107664
6.086 2.107085
6.088 2.106506
6.090 2.105927
6.092 2.105348
6.094 2.104769
6.096 2.104189
6.098 2.103610
6.100 2.103610
6.102 2.103031
6.104 2.101873
6.106 2.101294
6.108 2.100714
6.110 2.100135
6.112 2.099556
6.114 2.098977
6.116 2.098398
6.118 2.097819
6.120 2.097240
6.122 2.096660
6.124 2.096081
6.126 2.095502
6.128 2.094923
6.130 2.094344
6.132 2.093765
6.134 2.093186
6.136 2.092606
6.138 2.092027
6.140 2.091448
6.142 2.090869
6.144 2.090290
6.146 2.089711
6.148 2.089131
6.150 2.088552
6.152 2.087973
6.154 2.087394
6.156 2.086815
6.158 2.086236
6.160 2.085657
6.162 2.085077
6.164 2.084498
6.166 2.083919
6.168 2.083340
6.170 2.082761
6.172 2.082182
6.174 2.081602
6.176 2.081023
6.178 2.080444
6.180 2.079865
6.182 2.079286
6.184 2.078707
6.186 2.078128
6.188 2.077548
6.190 2.076969
6.192 2.076390
6.194 2.075811
6.196 2.075232
6.198 2.074653
6.200 2.074073
6.202 2.073494
6.204 2.072915
6.206 2.072336
6.208 2.071757
6.210 2.071178
6.212 2.070599
6.214 2.070019
6.216 2.069440
6.218 2.068861
6.220 2.068282
6.222 2.067703
6.224 2.067124
6.226 2.066544
6.228 2.065965
6.230 2.065965
6.232 2.065386
6.234 2.064228
6.236 2.063649
6.238 2.063070
6.240 2.060753
6.242 2.060174
6.244 2.060174
6.246 2.060174
6.248 2.060174
6.250 2.059595
6.252 2.059016
6.254 2.058436
6.256 2.057857
6.258 2.057278
6.260 2.056699
6.262 2.056120
6.264 2.055541
6.266 2.054961
6.268 2.054382
6.270 2.053803
6.272 2.053224
6.274 2.052066
6.276 2.051487
6.278 2.050907
6.280 2.050907
6.282 2.050328
6.284 2.049749
6.286 2.049170
6.288 2.048591
6.290 2.048012
6.292 2.047432
6.294 2.046853
6.296 2.046274
6.298 2.045695
6.300 2.045695
6.302 2.044537
6.304 2.043958
6.306 2.043378
6.308 2.042799
6.310 2.042220
6.312 2.041641
6.314 2.041062
6.316 2.040483
6.318 2.039903
6.320 2.039324
6.322 2.038745
6.324 2.038166
6.326 2.037587
6.328 2.037008
6.330 2.037008
6.332 2.035849
6.334 2.035270
6.336 2.034691
6.338 2.034112
6.340 2.033533
6.342 2.032954
6.344 2.032374
6.346 2.031795
6.348 2.031216
6.350 2.030637
6.352 2.030058
6.354 2.029479
6.356 2.028900
6.358 2.028320
6.360 2.027741
6.362 2.027741
6.364 2.026583
6.366 2.026004
6.368 2.025425
6.370 2.024846
6.372 2.024266
6.374 2.023687
6.376 2.023108
6.378 2.022529
6.380 2.021950
6.382 2.021371
6.384 2.020791
6.386 2.020212
6.388 2.019633
6.390 2.019633
6.392 2.018475
6.394 2.017896
6.396 2.017317
6.398 2.016737
6.400 2.016737
6.402 2.015579
6.404 2.015000
6.406 2.014421
6.408 2.013842
6.410 2.013262
6.412 2.012683
6.414 2.012104
6.416 2.011525
6.418 2.010946
6.420 2.010367
6.422 2.009788
6.424 2.009208
6.426 2.008629
6.428 2.008050
6.430 2.007471
6.432 2.006892
6.434 2.006313
6.436 2.005733
6.438 2.005154
6.440 2.004575
6.442 2.003996
6.444 2.003417
6.446 2.002838
6.448 2.002259
6.450 2.001679
6.452 2.001100
6.454 2.000521
6.456 1.999942
6.458 1.999363
6.460 1.998784
6.462 1.998204
6.464 1.997625
6.466 1.997046
6.468 1.996467
6.470 1.996467
6.472 1.995309
6.474 1.994730
6.476 1.994150
6.478 1.993571
6.480 1.992992
6.482 1.992992
6.484 1.991834
6.486 1.991255
6.488 1.990676
6.490 1.990096
6.492 1.989517
6.494 1.988938
6.496 1.988359
6.498 1.987780
6.500 1.987201
6.502 1.986621
6.504 1.986042
6.506 1.985463
6.508 1.984884
6.510 1.984305
6.512 1.983726
6.514 1.983147
6.516 1.982567
6.518 1.981988
6.520 1.981409
6.522 1.980830
6.524 1.980251
6.526 1.979672
6.528 1.979092
6.530 1.978513
6.532 1.977934
6.534 1.977355
6.536 1.976776
6.538 1.976197
6.540 1.975618
6.542 1.975038
6.544 1.974459
6.546 1.973880
6.548 1.973301
6.550 1.972722
6.552 1.972143
6.554 1.971563
6.556 1.970405
6.558 1.970405
6.560 1.969826
6.562 1.969247
6.564 1.968668
6.566 1.968089
6.568 1.967509
6.570 1.966930
6.572 1.966351
6.574 1.965772
6.576 1.965193
6.578 1.964614
6.580 1.964034
6.582 1.963455
6.584 1.962876
6.586 1.962297
6.588 1.962297
6.590 1.961139
6.592 1.960560
6.594 1.959980
6.596 1.959401
6.598 1.958822
6.600 1.958243
6.602 1.957664
6.604 1.957085
6.606 1.956506
6.608 1.955926
6.610 1.955347
6.612 1.954768
6.614 1.954189
6.616 1.953610
6.618 1.953031
6.620 1.952451
6.622 1.951872
6.624 1.951293
6.626 1.950714
6.628 1.950135
6.630 1.949556
6.632 1.948977
6.634 1.948397
6.636 1.947818
6.638 1.947239
6.640 1.946660
6.642 1.946081
6.644 1.944922
6.646 1.944922
6.648 1.944343
6.650 1.943764
6.652 1.943185
6.654 1.942606
6.656 1.942027
6.658 1.941448
6.660 1.940868
6.662 1.940289
6.664 1.939710
6.666 1.939131
6.668 1.938552
6.670 1.937973
6.672 1.937393
6.674 1.936235
6.676 1.934498
6.678 1.934498
6.680 1.933919
6.682 1.933919
6.684 1.933919
6.686 1.933339
6.688 1.932760
6.690 1.932181
6.692 1.931602
6.694 1.931023
6.696 1.930444
6.698 1.929864
6.700 1.929285
6.702 1.928706
6.704 1.928127
6.706 1.927548
6.708 1.926969
6.710 1.926390
6.712 1.925810
6.714 1.925231
6.716 1.924652
6.718 1.924073
6.720 1.923494
6.722 1.922915
6.724 1.922336
6.726 1.921756
6.728 1.921177
6.730 1.920598
6.732 1.920019
6.734 1.919440
6.736 1.918861
6.738 1.918281
6.740 1.917702
6.742 1.917123
6.744 1.916544
6.746 1.915965
6.748 1.915386
6.750 1.914807
6.752 1.914227
6.754 1.913648
6.756 1.913069
6.758 1.912490
6.760 1.911911
6.762 1.911332
6.764 1.911332
6.766 1.910173
6.768 1.909594
6.770 1.909015
6.772 1.908436
6.774 1.907857
6.776 1.907278
6.778 1.906698
6.780 1.906119
6.782 1.905540
6.784 1.904961
6.786 1.904382
6.788 1.903803
6.790 1.903223
6.792 1.902644
6.794 1.902065
6.796 1.901486
6.798 1.900907
6.800 1.900328
6.802 1.899749
6.804 1.899169
6.806 1.898590
6.808 1.898011
6.810 1.897432
6.812 1.896853
6.814 1.896274
6.816 1.895694
6.818 1.895115
6.820 1.894536
6.822 1.893957
6.824 1.893378
6.826 1.892799
6.828 1.892220
6.830 1.891640
6.832 1.891061
6.834 1.890482
6.836 1.889903
6.838 1.889324
6.840 1.888745
6.842 1.888166
6.844 1.887586
6.846 1.887007
6.848 1.887007
6.850 1.885849
6.852 1.885270
6.854 1.884691
6.856 1.884111
6.858 1.883532
6.860 1.882953
6.862 1.882374
6.864 1.881795
6.866 1.881216
6.868 1.880637
6.870 1.880057
6.872 1.879478
6.874 1.878899
6.876 1.878320
6.878 1.877741
6.880 1.877162
6.882 1.876582
6.884 1.876003
6.886 1.875424
6.888 1.874845
6.890 1.874266
6.892 1.873687
6.894 1.873108
6.896 1.872528
6.898 1.871949
6.900 1.871949
6.902 1.870791
6.904 1.870212
6.906 1.869633
6.908 1.869053
6.910 1.868474
6.912 1.867895
6.914 1.867316
6.916 1.866737
6.918 1.866158
6.920 1.865579
6.922 1.864999
6.924 1.864420
6.926 1.863841
6.928 1.863262
6.930 1.862683
6.932 1.862104
6.934 1.861524
6.936 1.860945
6.938 1.860366
6.940 1.859787
6.942 1.859208
6.944 1.858629
6.946 1.858050
6.948 1.857470
6.950 1.857470
6.952 1.856891
6.954 1.855733
6.956 1.855154
6.958 1.854575
6.960 1.853996
6.962 1.853416
6.964 1.852837
6.966 1.852837
6.968 1.851679
6.970 1.851100
6.972 1.850521
6.974 1.849941
6.976 1.849362
6.978 1.848783
6.980 1.848204
6.982 1.847625
6.984 1.847046
6.986 1.846467
6.988 1.846467
6.990 1.845308
6.992 1.844729
6.994 1.844150
6.996 1.843571
6.998 1.842992
7.000 1.842992
7.002 1.841833
7.004 1.841254
7.006 1.840675
7.008 1.840096
7.010 1.839517
7.012 1.838938
7.014 1.838358
7.016 1.837779
7.018 1.837200
7.020 1.836621
7.022 1.836042
7.024 1.835463
7.026 1.834883
7.028 1.834304
7.030 1.833725
7.032 1.833146
7.034 1.832567
7.036 1.831988
7.038 1.831409
7.040 1.830829
7.042 1.830250
7.044 1.829671
7.046 1.829092
7.048 1.828513
7.050 1.827934
7.052 1.827354
7.054 1.826775
7.056 1.826196
7.058 1.825617
7.060 1.825038
7.062 1.824459
7.064 1.823880
7.066 1.823300
7.068 1.822721
7.070 1.822721
7.072 1.822721
7.074 1.822721
7.076 1.821563
7.078 1.820405
7.080 1.819826
7.082 1.818667
7.084 1.818088
7.086 1.817509
7.088 1.816930
7.090 1.816351
7.092 1.815771
7.094 1.815192
7.096 1.814613
7.098 1.814034
7.100 1.813455
7.102 1.812876
7.104 1.812297
7.106 1.811717
7.108 1.811717
7.110 1.810559
7.112 1.809980
7.114 1.809401
7.116 1.808822
7.118 1.808242
7.120 1.807663
7.122 1.807084
7.124 1.806505
7.126 1.805926
7.128 1.805347
7.130 1.804768
7.132 1.804188
7.134 1.803609
7.136 1.803030
7.138 1.802451
7.140 1.801872
7.142 1.801293
7.144 1.800713
7.146 1.800134
7.148 1.799555
7.150 1.798976
7.152 1.798397
7.154 1.797818
7.156 1.797239
7.158 1.796659
7.160 1.796080
7.162 1.795501
7.164 1.794922
7.166 1.794343
7.168 1.793764
7.170 1.793184
7.172 1.792605
7.174 1.792026
7.176 1.791447
7.178 1.790868
7.180 1.790289
7.182 1.789710
7.184 1.789130
7.186 1.788551
7.188 1.787972
7.190 1.787972
7.192 1.787393
7.194 1.786235
7.196 1.785656
7.198 1.785076
7.200 1.784497
7.202 1.783918
7.204 1.783339
7.206 1.782760
7.208 1.782181
7.210 1.781601
7.212 1.781022
7.214 1.780443
7.216 1.779864
7.218 1.779285
7.220 1.778706
7.222 1.778127
7.224 1.777547
7.226 1.776968
7.228 1.776389
7.230 1.775810
7.232 1.775231
7.234 1.774652
7.236 1.774072
7.238 1.772335
7.240 1.772335
7.242 1.772335
7.244 1.771756
7.246 1.771177
7.248 1.770598
7.250 1.770018
7.252 1.769439
7.254 1.768860
7.256 1.768281
7.258 1.767702
7.260 1.767123
7.262 1.766543
7.264 1.765964
7.266 1.765385
7.268 1.764806
7.270 1.764227
7.272 1.763648
7.274 1.763069
7.276 1.762489
7.278 1.761910
7.280 1.761331
7.282 1.760752
7.284 1.759594
7.286 1.759594
7.288 1.759014
7.290 1.758435
7.292 1.757856
7.294 1.757277
7.296 1.756698
7.298 1.756119
7.300 1.755540
7.302 1.754960
7.304 1.754381
7.306 1.753802
7.308 1.753223
7.310 1.752644
7.312 1.752065
7.314 1.751486
7.316 1.750906
7.318 1.750327
7.320 1.749748
7.322 1.749169
7.324 1.748590
7.326 1.748011
7.328 1.747431
7.330 1.746852
7.332 1.746273
7.334 1.745694
7.336 1.745115
7.338 1.744536
7.340 1.743957
7.342 1.743377
7.344 1.742798
7.346 1.742219
7.348 1.741640
7.350 1.741061
7.352 1.740482
7.354 1.739902
7.356 1.739323
7.358 1.738744
7.360 1.738165
7.362 1.737586
7.364 1.737007
7.366 1.736428
7.368 1.735848
7.370 1.735269
7.372 1.734690
7.374 1.734111
7.376 1.733532
7.378 1.732953
7.380 1.732373
7.382 1.731794
7.384 1.731215
7.386 1.730636
7.388 1.730057
7.390 1.730057
7.392 1.730057
7.394 1.730057
7.396 1.730057
7.398 1.730057
7.400 1.726582
7.402 1.726003
7.404 1.725424
7.406 1.724844
7.408 1.724265
7.410 1.723686
7.412 1.723107
7.414 1.722528
7.416 1.721949
7.418 1.721370
7.420 1.720790
7.422 1.720211
7.424 1.719632
7.426 1.719053
7.428 1.718474
7.430 1.717895
7.432 1.717316
7.434 1.716736
7.436 1.716157
7.438 1.715578
7.440 1.714999
7.442 1.714999
7.444 1.713841
7.446 1.713261
7.448 1.712682
7.450 1.712103
7.452 1.711524
7.454 1.710945
7.456 1.710366
7.458 1.709787
7.460 1.709207
7.462 1.708628
7.464 1.708049
7.466 1.707470
7.468 1.706891
7.470 1.706312
7.472 1.705732
7.474 1.705153
7.476 1.704574
7.478 1.703995
7.480 1.703416
7.482 1.702837
7.484 1.702258
7.486 1.701678
7.488 1.701099
7.490 1.700520
7.492 1.699941
7.494 1.699362
7.496 1.698783
7.498 1.698203
7.500 1.697624
7.502 1.697045
7.504 1.696466
7.506 1.695887
7.508 1.695308
7.510 1.694729
7.512 1.694149
7.514 1.693570
7.516 1.692991
7.518 1.692412
7.520 1.691833
7.522 1.691254
7.524 1.690674
7.526 1.690095
7.528 1.689516
7.530 1.689516
7.532 1.688358
7.534 1.687779
7.536 1.687200
7.538 1.686620
7.540 1.686041
7.542 1.685462
7.544 1.684883
7.546 1.684304
7.548 1.683725
7.550 1.683145
7.552 1.682566
7.554 1.681987
7.556 1.681408
7.558 1.681408
7.560 1.680250
7.562 1.679671
7.564 1.679091
7.566 1.678512
7.568 1.677933
7.570 1.677354
7.572 1.676775
7.574 1.676196
7.576 1.675617
7.578 1.675037
7.580 1.674458
7.582 1.673879
7.584 1.673300
7.586 1.672721
7.588 1.672142
7.590 1.671562
7.592 1.670983
7.594 1.670404
7.596 1.669825
7.598 1.669246
7.600 1.668667
7.602 1.668088
7.604 1.667508
7.606 1.666929
7.608 1.666350
7.610 1.665771
7.612 1.665192
7.614 1.664613
7.616 1.664033
7.618 1.663454
7.620 1.662875
7.622 1.662296
7.624 1.661717
7.626 1.661138
7.628 1.660559
7.630 1.659979
7.632 1.659400
7.634 1.658821
7.636 1.658242
7.638 1.657663
7.640 1.657084
7.642 1.656504
7.644 1.655925
7.646 1.655925
7.648 1.655346
7.650 1.654767
7.652 1.653609
7.654 1.653030
7.656 1.652450
7.658 1.651871
7.660 1.651292
7.662 1.650713
7.664 1.650134
7.666 1.649555
7.668 1.648975
7.670 1.648396
7.672 1.647817
7.674 1.647238
7.676 1.646659
7.678 1.646080
7.680 1.645501
7.682 1.644921
7.684 1.644342
7.686 1.643763
7.688 1.643184
7.690 1.642605
7.692 1.642026
7.694 1.641447
7.696 1.640867
7.698 1.640867
7.700 1.640288
7.702 1.639130
7.704 1.638551
7.706 1.637972
7.708 1.637392
7.710 1.636813
7.712 1.636234
7.714 1.635655
7.716 1.635076
7.718 1.634497
7.720 1.633918
7.722 1.633338
7.724 1.632759
7.726 1.632180
7.728 1.631601
7.730 1.631022
7.732 1.629863
7.734 1.629863
7.736 1.629284
7.738 1.628705
7.740 1.628126
7.742 1.627547
7.744 1.626968
7.746 1.626389
7.748 1.626389
7.750 1.625809
7.752 1.624651
7.754 1.624072
7.756 1.623493
7.758 1.622914
7.760 1.622334
7.762 1.621755
7.764 1.621176
7.766 1.620597
7.768 1.620018
7.770 1.619439
7.772 1.618860
7.774 1.618280
7.776 1.617701
7.778 1.617122
7.780 1.616543
7.782 1.615964
7.784 1.615385
7.786 1.614805
7.788 1.614226
7.790 1.613647
7.792 1.613068
7.794 1.612489
7.796 1.611910
7.798 1.611331
7.800 1.610751
7.802 1.610172
7.804 1.609593
7.806 1.609014
7.808 1.608435
7.810 1.607856
7.812 1.607277
7.814 1.606697
7.816 1.606118
7.818 1.605539
7.820 1.604960
7.822 1.604381
7.824 1.603802
7.826 1.603222
7.828 1.602643
7.830 1.601485
7.832 1.601485
7.834 1.600906
7.836 1.600327
7.838 1.599748
7.840 1.599168
7.842 1.598589
7.844 1.598010
7.846 1.597431
7.848 1.596852
7.850 1.596273
7.852 1.595693
7.854 1.595114
7.856 1.594535
7.858 1.593956
7.860 1.593377
7.862 1.592798
7.864 1.592219
7.866 1.591639
7.868 1.591060
7.870 1.590481
7.872 1.589902
7.874 1.589323
7.876 1.588744
7.878 1.588164
7.880 1.587585
7.882 1.587006
7.884 1.586427
7.886 1.585848
7.888 1.585269
7.890 1.584690
7.892 1.584110
7.894 1.583531
7.896 1.582952
7.898 1.582373
7.900 1.581794
7.902 1.581215
7.904 1.580635
7.906 1.580056
7.908 1.579477
7.910 1.578898
7.912 1.578319
7.914 1.577740
7.916 1.577161
7.918 1.576581
7.920 1.576002
7.922 1.575423
7.924 1.574844
7.926 1.574265
7.928 1.574265
7.930 1.573107
7.932 1.572527
7.934 1.571948
7.936 1.571369
7.938 1.570790
7.940 1.570211
7.942 1.569632
7.944 1.569052
7.946 1.569052
7.948 1.567894
7.950 1.567315
7.952 1.566736
7.954 1.566157
7.956 1.565578
7.958 1.564998
7.960 1.564419
7.962 1.563840
7.964 1.563840
7.966 1.562682
7.968 1.562103
7.970 1.561523
7.972 1.560944
7.974 1.560365
7.976 1.559786
7.978 1.559207
7.980 1.558628
7.982 1.558049
7.984 1.557469
7.986 1.556890
7.988 1.556311
7.990 1.555732
7.992 1.555153
7.994 1.554574
7.996 1.553994
7.998 1.553415
8.000 1.552836
8.002 1.552257
8.004 1.551678
8.006 1.551099
8.008 1.550520
8.010 1.549940
8.012 1.549361
8.014 1.548782
8.016 1.548203
8.018 1.547624
8.020 1.547045
8.022 1.546465
8.024 1.545886
8.026 1.545307
8.028 1.544728
8.030 1.544728
8.032 1.543570
8.034 1.542991
8.036 1.542411
8.038 1.541832
8.040 1.541253
8.042 1.540674
8.044 1.540095
8.046 1.539516
8.048 1.538937
8.050 1.538357
8.052 1.537778
8.054 1.537199
8.056 1.536620
8.058 1.536041
8.060 1.535462
8.062 1.534882
8.064 1.534303
8.066 1.533724
8.068 1.533145
8.070 1.532566
8.072 1.531987
8.074 1.531408
8.076 1.531408
8.078 1.530828
8.080 1.530249
8.082 1.529091
8.084 1.529091
8.086 1.529091
8.088 1.528512
8.090 1.527353
8.092 1.526195
8.094 1.525616
8.096 1.525037
8.098 1.524458
8.100 1.523879
8.102 1.523299
8.104 1.522720
8.106 1.522141
8.108 1.521562
8.110 1.521562
8.112 1.520404
8.114 1.519824
8.116 1.518666
8.118 1.518666
8.120 1.518087
8.122 1.517508
8.124 1.516929
8.126 1.516350
8.128 1.515770
8.130 1.515191
8.132 1.514612
8.134 1.514033
8.136 1.513454
8.138 1.512875
8.140 1.512295
8.142 1.511716
8.144 1.511137
8.146 1.510558
8.148 1.509979
8.150 1.509400
8.152 1.508821
8.154 1.508241
8.156 1.507662
8.158 1.507083
8.160 1.506504
8.162 1.506504
8.164 1.505346
8.166 1.504767
8.168 1.504187
8.170 1.503608
8.172 1.503029
8.174 1.502450
8.176 1.501871
8.178 1.501292
8.180 1.500712
8.182 1.500133
8.184 1.499554
8.186 1.498975
8.188 1.498396
8.190 1.497817
8.192 1.497817
8.194 1.496658
8.196 1.496079
8.198 1.495500
8.200 1.494921
8.202 1.494342
8.204 1.493763
8.206 1.493183
8.208 1.492604
8.210 1.492025
8.212 1.491446
8.214 1.490867
8.216 1.490288
8.218 1.489709
8.220 1.489129
8.222 1.488550
8.224 1.487971
8.226 1.487392
8.228 1.486813
8.230 1.486234
8.232 1.485654
8.234 1.485075
8.236 1.484496
8.238 1.483917
8.240 1.483338
8.242 1.482759
8.244 1.482180
8.246 1.482180
8.248 1.481021
8.250 1.481021
8.252 1.479863
8.254 1.479284
8.256 1.478705
8.258 1.478125
8.260 1.477546
8.262 1.477546
8.264 1.476388
8.266 1.475809
8.268 1.475230
8.270 1.474651
8.272 1.472913
8.274 1.472334
8.276 1.472334
8.278 1.472334
8.280 1.471755
8.282 1.471176
8.284 1.470597
8.286 1.470017
8.288 1.470017
8.290 1.468859
8.292 1.468280
8.294 1.467701
8.296 1.467122
8.298 1.466542
8.300 1.465963
8.302 1.465384
8.304 1.464805
8.306 1.464226
8.308 1.463068
8.310 1.463068
8.312 1.462488
8.314 1.461909
8.316 1.461330
8.318 1.460751
8.320 1.460172
8.322 1.459593
8.324 1.459013
8.326 1.458434
8.328 1.457855
8.330 1.457276
8.332 1.456697
8.334 1.456118
8.336 1.455539
8.338 1.454959
8.340 1.454959
8.342 1.453801
8.344 1.453222
8.346 1.452643
8.348 1.452064
8.350 1.451484
8.352 1.450905
8.354 1.450326
8.356 1.448589
8.358 1.448010
8.360 1.448010
8.362 1.448010
8.364 1.447430
8.366 1.446851
8.368 1.446272
8.370 1.445693
8.372 1.445114
8.374 1.444535
8.376 1.443955
8.378 1.443376
8.380 1.442797
8.382 1.442218
8.384 1.441639
8.386 1.441060
8.388 1.440481
8.390 1.439901
8.392 1.439322
8.394 1.438743
8.396 1.438164
8.398 1.437585
8.400 1.437006
8.402 1.436427
8.404 1.435847
8.406 1.435268
8.408 1.434689
8.410 1.434110
8.412 1.433531
8.414 1.432952
8.416 1.432372
8.418 1.431793
8.420 1.431214
8.422 1.430635
8.424 1.430056
8.426 1.429477
8.428 1.428318
8.430 1.428318
8.432 1.427739
8.434 1.427160
8.436 1.426581
8.438 1.426002
8.440 1.425423
8.442 1.424843
8.444 1.424264
8.446 1.423685
8.448 1.423106
8.450 1.422527
8.452 1.421948
8.454 1.421369
8.456 1.420789
8.458 1.420210
8.460 1.419631
8.462 1.419052
8.464 1.418473
8.466 1.417894
8.468 1.417314
8.470 1.416735
8.472 1.416156
8.474 1.415577
8.476 1.414998
8.478 1.414998
8.480 1.413840
8.482 1.413260
8.484 1.412681
8.486 1.412102
8.488 1.411523
8.490 1.411523
8.492 1.410365
8.494 1.409785
8.496 1.409206
8.498 1.408627
8.500 1.408048
8.502 1.407469
8.504 1.406890
8.506 1.406311
8.508 1.405731
8.510 1.405152
8.512 1.404573
8.514 1.403994
8.516 1.403415
8.518 1.402836
8.520 1.402257
8.522 1.401677
8.524 1.401098
8.526 1.400519
8.528 1.399940
8.530 1.399361
8.532 1.398782
8.534 1.398202
8.536 1.397623
8.538 1.397044
8.540 1.396465
8.542 1.395886
8.544 1.395307
8.546 1.394728
8.548 1.394148
8.550 1.393569
8.552 1.392990
8.554 1.392411
8.556 1.391832
8.558 1.391253
8.560 1.390673
8.562 1.390094
8.564 1.390094
8.566 1.388936
8.568 1.388357
8.570 1.387778
8.572 1.387199
8.574 1.386619
8.576 1.386040
8.578 1.385461
8.580 1.384882
8.582 1.384303
8.584 1.383724
8.586 1.383144
8.588 1.382565
8.590 1.381986
8.592 1.381407
8.594 1.380828
8.596 1.380249
8.598 1.379670
8.600 1.379090
8.602 1.378511
8.604 1.377932
8.606 1.377353
8.608 1.376774
8.610 1.376195
8.612 1.375615
8.614 1.375036
8.616 1.374457
8.618 1.373878
8.620 1.373299
8.622 1.372720
8.624 1.372141
8.626 1.371561
8.628 1.370982
8.630 1.370403
8.632 1.369824
8.634 1.369245
8.636 1.368666
8.638 1.368087
8.640 1.367507
8.642 1.366928
8.644 1.366349
8.646 1.365770
8.648 1.365191
8.650 1.364612
8.652 1.364032
8.654 1.363453
8.656 1.362874
8.658 1.362295
8.660 1.361716
8.662 1.361137
8.664 1.360558
8.666 1.359978
8.668 1.359978
8.670 1.358820
8.672 1.358241
8.674 1.357662
8.676 1.357083
8.678 1.356503
8.680 1.355924
8.682 1.355345
8.684 1.354766
8.686 1.354187
8.688 1.353608
8.690 1.353029
8.692 1.352449
8.694 1.351870
8.696 1.351291
8.698 1.350712
8.700 1.350712
8.702 1.349554
8.704 1.348974
8.706 1.348395
8.708 1.347237
8.710 1.347237
8.712 1.346658
8.714 1.346079
8.716 1.345500
8.718 1.344920
8.720 1.344341
8.722 1.343762
8.724 1.343183
8.726 1.342604
8.728 1.342025
8.730 1.341445
8.732 1.340866
8.734 1.340287
8.736 1.339708
8.738 1.339129
8.740 1.338550
8.742 1.337971
8.744 1.337391
8.746 1.336812
8.748 1.336233
8.750 1.335654
8.752 1.335075
8.754 1.334496
8.756 1.333917
8.758 1.333337
8.760 1.333337
8.762 1.332179
8.764 1.331600
8.766 1.331021
8.768 1.330442
8.770 1.329862
8.772 1.329283
8.774 1.328704
8.776 1.328125
8.778 1.327546
8.780 1.326967
8.782 1.326388
8.784 1.325808
8.786 1.325229
8.788 1.324650
8.790 1.324071
8.792 1.324071
8.794 1.322913
8.796 1.322333
8.798 1.321754
8.800 1.321175
8.802 1.320596
8.804 1.320017
8.806 1.319438
8.808 1.318859
8.810 1.318279
8.812 1.317700
8.814 1.317121
8.816 1.316542
8.818 1.315963
8.820 1.315384
8.822 1.314804
8.824 1.314225
8.826 1.313646
8.828 1.313067
8.830 1.312488
8.832 1.311909
8.834 1.311330
8.836 1.310750
8.838 1.310171
8.840 1.309592
8.842 1.309013
8.844 1.308434
8.846 1.307855
8.848 1.307275
8.850 1.306696
8.852 1.306117
8.854 1.305538
8.856 1.304959
8.858 1.304380
8.860 1.303801
8.862 1.303221
8.864 1.302642
8.866 1.302063
8.868 1.301484
8.870 1.300905
8.872 1.300326
8.874 1.299747
8.876 1.299167
8.878 1.298588
8.880 1.298009
8.882 1.297430
8.884 1.296851
8.886 1.296272
8.888 1.296272
8.890 1.295113
8.892 1.294534
8.894 1.293955
8.896 1.293376
8.898 1.292797
8.900 1.292218
8.902 1.291638
8.904 1.291059
8.906 1.290480
8.908 1.289901
8.910 1.289322
8.912 1.288743
8.914 1.288163
8.916 1.287584
8.918 1.287005
8.920 1.286426
8.922 1.285847
8.924 1.285268
8.926 1.284689
8.928 1.284109
8.930 1.283530
8.932 1.282951
8.934 1.282372
8.936 1.281793
8.938 1.281214
8.940 1.280634
8.942 1.280055
8.944 1.279476
8.946 1.278897
8.948 1.278318
8.950 1.277739
8.952 1.277160
8.954 1.276580
8.956 1.276001
8.958 1.275422
8.960 1.274843
8.962 1.274264
8.964 1.273685
8.966 1.273105
8.968 1.272526
8.970 1.271947
8.972 1.271368
8.974 1.270789
8.976 1.270210
8.978 1.269631
8.980 1.269051
8.982 1.268472
8.984 1.267893
8.986 1.267314
8.988 1.266735
8.990 1.266735
8.992 1.265576
8.994 1.264997
8.996 1.264418
8.998 1.263839
9.000 1.263260
9.002 1.262681
9.004 1.262102
9.006 1.261522
9.008 1.260943
9.010 1.260364
9.012 1.259785
9.014 1.259206
9.016 1.258627
9.018 1.258048
9.020 1.257468
9.022 1.256889
9.024 1.256310
9.026 1.255731
9.028 1.255152
9.030 1.254573
9.032 1.253993
9.034 1.253414
9.036 1.252835
9.038 1.252256
9.040 1.251677
9.042 1.251098
9.044 1.250519
9.046 1.250519
9.048 1.249360
9.050 1.248781
9.052 1.248202
9.054 1.247623
9.056 1.247044
9.058 1.246464
9.060 1.245885
9.062 1.245306
9.064 1.244727
9.066 1.244148
9.068 1.243569
9.070 1.242990
9.072 1.242410
9.074 1.241831
9.076 1.241252
9.078 1.240673
9.080 1.240094
9.082 1.239515
9.084 1.238935
9.086 1.238356
9.088 1.237777
9.090 1.237198
9.092 1.236619
9.094 1.236040
9.096 1.235461
9.098 1.234881
9.100 1.234302
9.102 1.233723
9.104 1.233144
9.106 1.232565
9.108 1.231986
9.110 1.231406
9.112 1.230827
9.114 1.230248
9.116 1.229669
9.118 1.229090
9.120 1.228511
9.122 1.227932
9.124 1.227352
9.126 1.226773
9.128 1.226194
9.130 1.225615
9.132 1.225036
9.134 1.224457
9.136 1.223878
9.138 1.223298
9.140 1.222719
9.142 1.222140
9.144 1.221561
9.146 1.220982
9.148 1.220403
9.150 1.219823
9.152 1.219244
9.154 1.218665
9.156 1.218086
9.158 1.217507
9.160 1.216928
9.162 1.216349
9.164 1.215769
9.166 1.215190
9.168 1.214611
9.170 1.214032
9.172 1.213453
9.174 1.212874
9.176 1.212294
9.178 1.211715
9.180 1.211136
9.182 1.210557
9.184 1.209978
9.186 1.209399
9.188 1.208820
9.190 1.208243
9.192 1.207666
9.194 1.207090
9.196 1.206515
9.198 1.205940
9.200 1.205367
9.202 1.204794
9.204 1.204222
9.206 1.203651
9.208 1.203080
9.210 1.202510
9.212 1.201942
9.214 1.201374
9.216 1.200806
9.218 1.200240
9.220 1.199674
9.222 1.199110
9.224 1.198545
9.226 1.197982
9.228 1.197420
9.230 1.196858
9.232 1.196297
9.234 1.195737
9.236 1.195178
9.238 1.194620
9.240 1.194062
9.242 1.193505
9.244 1.192949
9.246 1.192394
9.248 1.191840
9.250 1.191286
9.252 1.190733
9.254 1.190181
9.256 1.189630
9.258 1.189079
9.260 1.188530
9.262 1.187981
9.264 1.187433
9.266 1.186886
9.268 1.186339
9.270 1.185794
9.272 1.185249
9.274 1.184705
9.276 1.184162
9.278 1.183619
9.280 1.183078
9.282 1.182537
9.284 1.181997
9.286 1.181458
9.288 1.180919
9.290 1.180381
9.292 1.179845
9.294 1.179309
9.296 1.178773
9.298 1.178239
9.300 1.177705
9.302 1.177173
9.304 1.176641
9.306 1.176109
9.308 1.175049
9.310 1.175049
9.312 1.174520
9.314 1.173992
9.316 1.173465
9.318 1.172939
9.320 1.172413
9.322 1.171888
9.324 1.171364
9.326 1.170841
9.328 1.170319
9.330 1.169797
9.332 1.169276
9.334 1.168756
9.336 1.168237
9.338 1.167718
9.340 1.167201
9.342 1.166684
9.344 1.166168
9.346 1.165653
9.348 1.165138
9.350 1.164625
9.352 1.164112
9.354 1.163600
9.356 1.163089
9.358 1.162578
9.360 1.162069
9.362 1.161560
9.364 1.161052
9.366 1.160545
9.368 1.160038
9.370 1.159532
9.372 1.159028
9.374 1.158524
9.376 1.158020
9.378 1.157518
9.380 1.157016
9.382 1.156516
9.384 1.156016
9.386 1.155516
9.388 1.155018
9.390 1.154520
9.392 1.154023
9.394 1.153527
9.396 1.153032
9.398 1.153032
9.400 1.152044
9.402 1.151551
9.404 1.151059
9.406 1.150568
9.408 1.150078
9.410 1.149588
9.412 1.149099
9.414 1.148611
9.416 1.148124
9.418 1.147638
9.420 1.147152
9.422 1.146667
9.424 1.146183
9.426 1.145700
9.428 1.145217
9.430 1.144736
9.432 1.144255
9.434 1.143775
9.436 1.143296
9.438 1.142817
9.440 1.142340
9.442 1.141863
9.444 1.141387
9.446 1.140912
9.448 1.140437
9.450 1.139964
9.452 1.139491
9.454 1.139019
9.456 1.138547
9.458 1.138077
9.460 1.137607
9.462 1.137607
9.464 1.136671
9.466 1.136203
9.468 1.135737
9.470 1.135271
9.472 1.134806
9.474 1.134342
9.476 1.133879
9.478 1.133417
9.480 1.132955
9.482 1.132494
9.484 1.132034
9.486 1.131575
9.488 1.131117
9.490 1.130659
9.492 1.130202
9.494 1.129746
9.496 1.129291
9.498 1.128837
9.500 1.128383
9.502 1.127930
9.504 1.127478
9.506 1.127027
9.508 1.127027
9.510 1.127027
9.512 1.125678
9.514 1.125230
9.516 1.124783
9.518 1.124336
9.520 1.123891
9.522 1.123446
9.524 1.123002
9.526 1.122559
9.528 1.122116
9.530 1.121675
9.532 1.121234
9.534 1.120794
9.536 1.120354
9.538 1.119916
9.540 1.119478
9.542 1.119042
9.544 1.118606
9.546 1.118170
9.548 1.117736
9.550 1.117302
9.552 1.116869
9.554 1.116437
9.556 1.116006
9.558 1.115576
9.560 1.115146
9.562 1.114717
9.564 1.114289
9.566 1.113862
9.568 1.113436
9.570 1.113010
9.572 1.112585
9.574 1.112161
9.576 1.111738
9.578 1.111316
9.580 1.110894
9.582 1.110473
9.584 1.110053
9.586 1.109634
9.588 1.109215
9.590 1.108798
9.592 1.108381
9.594 1.107965
9.596 1.107550
9.598 1.107135
9.600 1.106722
9.602 1.106309
9.604 1.105897
9.606 1.105486
9.608 1.105075
9.610 1.104666
9.612 1.104257
9.614 1.103849
9.616 1.103441
9.618 1.103035
9.620 1.102629
9.622 1.102225
9.624 1.101821
9.626 1.101417
9.628 1.101015
9.630 1.100613
9.632 1.100212
9.634 1.099812
9.636 1.099413
9.638 1.099015
9.640 1.098617
9.642 1.098220
9.644 1.097824
9.646 1.097429
9.648 1.097035
9.650 1.096641
9.652 1.096248
9.654 1.095856
9.656 1.095465
9.658 1.095075
9.660 1.094685
9.662 1.094296
9.664 1.093908
9.666 1.093521
9.668 1.092364
9.670 1.092364
9.672 1.092364
9.674 1.091980
9.676 1.091597
9.678 1.091214
9.680 1.090833
9.682 1.090452
9.684 1.090072
9.686 1.089693
9.688 1.089314
9.690 1.088937
9.692 1.088560
9.694 1.088184
9.696 1.087808
9.698 1.087434
9.700 1.087060
9.702 1.086688
9.704 1.086316
9.706 1.085944
9.708 1.085204
9.710 1.085204
9.712 1.084835
9.714 1.084467
9.716 1.084100
9.718 1.083734
9.720 1.083368
9.722 1.083003
9.724 1.082639
9.726 1.082276
9.728 1.081914
9.730 1.081552
9.732 1.081191
9.734 1.080831
9.736 1.080472
9.738 1.080114
9.740 1.079756
9.742 1.079399
9.744 1.079043
9.746 1.078688
9.748 1.078333
9.750 1.077980
9.752 1.077627
9.754 1.077275
9.756 1.076924
9.758 1.076573
9.760 1.076224
9.762 1.075875
9.764 1.075527
9.766 1.075180
9.768 1.074833
9.770 1.074488
9.772 1.074143
9.774 1.073799
9.776 1.073455
9.778 1.073113
9.780 1.072771
9.782 1.072431
9.784 1.072091
9.786 1.071751
9.788 1.071413
9.790 1.071075
9.792 1.070738
9.794 1.070402
9.796 1.070067
9.798 1.069733
9.800 1.069733
9.802 1.069066
9.804 1.068734
9.806 1.068403
9.808 1.068073
9.810 1.067743
9.812 1.067414
9.814 1.067086
9.816 1.066759
9.818 1.066433
9.820 1.066107
9.822 1.065782
9.824 1.065458
9.826 1.065135
9.828 1.064812
9.830 1.064491
9.832 1.064170
9.834 1.063850
9.836 1.063531
9.838 1.063212
9.840 1.062895
9.842 1.062578
9.844 1.062262
9.846 1.061947
9.848 1.061632
9.850 1.061319
9.852 1.061006
9.854 1.060694
9.856 1.060382
9.858 1.060072
9.860 1.059762
9.862 1.059454
9.864 1.059146
9.866 1.058838
9.868 1.058532
9.870 1.058226
9.872 1.057921
9.874 1.057617
9.876 1.057012
9.878 1.056710
9.880 1.056710
9.882 1.056409
9.884 1.056109
9.886 1.055810
9.888 1.055512
9.890 1.055214
9.892 1.054917
9.894 1.054621
9.896 1.054326
9.898 1.054032
9.900 1.053738
9.902 1.053445
9.904 1.053153
9.906 1.052862
9.908 1.052571
9.910 1.052282
9.912 1.051993
9.914 1.051705
9.916 1.051418
9.918 1.051131
9.920 1.050846
9.922 1.050561
9.924 1.050277
9.926 1.049994
9.928 1.049711
9.930 1.049430
9.932 1.049149
9.934 1.048869
9.936 1.048590
9.938 1.048311
9.940 1.048033
9.942 1.047757
9.944 1.047481
9.946 1.047205
9.948 1.046931
9.950 1.046657
9.952 1.046385
9.954 1.046112
9.956 1.045841
9.958 1.045571
9.960 1.045301
9.962 1.045032
9.964 1.044764
9.966 1.044497
9.968 1.044231
9.970 1.043965
9.972 1.043700
9.974 1.043436
9.976 1.043173
9.978 1.042911
9.980 1.042649
9.982 1.042388
9.984 1.042128
9.986 1.041869
9.988 1.041610
9.990 1.041353
9.992 1.041096
9.994 1.040840
9.996 1.040585
9.998 1.040330
10.000 1.040077
10.002 1.039824
10.004 1.039572
10.006 1.039321
10.008 1.039070
10.010 1.038821
10.012 1.038572
10.014 1.038324
10.016 1.038077
10.018 1.037830
10.020 1.037584
10.022 1.037340
10.024 1.037096
10.026 1.036852
10.028 1.036610
10.030 1.036368
10.032 1.036128
10.034 1.035887
10.036 1.035648
10.038 1.035410
10.040 1.035172
10.042 1.034935
10.044 1.034699
10.046 1.034464
10.048 1.034230
10.050 1.033996
10.052 1.033763
10.054 1.033531
10.056 1.033300
10.058 1.033070
10.060 1.032840
10.062 1.032611
10.064 1.032383
10.066 1.032156
10.068 1.031929
10.070 1.031929
10.072 1.031479
10.074 1.031255
10.076 1.031032
10.078 1.030809
10.080 1.030588
10.082 1.030367
10.084 1.030147
10.086 1.029928
10.088 1.029709
10.090 1.029492
10.092 1.029275
10.094 1.029059
10.096 1.028844
10.098 1.028629
10.100 1.028415
10.102 1.028203
10.104 1.027991
10.106 1.027779
10.108 1.027569
10.110 1.027359
10.112 1.027151
10.114 1.026943
10.116 1.026735
10.118 1.026529
10.120 1.026323
10.122 1.026118
10.124 1.025914
10.126 1.025711
10.128 1.025509
10.130 1.025509
10.132 1.025106
10.134 1.024906
10.136 1.024707
10.138 1.024509
10.140 1.024311
10.142 1.024114
10.144 1.023918
10.146 1.023723
10.148 1.023528
10.150 1.023335
10.152 1.023142
10.154 1.022950
10.156 1.022759
10.158 1.022568
10.160 1.022379
10.162 1.022190
10.164 1.022002
10.166 1.021815
10.168 1.021628
10.170 1.021443
10.172 1.021258
10.174 1.021074
10.176 1.020891
10.178 1.020708
10.180 1.020526
10.182 1.020346
10.184 1.020166
10.186 1.019986
10.188 1.019808
10.190 1.019630
10.192 1.019454
10.194 1.019278
10.196 1.019102
10.198 1.018928
10.200 1.018928
10.202 1.018581
10.204 1.018409
10.206 1.018238
10.208 1.018068
10.210 1.017898
10.212 1.017729
10.214 1.017561
10.216 1.017394
10.218 1.017228
10.220 1.017062
10.222 1.016897
10.224 1.016733
10.226 1.016570
10.228 1.016408
10.230 1.016246
10.232 1.016085
10.234 1.015925
10.236 1.015766
10.238 1.015607
10.240 1.015450
10.242 1.015293
10.244 1.015137
10.246 1.014982
10.248 1.014827
10.250 1.014674
10.252 1.014521
10.254 1.014369
10.256 1.014369
10.258 1.014067
10.260 1.014067
10.262 1.013769
10.264 1.013621
10.266 1.013473
10.268 1.013473
10.270 1.013181
10.272 1.013037
10.274 1.012893
10.276 1.012749
10.278 1.012749
10.280 1.012607
10.282 1.012324
10.284 1.012184
10.286 1.012045
10.288 1.011907
10.290 1.011769
10.292 1.011632
10.294 1.011496
10.296 1.011361
10.298 1.011227
10.300 1.011093
10.302 1.010960
10.304 1.010828
10.306 1.010697
10.308 1.010567
10.310 1.010437
10.312 1.010308
10.314 1.010053
10.316 1.010053
10.318 1.009926
10.320 1.009801
10.322 1.009676
10.324 1.009429
10.326 1.009429
10.328 1.009306
10.330 1.009185
10.332 1.009064
10.334 1.008944
10.336 1.008825
10.338 1.008706
10.340 1.008589
10.342 1.008472
10.344 1.008356
10.346 1.008240
10.348 1.008126
10.350 1.008012
10.352 1.007900
10.354 1.007788
10.356 1.007676
10.358 1.007566
10.360 1.007456
10.362 1.007347
10.364 1.007239
10.366 1.007132
10.368 1.007026
10.370 1.006920
10.372 1.006815
10.374 1.006711
10.376 1.006608
10.378 1.006506
10.380 1.006404
10.382 1.006303
10.384 1.006203
10.386 1.006104
10.388 1.005908
10.390 1.005908
10.392 1.005908
10.394 1.005715
10.396 1.005620
10.398 1.005525
10.400 1.005432
10.402 1.005339
10.404 1.005247
10.406 1.005156
10.408 1.005065
10.410 1.004976
10.412 1.004887
10.414 1.004799
10.416 1.004712
10.418 1.004625
10.420 1.004540
10.422 1.004455
10.424 1.004371
10.426 1.004287
10.428 1.004287
10.430 1.004205
10.432 1.004043
10.434 1.003963
10.436 1.003883
10.438 1.003805
10.440 1.003727
10.442 1.003650
10.444 1.003574
10.446 1.003499
10.448 1.003425
10.450 1.003351
10.452 1.003278
10.454 1.003206
10.456 1.003135
10.458 1.003065
10.460 1.002995
10.462 1.002926
10.464 1.002858
10.466 1.002791
10.468 1.002659
10.470 1.002659
10.472 1.002594
10.474 1.002530
10.476 1.002467
10.478 1.002404
10.480 1.002343
10.482 1.002282
10.484 1.002222
10.486 1.002163
10.488 1.002104
10.490 1.002047
10.492 1.001990
10.494 1.001934
10.496 1.001879
10.498 1.001824
10.500 1.001771
10.502 1.001718
10.504 1.001666
10.506 1.001614
10.508 1.001564
10.510 1.001514
10.512 1.001466
10.514 1.001418
10.516 1.001370
10.518 1.001324
10.520 1.001278
10.522 1.001233
10.524 1.001189
10.526 1.001146
10.528 1.001104
10.530 1.001104
10.532 1.001021
10.534 1.000981
10.536 1.000942
10.538 1.000904
10.540 1.000866
10.542 1.000829
10.544 1.000793
10.546 1.000758
10.548 1.000724
10.550 1.000690
10.552 1.000657
10.554 1.000625
10.556 1.000594
10.558 1.000563
10.560 1.000534
10.562 1.000505
10.564 1.000477
10.566 1.000450
10.568 1.000423
10.570 1.000398
10.572 1.000373
10.574 1.000349
10.576 1.000326
10.578 1.000303
10.580 1.000303
10.582 1.000261
10.584 1.000241
10.586 1.000221
10.588 1.000203
10.590 1.000185
10.592 1.000169
10.594 1.000153
10.596 1.000137
10.598 1.000123
10.600 1.000109
10.602 1.000096
10.604 1.000084
10.606 1.000073
10.608 1.000063
10.610 1.000053
10.612 1.000044
10.614 1.000036
10.616 1.000029
10.618 1.000023
10.620 1.000017
10.622 1.000012
10.624 1.000008
10.626 1.000005
10.628 1.000003
10.630 1.000003
10.632 1.000000
