0.000 0.019738
0.002 0.019738
0.004 0.019738
0.006 0.019739
0.008 0.019740
0.010 0.019743
0.012 0.019746
0.014 0.019747
0.016 0.019752
0.018 0.019759
0.020 0.019765
0.022 0.019771
0.024 0.019778
0.026 0.019785
0.028 0.019793
0.030 0.019802
0.032 0.019812
0.034 0.019822
0.036 0.019833
0.038 0.019845
0.040 0.019858
0.042 0.019871
0.044 0.019885
0.046 0.019900
0.048 0.019916
0.050 0.019932
0.052 0.019937
0.054 0.019961
0.056 0.019972
0.058 0.019987
0.060 0.020019
0.062 0.020035
0.064 0.020050
0.066 0.020084
0.068 0.020116
0.070 0.020142
0.072 0.020165
0.074 0.020189
0.076 0.020214
0.078 0.020241
0.080 0.020269
0.082 0.020299
0.084 0.020329
0.086 0.020360
0.088 0.020391
0.090 0.020424
0.092 0.020457
0.094 0.020491
0.096 0.020525
0.098 0.020561
0.100 0.020597
0.102 0.020634
0.104 0.020672
0.106 0.020711
0.108 0.020751
0.110 0.020791
0.112 0.020832
0.114 0.020874
0.116 0.020917
0.118 0.020961
0.120 0.021006
0.122 0.021051
0.124 0.021096
0.126 0.021143
0.128 0.021190
0.130 0.021238
0.132 0.021287
0.134 0.021337
0.136 0.021388
0.138 0.021439
0.140 0.021490
0.142 0.021542
0.144 0.021594
0.146 0.021646
0.148 0.021698
0.150 0.021751
0.152 0.021773
0.154 0.021838
0.156 0.021907
0.158 0.021967
0.160 0.022020
0.162 0.022071
0.164 0.022123
0.166 0.022175
0.168 0.022229
0.170 0.022283
0.172 0.022337
0.174 0.022391
0.176 0.022446
0.178 0.022500
0.180 0.022555
0.182 0.022578
0.184 0.022646
0.186 0.022716
0.188 0.022777
0.190 0.022832
0.192 0.022884
0.194 0.022937
0.196 0.022991
0.198 0.023046
0.200 0.023101
0.202 0.023156
0.204 0.023212
0.206 0.023267
0.208 0.023322
0.210 0.023377
0.212 0.023433
0.214 0.023488
0.216 0.023543
0.218 0.023598
0.220 0.023654
0.222 0.023709
0.224 0.023764
0.226 0.023820
0.228 0.023875
0.230 0.023930
0.232 0.023986
0.234 0.024041
0.236 0.024097
0.238 0.024152
0.240 0.024207
0.242 0.024263
0.244 0.024318
0.246 0.024374
0.248 0.024429
0.250 0.024484
0.252 0.024540
0.254 0.024595
0.256 0.024650
0.258 0.024706
0.260 0.024761
0.262 0.024816
0.264 0.024872
0.266 0.024927
0.268 0.024982
0.270 0.025038
0.272 0.025093
0.274 0.025148
0.276 0.025203
0.278 0.025259
0.280 0.025314
0.282 0.025369
0.284 0.025424
0.286 0.025479
0.288 0.025534
0.290 0.025590
0.292 0.025645
0.294 0.025700
0.296 0.025755
0.298 0.025810
0.300 0.025865
0.302 0.025920
0.304 0.025975
0.306 0.026030
0.308 0.026085
0.310 0.026140
0.312 0.026195
0.314 0.026250
0.316 0.026305
0.318 0.026359
0.320 0.026414
0.322 0.026469
0.324 0.026524
0.326 0.026579
0.328 0.026634
0.330 0.026688
0.332 0.026743
0.334 0.026798
0.336 0.026853
0.338 0.026907
0.340 0.026962
0.342 0.027017
0.344 0.027071
0.346 0.027126
0.348 0.027180
0.350 0.027204
0.352 0.027210
0.354 0.027306
0.356 0.027398
0.358 0.027467
0.360 0.027519
0.362 0.027566
0.364 0.027615
0.366 0.027667
0.368 0.027721
0.370 0.027776
0.372 0.027832
0.374 0.027887
0.376 0.027942
0.378 0.027996
0.380 0.028051
0.382 0.028105
0.384 0.028159
0.386 0.028214
0.388 0.028268
0.390 0.028322
0.392 0.028346
0.394 0.028413
0.396 0.028483
0.398 0.028544
0.400 0.028598
0.402 0.028650
0.404 0.028702
0.406 0.028786
0.408 0.028827
0.410 0.028866
0.412 0.028913
0.414 0.028968
0.416 0.029025
0.418 0.029081
0.420 0.029136
0.422 0.029191
0.424 0.029244
0.426 0.029298
0.428 0.029352
0.430 0.029406
0.432 0.029460
0.434 0.029514
0.436 0.029568
0.438 0.029683
0.440 0.029804
0.442 0.029850
0.444 0.029849
0.446 0.029838
0.448 0.029868
0.450 0.029927
0.452 0.029994
0.454 0.030059
0.456 0.030117
0.458 0.030171
0.460 0.030224
0.462 0.030275
0.464 0.030327
0.466 0.030380
0.468 0.030433
0.470 0.030487
0.472 0.030541
0.474 0.030595
0.476 0.030648
0.478 0.030702
0.480 0.030756
0.482 0.030810
0.484 0.030863
0.486 0.030917
0.488 0.030971
0.490 0.031024
0.492 0.031078
0.494 0.031132
0.496 0.031185
0.498 0.031239
0.500 0.031293
0.502 0.031346
0.504 0.031400
0.506 0.031454
0.508 0.031507
0.510 0.031561
0.512 0.031615
0.514 0.031668
0.516 0.031722
0.518 0.031775
0.520 0.031829
0.522 0.031883
0.524 0.031936
0.526 0.031990
0.528 0.032044
0.530 0.032097
0.532 0.032120
0.534 0.032186
0.536 0.032256
0.538 0.032316
0.540 0.032370
0.542 0.032421
0.544 0.032472
0.546 0.032525
0.548 0.032578
0.550 0.032632
0.552 0.032686
0.554 0.032740
0.556 0.032793
0.558 0.032847
0.560 0.032901
0.562 0.032954
0.564 0.032977
0.566 0.033043
0.568 0.033113
0.570 0.033173
0.572 0.033227
0.574 0.033278
0.576 0.033329
0.578 0.033381
0.580 0.033435
0.582 0.033489
0.584 0.033542
0.586 0.033596
0.588 0.033650
0.590 0.033704
0.592 0.033727
0.594 0.033762
0.596 0.033844
0.598 0.033920
0.600 0.033980
0.602 0.034031
0.604 0.034080
0.606 0.034131
0.608 0.034183
0.610 0.034236
0.612 0.034290
0.614 0.034345
0.616 0.034399
0.618 0.034452
0.620 0.034506
0.622 0.034560
0.624 0.034613
0.626 0.034667
0.628 0.034720
0.630 0.034774
0.632 0.034827
0.634 0.034881
0.636 0.034934
0.638 0.034988
0.640 0.035134
0.642 0.035242
0.644 0.035272
0.646 0.035263
0.648 0.035252
0.650 0.035283
0.652 0.035344
0.654 0.035412
0.656 0.035477
0.658 0.035535
0.660 0.035588
0.662 0.035640
0.664 0.035691
0.666 0.035742
0.668 0.035795
0.670 0.035878
0.672 0.035919
0.674 0.035957
0.676 0.036003
0.678 0.036057
0.680 0.036113
0.682 0.036169
0.684 0.036223
0.686 0.036277
0.688 0.036330
0.690 0.036383
0.692 0.036436
0.694 0.036489
0.696 0.036542
0.698 0.036596
0.700 0.036649
0.702 0.036702
0.704 0.036756
0.706 0.036809
0.708 0.036863
0.710 0.036916
0.712 0.036969
0.714 0.037023
0.716 0.037076
0.718 0.037129
0.720 0.037183
0.722 0.037236
0.724 0.037290
0.726 0.037343
0.728 0.037396
0.730 0.037450
0.732 0.037503
0.734 0.037557
0.736 0.037610
0.738 0.037663
0.740 0.037717
0.742 0.037770
0.744 0.037824
0.746 0.037877
0.748 0.037930
0.750 0.037984
0.752 0.038037
0.754 0.038091
0.756 0.038144
0.758 0.038198
0.760 0.038251
0.762 0.038304
0.764 0.038358
0.766 0.038411
0.768 0.038465
0.770 0.038518
0.772 0.038571
0.774 0.038625
0.776 0.038678
0.778 0.038732
0.780 0.038785
0.782 0.038839
0.784 0.038892
0.786 0.038945
0.788 0.038999
0.790 0.039052
0.792 0.039106
0.794 0.039159
0.796 0.039212
0.798 0.039266
0.800 0.039319
0.802 0.039373
0.804 0.039426
0.806 0.039480
0.808 0.039533
0.810 0.039586
0.812 0.039640
0.814 0.039693
0.816 0.039747
0.818 0.039800
0.820 0.039854
0.822 0.039907
0.824 0.039960
0.826 0.040014
0.828 0.040067
0.830 0.040121
0.832 0.040174
0.834 0.040227
0.836 0.040281
0.838 0.040334
0.840 0.040388
0.842 0.040441
0.844 0.040495
0.846 0.040548
0.848 0.040601
0.850 0.040655
0.852 0.040708
0.854 0.040762
0.856 0.040815
0.858 0.040869
0.860 0.040922
0.862 0.040975
0.864 0.041029
0.866 0.041082
0.868 0.041136
0.870 0.041158
0.872 0.041225
0.874 0.041294
0.876 0.041354
0.878 0.041407
0.880 0.041458
0.882 0.041510
0.884 0.041562
0.886 0.041615
0.888 0.041669
0.890 0.041723
0.892 0.041776
0.894 0.041830
0.896 0.041883
0.898 0.041937
0.900 0.041990
0.902 0.042044
0.904 0.042097
0.906 0.042151
0.908 0.042204
0.910 0.042288
0.912 0.042329
0.914 0.042367
0.916 0.042413
0.918 0.042467
0.920 0.042523
0.922 0.042578
0.924 0.042633
0.926 0.042687
0.928 0.042740
0.930 0.042793
0.932 0.042846
0.934 0.042899
0.936 0.042953
0.938 0.043006
0.940 0.043059
0.942 0.043113
0.944 0.043166
0.946 0.043220
0.948 0.043273
0.950 0.043357
0.952 0.043398
0.954 0.043436
0.956 0.043482
0.958 0.043536
0.960 0.043592
0.962 0.043647
0.964 0.043702
0.966 0.043755
0.968 0.043809
0.970 0.043862
0.972 0.043915
0.974 0.043968
0.976 0.044021
0.978 0.044075
0.980 0.044128
0.982 0.044182
0.984 0.044235
0.986 0.044288
0.988 0.044342
0.990 0.044395
0.992 0.044449
0.994 0.044502
0.996 0.044555
0.998 0.044609
1.000 0.044662
1.002 0.044716
1.004 0.044769
1.006 0.044822
1.008 0.044876
1.010 0.044929
1.012 0.044983
1.014 0.045036
1.016 0.045089
1.018 0.045143
1.020 0.045196
1.022 0.045250
1.024 0.045303
1.026 0.045356
1.028 0.045410
1.030 0.045463
1.032 0.045517
1.034 0.045570
1.036 0.045623
1.038 0.045677
1.040 0.045730
1.042 0.045784
1.044 0.045837
1.046 0.045891
1.048 0.045944
1.050 0.045997
1.052 0.046051
1.054 0.046104
1.056 0.046158
1.058 0.046211
1.060 0.046264
1.062 0.046318
1.064 0.046371
1.066 0.046425
1.068 0.046478
1.070 0.046531
1.072 0.046585
1.074 0.046638
1.076 0.046692
1.078 0.046745
1.080 0.046798
1.082 0.046852
1.084 0.046905
1.086 0.046959
1.088 0.047012
1.090 0.047066
1.092 0.047119
1.094 0.047172
1.096 0.047226
1.098 0.047279
1.100 0.047333
1.102 0.047386
1.104 0.047439
1.106 0.047493
1.108 0.047546
1.110 0.047631
1.112 0.047671
1.114 0.047709
1.116 0.047756
1.118 0.047809
1.120 0.047865
1.122 0.047920
1.124 0.047975
1.126 0.048029
1.128 0.048082
1.130 0.048135
1.132 0.048188
1.134 0.048241
1.136 0.048295
1.138 0.048348
1.140 0.048371
1.142 0.048437
1.144 0.048506
1.146 0.048566
1.148 0.048620
1.150 0.048670
1.152 0.048691
1.154 0.048756
1.156 0.048825
1.158 0.048885
1.160 0.048939
1.162 0.048990
1.164 0.049042
1.166 0.049094
1.168 0.049147
1.170 0.049201
1.172 0.049255
1.174 0.049308
1.176 0.049362
1.178 0.049416
1.180 0.049469
1.182 0.049522
1.184 0.049576
1.186 0.049629
1.188 0.049683
1.190 0.049736
1.192 0.049790
1.194 0.049843
1.196 0.049896
1.198 0.049950
1.200 0.050003
1.202 0.050057
1.204 0.050110
1.206 0.050164
1.208 0.050217
1.210 0.050271
1.212 0.050324
1.214 0.050377
1.216 0.050431
1.218 0.050484
1.220 0.050538
1.222 0.050591
1.224 0.050645
1.226 0.050698
1.228 0.050751
1.230 0.050774
1.232 0.050840
1.234 0.050909
1.236 0.050970
1.238 0.051023
1.240 0.051074
1.242 0.051125
1.244 0.051178
1.246 0.051231
1.248 0.051284
1.250 0.051338
1.252 0.051392
1.254 0.051445
1.256 0.051499
1.258 0.051552
1.260 0.051606
1.262 0.051659
1.264 0.051713
1.266 0.051766
1.268 0.051820
1.270 0.051842
1.272 0.051877
1.274 0.051959
1.276 0.052035
1.278 0.052096
1.280 0.052147
1.282 0.052195
1.284 0.052245
1.286 0.052298
1.288 0.052351
1.290 0.052405
1.292 0.052459
1.294 0.052513
1.296 0.052567
1.298 0.052620
1.300 0.052674
1.302 0.052727
1.304 0.052781
1.306 0.052834
1.308 0.052887
1.310 0.052941
1.312 0.052994
1.314 0.053048
1.316 0.053101
1.318 0.053155
1.320 0.053208
1.322 0.053262
1.324 0.053315
1.326 0.053368
1.328 0.053422
1.330 0.053475
1.332 0.053529
1.334 0.053582
1.336 0.053636
1.338 0.053689
1.340 0.053743
1.342 0.053796
1.344 0.053849
1.346 0.053903
1.348 0.053956
1.350 0.054010
1.352 0.054032
1.354 0.054099
1.356 0.054168
1.358 0.054228
1.360 0.054281
1.362 0.054332
1.364 0.054384
1.366 0.054436
1.368 0.054489
1.370 0.054543
1.372 0.054597
1.374 0.054650
1.376 0.054704
1.378 0.054757
1.380 0.054811
1.382 0.054864
1.384 0.054918
1.386 0.054971
1.388 0.055025
1.390 0.055047
1.392 0.055052
1.394 0.055054
1.396 0.055060
1.398 0.055071
1.400 0.055115
1.402 0.055208
1.404 0.055258
1.406 0.055361
1.408 0.055441
1.410 0.055494
1.412 0.055535
1.414 0.055577
1.416 0.055623
1.418 0.055674
1.420 0.055728
1.422 0.055782
1.424 0.055836
1.426 0.055890
1.428 0.055943
1.430 0.055996
1.432 0.056048
1.434 0.056101
1.436 0.056153
1.438 0.056206
1.440 0.056258
1.442 0.056280
1.444 0.056284
1.446 0.056347
1.448 0.056451
1.450 0.056533
1.452 0.056591
1.454 0.056636
1.456 0.056681
1.458 0.056730
1.460 0.056781
1.462 0.056835
1.464 0.056889
1.466 0.056943
1.468 0.056997
1.470 0.057050
1.472 0.057104
1.474 0.057126
1.476 0.057192
1.478 0.057261
1.480 0.057321
1.482 0.057343
1.484 0.057407
1.486 0.057474
1.488 0.057533
1.490 0.057586
1.492 0.057637
1.494 0.057688
1.496 0.057741
1.498 0.057794
1.500 0.057847
1.502 0.057901
1.504 0.057955
1.506 0.058008
1.508 0.058062
1.510 0.058146
1.512 0.058218
1.514 0.058243
1.516 0.058273
1.518 0.058320
1.520 0.058376
1.522 0.058434
1.524 0.058491
1.526 0.058545
1.528 0.058599
1.530 0.058652
1.532 0.058705
1.534 0.058758
1.536 0.058811
1.538 0.058864
1.540 0.058887
1.542 0.058953
1.544 0.059022
1.546 0.059082
1.548 0.059136
1.550 0.059187
1.552 0.059238
1.554 0.059291
1.556 0.059344
1.558 0.059428
1.560 0.059500
1.562 0.059525
1.564 0.059556
1.566 0.059603
1.568 0.059659
1.570 0.059717
1.572 0.059774
1.574 0.059829
1.576 0.059882
1.578 0.059935
1.580 0.059988
1.582 0.060041
1.584 0.060094
1.586 0.060148
1.588 0.060201
1.590 0.060255
1.592 0.060308
1.594 0.060331
1.596 0.060397
1.598 0.060466
1.600 0.060527
1.602 0.060580
1.604 0.060631
1.606 0.060682
1.608 0.060735
1.610 0.060788
1.612 0.060842
1.614 0.060895
1.616 0.060949
1.618 0.061003
1.620 0.061056
1.622 0.061110
1.624 0.061163
1.626 0.061217
1.628 0.061270
1.630 0.061324
1.632 0.061377
1.634 0.061431
1.636 0.061484
1.638 0.061538
1.640 0.061591
1.642 0.061614
1.644 0.061618
1.646 0.061620
1.648 0.061689
1.650 0.061829
1.652 0.061932
1.654 0.061992
1.656 0.062032
1.658 0.062072
1.660 0.062117
1.662 0.062168
1.664 0.062223
1.666 0.062279
1.668 0.062334
1.670 0.062389
1.672 0.062444
1.674 0.062498
1.676 0.062551
1.678 0.062605
1.680 0.062658
1.682 0.062711
1.684 0.062765
1.686 0.062818
1.688 0.062872
1.690 0.062925
1.692 0.062979
1.694 0.063033
1.696 0.063086
1.698 0.063140
1.700 0.063193
1.702 0.063247
1.704 0.063300
1.706 0.063354
1.708 0.063407
1.710 0.063461
1.712 0.063514
1.714 0.063568
1.716 0.063622
1.718 0.063675
1.720 0.063729
1.722 0.063782
1.724 0.063836
1.726 0.063889
1.728 0.063943
1.730 0.063996
1.732 0.064050
1.734 0.064103
1.736 0.064157
1.738 0.064210
1.740 0.064264
1.742 0.064317
1.744 0.064371
1.746 0.064424
1.748 0.064478
1.750 0.064531
1.752 0.064585
1.754 0.064638
1.756 0.064692
1.758 0.064745
1.760 0.064798
1.762 0.064852
1.764 0.064905
1.766 0.064959
1.768 0.065012
1.770 0.065066
1.772 0.065119
1.774 0.065173
1.776 0.065226
1.778 0.065280
1.780 0.065333
1.782 0.065386
1.784 0.065440
1.786 0.065493
1.788 0.065547
1.790 0.065600
1.792 0.065654
1.794 0.065707
1.796 0.065761
1.798 0.065814
1.800 0.065868
1.802 0.065921
1.804 0.065974
1.806 0.066028
1.808 0.066081
1.810 0.066135
1.812 0.066188
1.814 0.066242
1.816 0.066295
1.818 0.066349
1.820 0.066402
1.822 0.066456
1.824 0.066509
1.826 0.066562
1.828 0.066616
1.830 0.066762
1.832 0.066839
1.834 0.066850
1.836 0.066839
1.838 0.066863
1.840 0.066917
1.842 0.066982
1.844 0.067046
1.846 0.067104
1.848 0.067159
1.850 0.067211
1.852 0.067263
1.854 0.067314
1.856 0.067367
1.858 0.067420
1.860 0.067473
1.862 0.067526
1.864 0.067580
1.866 0.067633
1.868 0.067687
1.870 0.067740
1.872 0.067793
1.874 0.067816
1.876 0.067882
1.878 0.067951
1.880 0.068011
1.882 0.068064
1.884 0.068115
1.886 0.068166
1.888 0.068219
1.890 0.068272
1.892 0.068325
1.894 0.068379
1.896 0.068433
1.898 0.068486
1.900 0.068540
1.902 0.068593
1.904 0.068647
1.906 0.068700
1.908 0.068753
1.910 0.068807
1.912 0.068860
1.914 0.068914
1.916 0.068967
1.918 0.069020
1.920 0.069074
1.922 0.069127
1.924 0.069180
1.926 0.069234
1.928 0.069287
1.930 0.069341
1.932 0.069394
1.934 0.069447
1.936 0.069501
1.938 0.069554
1.940 0.069608
1.942 0.069661
1.944 0.069714
1.946 0.069768
1.948 0.069821
1.950 0.069875
1.952 0.069897
1.954 0.069902
1.956 0.069996
1.958 0.070088
1.960 0.070155
1.962 0.070206
1.964 0.070252
1.966 0.070300
1.968 0.070351
1.970 0.070404
1.972 0.070459
1.974 0.070513
1.976 0.070567
1.978 0.070621
1.980 0.070675
1.982 0.070728
1.984 0.070782
1.986 0.070835
1.988 0.070889
1.990 0.070942
1.992 0.070995
1.994 0.071049
1.996 0.071102
1.998 0.071156
2.000 0.071209
2.002 0.071232
2.004 0.071298
2.006 0.071367
2.008 0.071427
2.010 0.071481
2.012 0.071532
2.014 0.071583
2.016 0.071635
2.018 0.071689
2.020 0.071742
2.022 0.071796
2.024 0.071850
2.026 0.071903
2.028 0.071957
2.030 0.072011
2.032 0.072064
2.034 0.072117
2.036 0.072171
2.038 0.072224
2.040 0.072278
2.042 0.072331
2.044 0.072385
2.046 0.072438
2.048 0.072492
2.050 0.072545
2.052 0.072598
2.054 0.072652
2.056 0.072705
2.058 0.072759
2.060 0.072812
2.062 0.072866
2.064 0.072919
2.066 0.072972
2.068 0.073026
2.070 0.073110
2.072 0.073151
2.074 0.073189
2.076 0.073235
2.078 0.073289
2.080 0.073345
2.082 0.073400
2.084 0.073455
2.086 0.073508
2.088 0.073562
2.090 0.073615
2.092 0.073668
2.094 0.073721
2.096 0.073774
2.098 0.073828
2.100 0.073881
2.102 0.073935
2.104 0.073988
2.106 0.074041
2.108 0.074095
2.110 0.074148
2.112 0.074202
2.114 0.074255
2.116 0.074309
2.118 0.074362
2.120 0.074415
2.122 0.074469
2.124 0.074553
2.126 0.074594
2.128 0.074631
2.130 0.074678
2.132 0.074731
2.134 0.074787
2.136 0.074812
2.138 0.074879
2.140 0.074949
2.142 0.075009
2.144 0.075062
2.146 0.075112
2.148 0.075163
2.150 0.075216
2.152 0.075269
2.154 0.075322
2.156 0.075376
2.158 0.075430
2.160 0.075483
2.162 0.075537
2.164 0.075590
2.166 0.075644
2.168 0.075666
2.170 0.075733
2.172 0.075802
2.174 0.075862
2.176 0.075915
2.178 0.075966
2.180 0.076018
2.182 0.076070
2.184 0.076123
2.186 0.076177
2.188 0.076230
2.190 0.076284
2.192 0.076338
2.194 0.076391
2.196 0.076445
2.198 0.076498
2.200 0.076552
2.202 0.076605
2.204 0.076658
2.206 0.076712
2.208 0.076765
2.210 0.076819
2.212 0.076872
2.214 0.076926
2.216 0.076979
2.218 0.077032
2.220 0.077086
2.222 0.077139
2.224 0.077193
2.226 0.077246
2.228 0.077300
2.230 0.077353
2.232 0.077406
2.234 0.077460
2.236 0.077513
2.238 0.077567
2.240 0.077620
2.242 0.077674
2.244 0.077727
2.246 0.077780
2.248 0.077834
2.250 0.077887
2.252 0.077941
2.254 0.077994
2.256 0.078048
2.258 0.078101
2.260 0.078154
2.262 0.078208
2.264 0.078261
2.266 0.078315
2.268 0.078368
2.270 0.078421
2.272 0.078475
2.274 0.078528
2.276 0.078582
2.278 0.078635
2.280 0.078689
2.282 0.078742
2.284 0.078795
2.286 0.078849
2.288 0.078902
2.290 0.078956
2.292 0.079009
2.294 0.079062
2.296 0.079116
2.298 0.079169
2.300 0.079223
2.302 0.079276
2.304 0.079330
2.306 0.079383
2.308 0.079436
2.310 0.079490
2.312 0.079543
2.314 0.079566
2.316 0.079632
2.318 0.079701
2.320 0.079761
2.322 0.079815
2.324 0.079866
2.326 0.079917
2.328 0.079969
2.330 0.080022
2.332 0.080076
2.334 0.080130
2.336 0.080183
2.338 0.080237
2.340 0.080291
2.342 0.080344
2.344 0.080398
2.346 0.080451
2.348 0.080504
2.350 0.080558
2.352 0.080611
2.354 0.080665
2.356 0.080718
2.358 0.080771
2.360 0.080825
2.362 0.080878
2.364 0.080932
2.366 0.080985
2.368 0.081039
2.370 0.081092
2.372 0.081145
2.374 0.081199
2.376 0.081252
2.378 0.081306
2.380 0.081359
2.382 0.081413
2.384 0.081466
2.386 0.081519
2.388 0.081573
2.390 0.081595
2.392 0.081662
2.394 0.081731
2.396 0.081791
2.398 0.081844
2.400 0.081895
2.402 0.081947
2.404 0.081999
2.406 0.082052
2.408 0.082106
2.410 0.082160
2.412 0.082213
2.414 0.082267
2.416 0.082320
2.418 0.082374
2.420 0.082427
2.422 0.082481
2.424 0.082534
2.426 0.082588
2.428 0.082641
2.430 0.082694
2.432 0.082748
2.434 0.082801
2.436 0.082855
2.438 0.082908
2.440 0.082962
2.442 0.083015
2.444 0.083068
2.446 0.083122
2.448 0.083175
2.450 0.083229
2.452 0.083282
2.454 0.083336
2.456 0.083389
2.458 0.083442
2.460 0.083496
2.462 0.083549
2.464 0.083603
2.466 0.083656
2.468 0.083710
2.470 0.083763
2.472 0.083816
2.474 0.083870
2.476 0.083923
2.478 0.083977
2.480 0.084030
2.482 0.084084
2.484 0.084137
2.486 0.084190
2.488 0.084244
2.490 0.084297
2.492 0.084351
2.494 0.084404
2.496 0.084458
2.498 0.084511
2.500 0.084564
2.502 0.084618
2.504 0.084671
2.506 0.084725
2.508 0.084778
2.510 0.084801
2.512 0.084867
2.514 0.084936
2.516 0.084996
2.518 0.085050
2.520 0.085101
2.522 0.085152
2.524 0.085204
2.526 0.085257
2.528 0.085311
2.530 0.085365
2.532 0.085418
2.534 0.085472
2.536 0.085526
2.538 0.085579
2.540 0.085633
2.542 0.085686
2.544 0.085739
2.546 0.085793
2.548 0.085846
2.550 0.085900
2.552 0.085953
2.554 0.086006
2.556 0.086060
2.558 0.086113
2.560 0.086167
2.562 0.086220
2.564 0.086274
2.566 0.086327
2.568 0.086380
2.570 0.086434
2.572 0.086487
2.574 0.086541
2.576 0.086594
2.578 0.086648
2.580 0.086701
2.582 0.086754
2.584 0.086808
2.586 0.086861
2.588 0.086915
2.590 0.086937
2.592 0.086942
2.594 0.086944
2.596 0.086981
2.598 0.087041
2.600 0.087075
2.602 0.087178
2.604 0.087328
2.606 0.087392
2.608 0.087455
2.610 0.087504
2.612 0.087548
2.614 0.087594
2.616 0.087645
2.618 0.087700
2.620 0.087756
2.622 0.087812
2.624 0.087836
2.626 0.087904
2.628 0.087974
2.630 0.088034
2.632 0.088088
2.634 0.088139
2.636 0.088190
2.638 0.088243
2.640 0.088296
2.642 0.088350
2.644 0.088404
2.646 0.088458
2.648 0.088481
2.650 0.088547
2.652 0.088617
2.654 0.088677
2.656 0.088731
2.658 0.088782
2.660 0.088833
2.662 0.088886
2.664 0.088939
2.666 0.088993
2.668 0.089047
2.670 0.089070
2.672 0.089075
2.674 0.089139
2.676 0.089244
2.678 0.089296
2.680 0.089336
2.682 0.089380
2.684 0.089460
2.686 0.089532
2.688 0.089588
2.690 0.089638
2.692 0.089687
2.694 0.089738
2.696 0.089791
2.698 0.089845
2.700 0.089900
2.702 0.089954
2.704 0.090009
2.706 0.090062
2.708 0.090116
2.710 0.090170
2.712 0.090223
2.714 0.090277
2.716 0.090330
2.718 0.090384
2.720 0.090437
2.722 0.090491
2.724 0.090544
2.726 0.090598
2.728 0.090652
2.730 0.090705
2.732 0.090759
2.734 0.090812
2.736 0.090866
2.738 0.090919
2.740 0.090973
2.742 0.091026
2.744 0.091080
2.746 0.091133
2.748 0.091187
2.750 0.091240
2.752 0.091294
2.754 0.091347
2.756 0.091401
2.758 0.091454
2.760 0.091508
2.762 0.091561
2.764 0.091615
2.766 0.091668
2.768 0.091722
2.770 0.091775
2.772 0.091829
2.774 0.091882
2.776 0.091936
2.778 0.091989
2.780 0.092043
2.782 0.092096
2.784 0.092150
2.786 0.092203
2.788 0.092256
2.790 0.092310
2.792 0.092363
2.794 0.092417
2.796 0.092470
2.798 0.092524
2.800 0.092577
2.802 0.092631
2.804 0.092684
2.806 0.092737
2.808 0.092791
2.810 0.092844
2.812 0.092898
2.814 0.092951
2.816 0.093005
2.818 0.093058
2.820 0.093112
2.822 0.093165
2.824 0.093218
2.826 0.093272
2.828 0.093325
2.830 0.093379
2.832 0.093432
2.834 0.093486
2.836 0.093539
2.838 0.093592
2.840 0.093646
2.842 0.093699
2.844 0.093753
2.846 0.093806
2.848 0.093860
2.850 0.093913
2.852 0.093966
2.854 0.094020
2.856 0.094073
2.858 0.094127
2.860 0.094180
2.862 0.094233
2.864 0.094287
2.866 0.094340
2.868 0.094394
2.870 0.094478
2.872 0.094519
2.874 0.094556
2.876 0.094603
2.878 0.094656
2.880 0.094712
2.882 0.094768
2.884 0.094822
2.886 0.094876
2.888 0.094929
2.890 0.094982
2.892 0.095035
2.894 0.095089
2.896 0.095142
2.898 0.095195
2.900 0.095249
2.902 0.095302
2.904 0.095355
2.906 0.095409
2.908 0.095462
2.910 0.095516
2.912 0.095569
2.914 0.095622
2.916 0.095676
2.918 0.095729
2.920 0.095783
2.922 0.095836
2.924 0.095889
2.926 0.095943
2.928 0.095996
2.930 0.096050
2.932 0.096072
2.934 0.096138
2.936 0.096208
2.938 0.096268
2.940 0.096321
2.942 0.096372
2.944 0.096423
2.946 0.096476
2.948 0.096529
2.950 0.096582
2.952 0.096636
2.954 0.096690
2.956 0.096743
2.958 0.096859
2.960 0.096917
2.962 0.096927
2.964 0.096951
2.966 0.096997
2.968 0.097056
2.970 0.097116
2.972 0.097174
2.974 0.097229
2.976 0.097282
2.978 0.097334
2.980 0.097387
2.982 0.097440
2.984 0.097493
2.986 0.097546
2.988 0.097599
2.990 0.097653
2.992 0.097706
2.994 0.097729
2.996 0.097795
2.998 0.097864
3.000 0.097924
3.002 0.097978
3.004 0.098028
3.006 0.098080
3.008 0.098132
3.010 0.098185
3.012 0.098239
3.014 0.098292
3.016 0.098346
3.018 0.098400
3.020 0.098453
3.022 0.098507
3.024 0.098560
3.026 0.098613
3.028 0.098667
3.030 0.098720
3.032 0.098773
3.034 0.098827
3.036 0.098880
3.038 0.098934
3.040 0.098987
3.042 0.099010
3.044 0.099014
3.046 0.099016
3.048 0.099146
3.050 0.099261
3.052 0.099332
3.054 0.099378
3.056 0.099419
3.058 0.099463
3.060 0.099513
3.062 0.099566
3.064 0.099621
3.066 0.099676
3.068 0.099731
3.070 0.099786
3.072 0.099840
3.074 0.099893
3.076 0.099947
3.078 0.100000
3.080 0.100053
3.082 0.100107
3.084 0.100160
3.086 0.100214
3.088 0.100267
3.090 0.100321
3.092 0.100374
3.094 0.100428
3.096 0.100481
3.098 0.100535
3.100 0.100588
3.102 0.100641
3.104 0.100695
3.106 0.100748
3.108 0.100802
3.110 0.100855
3.112 0.100909
3.114 0.100962
3.116 0.101016
3.118 0.101069
3.120 0.101123
3.122 0.101176
3.124 0.101230
3.126 0.101283
3.128 0.101337
3.130 0.101390
3.132 0.101443
3.134 0.101497
3.136 0.101550
3.138 0.101604
3.140 0.101657
3.142 0.101711
3.144 0.101764
3.146 0.101818
3.148 0.101871
3.150 0.101925
3.152 0.101978
3.154 0.102031
3.156 0.102085
3.158 0.102138
3.160 0.102192
3.162 0.102245
3.164 0.102299
3.166 0.102352
3.168 0.102405
3.170 0.102459
3.172 0.102512
3.174 0.102566
3.176 0.102619
3.178 0.102673
3.180 0.102726
3.182 0.102779
3.184 0.102833
3.186 0.102886
3.188 0.102940
3.190 0.102993
3.192 0.103047
3.194 0.103100
3.196 0.103153
3.198 0.103207
3.200 0.103260
3.202 0.103314
3.204 0.103367
3.206 0.103420
3.208 0.103474
3.210 0.103527
3.212 0.103581
3.214 0.103634
3.216 0.103688
3.218 0.103741
3.220 0.103794
3.222 0.103879
3.224 0.103919
3.226 0.103957
3.228 0.104004
3.230 0.104088
3.232 0.104131
3.234 0.104171
3.236 0.104219
3.238 0.104272
3.240 0.104328
3.242 0.104383
3.244 0.104438
3.246 0.104491
3.248 0.104544
3.250 0.104597
3.252 0.104650
3.254 0.104704
3.256 0.104757
3.258 0.104810
3.260 0.104864
3.262 0.104917
3.264 0.104970
3.266 0.105024
3.268 0.105077
3.270 0.105100
3.272 0.105166
3.274 0.105235
3.276 0.105295
3.278 0.105349
3.280 0.105400
3.282 0.105451
3.284 0.105503
3.286 0.105556
3.288 0.105610
3.290 0.105664
3.292 0.105717
3.294 0.105771
3.296 0.105824
3.298 0.105878
3.300 0.105931
3.302 0.105985
3.304 0.106038
3.306 0.106091
3.308 0.106145
3.310 0.106167
3.312 0.106234
3.314 0.106303
3.316 0.106363
3.318 0.106416
3.320 0.106467
3.322 0.106518
3.324 0.106571
3.326 0.106624
3.328 0.106678
3.330 0.106731
3.332 0.106785
3.334 0.106839
3.336 0.106892
3.338 0.106946
3.340 0.106999
3.342 0.107022
3.344 0.107088
3.346 0.107157
3.348 0.107217
3.350 0.107240
3.352 0.107304
3.354 0.107371
3.356 0.107430
3.358 0.107483
3.360 0.107534
3.362 0.107586
3.364 0.107638
3.366 0.107692
3.368 0.107745
3.370 0.107799
3.372 0.107853
3.374 0.107907
3.376 0.107960
3.378 0.108014
3.380 0.108067
3.382 0.108120
3.384 0.108174
3.386 0.108227
3.388 0.108281
3.390 0.108334
3.392 0.108388
3.394 0.108441
3.396 0.108495
3.398 0.108548
3.400 0.108601
3.402 0.108624
3.404 0.108690
3.406 0.108759
3.408 0.108820
3.410 0.108873
3.412 0.108924
3.414 0.108944
3.416 0.108979
3.418 0.109060
3.420 0.109137
3.422 0.109197
3.424 0.109248
3.426 0.109297
3.428 0.109348
3.430 0.109400
3.432 0.109453
3.434 0.109507
3.436 0.109561
3.438 0.109615
3.440 0.109669
3.442 0.109722
3.444 0.109776
3.446 0.109829
3.448 0.109852
3.450 0.109918
3.452 0.109957
3.454 0.110030
3.456 0.110099
3.458 0.110157
3.460 0.110208
3.462 0.110258
3.464 0.110309
3.466 0.110361
3.468 0.110415
3.470 0.110469
3.472 0.110523
3.474 0.110577
3.476 0.110630
3.478 0.110684
3.480 0.110737
3.482 0.110791
3.484 0.110844
3.486 0.110898
3.488 0.110951
3.490 0.111005
3.492 0.111058
3.494 0.111112
3.496 0.111165
3.498 0.111218
3.500 0.111272
3.502 0.111325
3.504 0.111379
3.506 0.111432
3.508 0.111486
3.510 0.111539
3.512 0.111593
3.514 0.111646
3.516 0.111700
3.518 0.111753
3.520 0.111806
3.522 0.111860
3.524 0.111913
3.526 0.111967
3.528 0.112020
3.530 0.112074
3.532 0.112127
3.534 0.112180
3.536 0.112234
3.538 0.112287
3.540 0.112341
3.542 0.112394
3.544 0.112448
3.546 0.112501
3.548 0.112555
3.550 0.112608
3.552 0.112631
3.554 0.112697
3.556 0.112766
3.558 0.112826
3.560 0.112880
3.562 0.112931
3.564 0.112982
3.566 0.113034
3.568 0.113087
3.570 0.113141
3.572 0.113195
3.574 0.113249
3.576 0.113302
3.578 0.113356
3.580 0.113409
3.582 0.113463
3.584 0.113516
3.586 0.113569
3.588 0.113623
3.590 0.113676
3.592 0.113730
3.594 0.113783
3.596 0.113837
3.598 0.113890
3.600 0.113944
3.602 0.113997
3.604 0.114050
3.606 0.114104
3.608 0.114157
3.610 0.114211
3.612 0.114264
3.614 0.114318
3.616 0.114371
3.618 0.114424
3.620 0.114478
3.622 0.114531
3.624 0.114585
3.626 0.114638
3.628 0.114692
3.630 0.114745
3.632 0.114798
3.634 0.114852
3.636 0.114905
3.638 0.114959
3.640 0.114981
3.642 0.115047
3.644 0.115086
3.646 0.115159
3.648 0.115228
3.650 0.115286
3.652 0.115337
3.654 0.115387
3.656 0.115438
3.658 0.115490
3.660 0.115544
3.662 0.115598
3.664 0.115652
3.666 0.115705
3.668 0.115759
3.670 0.115813
3.672 0.115866
3.674 0.115920
3.676 0.115973
3.678 0.116026
3.680 0.116080
3.682 0.116133
3.684 0.116187
3.686 0.116240
3.688 0.116293
3.690 0.116347
3.692 0.116400
3.694 0.116454
3.696 0.116507
3.698 0.116561
3.700 0.116614
3.702 0.116667
3.704 0.116721
3.706 0.116774
3.708 0.116828
3.710 0.116881
3.712 0.116935
3.714 0.116988
3.716 0.117041
3.718 0.117095
3.720 0.117148
3.722 0.117202
3.724 0.117255
3.726 0.117309
3.728 0.117362
3.730 0.117415
3.732 0.117469
3.734 0.117522
3.736 0.117576
3.738 0.117629
3.740 0.117683
3.742 0.117736
3.744 0.117789
3.746 0.117843
3.748 0.117896
3.750 0.117981
3.752 0.118021
3.754 0.118059
3.756 0.118106
3.758 0.118159
3.760 0.118215
3.762 0.118271
3.764 0.118325
3.766 0.118348
3.768 0.118414
3.770 0.118483
3.772 0.118543
3.774 0.118596
3.776 0.118647
3.778 0.118698
3.780 0.118750
3.782 0.118803
3.784 0.118857
3.786 0.118911
3.788 0.118964
3.790 0.119018
3.792 0.119072
3.794 0.119125
3.796 0.119148
3.798 0.119214
3.800 0.119283
3.802 0.119343
3.804 0.119397
3.806 0.119447
3.808 0.119499
3.810 0.119551
3.812 0.119604
3.814 0.119658
3.816 0.119712
3.818 0.119765
3.820 0.119819
3.822 0.119872
3.824 0.119926
3.826 0.119979
3.828 0.120033
3.830 0.120117
3.832 0.120158
3.834 0.120195
3.836 0.120242
3.838 0.120296
3.840 0.120351
3.842 0.120407
3.844 0.120462
3.846 0.120515
3.848 0.120568
3.850 0.120622
3.852 0.120675
3.854 0.120728
3.856 0.120781
3.858 0.120835
3.860 0.120888
3.862 0.120941
3.864 0.120964
3.866 0.121030
3.868 0.121099
3.870 0.121160
3.872 0.121213
3.874 0.121264
3.876 0.121315
3.878 0.121367
3.880 0.121421
3.882 0.121474
3.884 0.121528
3.886 0.121582
3.888 0.121635
3.890 0.121689
3.892 0.121742
3.894 0.121796
3.896 0.121849
3.898 0.121903
3.900 0.121956
3.902 0.122009
3.904 0.122063
3.906 0.122116
3.908 0.122170
3.910 0.122223
3.912 0.122276
3.914 0.122330
3.916 0.122383
3.918 0.122437
3.920 0.122490
3.922 0.122544
3.924 0.122597
3.926 0.122650
3.928 0.122673
3.930 0.122739
3.932 0.122808
3.934 0.122869
3.936 0.122922
3.938 0.122973
3.940 0.123024
3.942 0.123076
3.944 0.123130
3.946 0.123183
3.948 0.123237
3.950 0.123291
3.952 0.123344
3.954 0.123398
3.956 0.123451
3.958 0.123474
3.960 0.123540
3.962 0.123609
3.964 0.123670
3.966 0.123723
3.968 0.123774
3.970 0.123825
3.972 0.123878
3.974 0.123931
3.976 0.123984
3.978 0.124038
3.980 0.124092
3.982 0.124145
3.984 0.124199
3.986 0.124253
3.988 0.124306
3.990 0.124328
3.992 0.124333
3.994 0.124335
3.996 0.124404
3.998 0.124543
4.000 0.124646
4.002 0.124706
4.004 0.124747
4.006 0.124786
4.008 0.124832
4.010 0.124883
4.012 0.124937
4.014 0.124993
4.016 0.125048
4.018 0.125103
4.020 0.125158
4.022 0.125212
4.024 0.125265
4.026 0.125319
4.028 0.125372
4.030 0.125425
4.032 0.125479
4.034 0.125532
4.036 0.125586
4.038 0.125639
4.040 0.125693
4.042 0.125746
4.044 0.125800
4.046 0.125853
4.048 0.125907
4.050 0.125960
4.052 0.126014
4.054 0.126067
4.056 0.126121
4.058 0.126174
4.060 0.126228
4.062 0.126281
4.064 0.126335
4.066 0.126388
4.068 0.126442
4.070 0.126495
4.072 0.126549
4.074 0.126602
4.076 0.126656
4.078 0.126709
4.080 0.126763
4.082 0.126816
4.084 0.126870
4.086 0.126923
4.088 0.126977
4.090 0.127030
4.092 0.127084
4.094 0.127137
4.096 0.127190
4.098 0.127244
4.100 0.127297
4.102 0.127351
4.104 0.127404
4.106 0.127458
4.108 0.127511
4.110 0.127565
4.112 0.127618
4.114 0.127672
4.116 0.127725
4.118 0.127778
4.120 0.127832
4.122 0.127885
4.124 0.127939
4.126 0.127992
4.128 0.128046
4.130 0.128099
4.132 0.128152
4.134 0.128206
4.136 0.128259
4.138 0.128313
4.140 0.128366
4.142 0.128420
4.144 0.128473
4.146 0.128527
4.148 0.128580
4.150 0.128633
4.152 0.128687
4.154 0.128740
4.156 0.128794
4.158 0.128847
4.160 0.128901
4.162 0.128954
4.164 0.129007
4.166 0.129061
4.168 0.129114
4.170 0.129168
4.172 0.129221
4.174 0.129275
4.176 0.129328
4.178 0.129381
4.180 0.129435
4.182 0.129488
4.184 0.129542
4.186 0.129595
4.188 0.129648
4.190 0.129702
4.192 0.129755
4.194 0.129809
4.196 0.129862
4.198 0.129915
4.200 0.129969
4.202 0.130022
4.204 0.130076
4.206 0.130129
4.208 0.130183
4.210 0.130236
4.212 0.130289
4.214 0.130343
4.216 0.130396
4.218 0.130450
4.220 0.130503
4.222 0.130556
4.224 0.130610
4.226 0.130663
4.228 0.130717
4.230 0.130770
4.232 0.130823
4.234 0.130877
4.236 0.130930
4.238 0.130984
4.240 0.131037
4.242 0.131091
4.244 0.131144
4.246 0.131197
4.248 0.131251
4.250 0.131304
4.252 0.131358
4.254 0.131411
4.256 0.131464
4.258 0.131518
4.260 0.131571
4.262 0.131625
4.264 0.131678
4.266 0.131732
4.268 0.131785
4.270 0.131838
4.272 0.131892
4.274 0.131945
4.276 0.131999
4.278 0.132021
4.280 0.132087
4.282 0.132157
4.284 0.132217
4.286 0.132270
4.288 0.132321
4.290 0.132372
4.292 0.132425
4.294 0.132478
4.296 0.132531
4.298 0.132585
4.300 0.132639
4.302 0.132693
4.304 0.132746
4.306 0.132800
4.308 0.132853
4.310 0.132906
4.312 0.132960
4.314 0.133013
4.316 0.133067
4.318 0.133120
4.320 0.133173
4.322 0.133227
4.324 0.133280
4.326 0.133334
4.328 0.133387
4.330 0.133441
4.332 0.133494
4.334 0.133548
4.336 0.133601
4.338 0.133654
4.340 0.133708
4.342 0.133761
4.344 0.133815
4.346 0.133868
4.348 0.133921
4.350 0.133975
4.352 0.133997
4.354 0.134002
4.356 0.134097
4.358 0.134188
4.360 0.134256
4.362 0.134306
4.364 0.134353
4.366 0.134401
4.368 0.134452
4.370 0.134505
4.372 0.134559
4.374 0.134613
4.376 0.134667
4.378 0.134721
4.380 0.134775
4.382 0.134829
4.384 0.134882
4.386 0.134936
4.388 0.134989
4.390 0.135042
4.392 0.135096
4.394 0.135149
4.396 0.135203
4.398 0.135256
4.400 0.135310
4.402 0.135363
4.404 0.135416
4.406 0.135470
4.408 0.135523
4.410 0.135577
4.412 0.135630
4.414 0.135684
4.416 0.135737
4.418 0.135791
4.420 0.135844
4.422 0.135898
4.424 0.135951
4.426 0.136004
4.428 0.136058
4.430 0.136111
4.432 0.136165
4.434 0.136218
4.436 0.136272
4.438 0.136325
4.440 0.136378
4.442 0.136432
4.444 0.136485
4.446 0.136539
4.448 0.136592
4.450 0.136646
4.452 0.136668
4.454 0.136734
4.456 0.136804
4.458 0.136864
4.460 0.136917
4.462 0.136968
4.464 0.137019
4.466 0.137072
4.468 0.137125
4.470 0.137148
4.472 0.137152
4.474 0.137155
4.476 0.137285
4.478 0.137400
4.480 0.137440
4.482 0.137468
4.484 0.137537
4.486 0.137604
4.488 0.137661
4.490 0.137712
4.492 0.137762
4.494 0.137814
4.496 0.137868
4.498 0.137922
4.500 0.137976
4.502 0.138031
4.504 0.138085
4.506 0.138138
4.508 0.138192
4.510 0.138245
4.512 0.138299
4.514 0.138352
4.516 0.138406
4.518 0.138459
4.520 0.138513
4.522 0.138566
4.524 0.138620
4.526 0.138673
4.528 0.138727
4.530 0.138780
4.532 0.138834
4.534 0.138918
4.536 0.138959
4.538 0.138997
4.540 0.139043
4.542 0.139097
4.544 0.139153
4.546 0.139209
4.548 0.139263
4.550 0.139317
4.552 0.139370
4.554 0.139423
4.556 0.139477
4.558 0.139530
4.560 0.139583
4.562 0.139637
4.564 0.139690
4.566 0.139743
4.568 0.139797
4.570 0.139850
4.572 0.139904
4.574 0.139957
4.576 0.140011
4.578 0.140064
4.580 0.140118
4.582 0.140233
4.584 0.140292
4.586 0.140301
4.588 0.140325
4.590 0.140433
4.592 0.140559
4.594 0.140611
4.596 0.140613
4.598 0.140603
4.600 0.140632
4.602 0.140690
4.604 0.140756
4.606 0.140820
4.608 0.140877
4.610 0.140931
4.612 0.140982
4.614 0.141033
4.616 0.141085
4.618 0.141137
4.620 0.141190
4.622 0.141243
4.624 0.141297
4.626 0.141350
4.628 0.141404
4.630 0.141457
4.632 0.141479
4.634 0.141484
4.636 0.141578
4.638 0.141670
4.640 0.141737
4.642 0.141788
4.644 0.141834
4.646 0.141882
4.648 0.141932
4.650 0.141985
4.652 0.142040
4.654 0.142094
4.656 0.142148
4.658 0.142202
4.660 0.142255
4.662 0.142309
4.664 0.142362
4.666 0.142415
4.668 0.142469
4.670 0.142522
4.672 0.142576
4.674 0.142598
4.676 0.142664
4.678 0.142733
4.680 0.142763
4.682 0.142829
4.684 0.142896
4.686 0.142954
4.688 0.143006
4.690 0.143057
4.692 0.143108
4.694 0.143161
4.696 0.143214
4.698 0.143268
4.700 0.143322
4.702 0.143375
4.704 0.143429
4.706 0.143483
4.708 0.143536
4.710 0.143589
4.712 0.143643
4.714 0.143696
4.716 0.143750
4.718 0.143803
4.720 0.143856
4.722 0.143910
4.724 0.143963
4.726 0.144017
4.728 0.144070
4.730 0.144124
4.732 0.144177
4.734 0.144230
4.736 0.144284
4.738 0.144337
4.740 0.144391
4.742 0.144444
4.744 0.144498
4.746 0.144551
4.748 0.144604
4.750 0.144658
4.752 0.144711
4.754 0.144765
4.756 0.144818
4.758 0.144872
4.760 0.144925
4.762 0.144978
4.764 0.145032
4.766 0.145085
4.768 0.145139
4.770 0.145192
4.772 0.145246
4.774 0.145299
4.776 0.145352
4.778 0.145406
4.780 0.145459
4.782 0.145513
4.784 0.145566
4.786 0.145620
4.788 0.145673
4.790 0.145726
4.792 0.145780
4.794 0.145833
4.796 0.145887
4.798 0.145940
4.800 0.145994
4.802 0.146047
4.804 0.146100
4.806 0.146154
4.808 0.146207
4.810 0.146261
4.812 0.146314
4.814 0.146367
4.816 0.146421
4.818 0.146474
4.820 0.146528
4.822 0.146581
4.824 0.146635
4.826 0.146688
4.828 0.146741
4.830 0.146795
4.832 0.146848
4.834 0.146902
4.836 0.146955
4.838 0.147009
4.840 0.147062
4.842 0.147115
4.844 0.147169
4.846 0.147222
4.848 0.147276
4.850 0.147329
4.852 0.147383
4.854 0.147436
4.856 0.147489
4.858 0.147543
4.860 0.147596
4.862 0.147650
4.864 0.147703
4.866 0.147756
4.868 0.147810
4.870 0.147863
4.872 0.147917
4.874 0.147970
4.876 0.148024
4.878 0.148077
4.880 0.148130
4.882 0.148184
4.884 0.148237
4.886 0.148291
4.888 0.148344
4.890 0.148397
4.892 0.148451
4.894 0.148504
4.896 0.148558
4.898 0.148611
4.900 0.148664
4.902 0.148718
4.904 0.148771
4.906 0.148825
4.908 0.148878
4.910 0.148932
4.912 0.148954
4.914 0.149020
4.916 0.149089
4.918 0.149150
4.920 0.149203
4.922 0.149254
4.924 0.149305
4.926 0.149358
4.928 0.149411
4.930 0.149464
4.932 0.149518
4.934 0.149572
4.936 0.149625
4.938 0.149679
4.940 0.149732
4.942 0.149786
4.944 0.149839
4.946 0.149893
4.948 0.149946
4.950 0.150000
4.952 0.150022
4.954 0.150088
4.956 0.150157
4.958 0.150218
4.960 0.150271
4.962 0.150322
4.964 0.150373
4.966 0.150426
4.968 0.150479
4.970 0.150532
4.972 0.150586
4.974 0.150640
4.976 0.150694
4.978 0.150747
4.980 0.150801
4.982 0.150854
4.984 0.150907
4.986 0.150961
4.988 0.151014
4.990 0.151037
4.992 0.151103
4.994 0.151172
4.996 0.151233
4.998 0.151286
5.000 0.151337
5.002 0.151388
5.004 0.151440
5.006 0.151494
5.008 0.151547
5.010 0.151601
5.012 0.151655
5.014 0.151708
5.016 0.151762
5.018 0.151815
5.020 0.151869
5.022 0.151922
5.024 0.151976
5.026 0.152029
5.028 0.152083
5.030 0.152136
5.032 0.152190
5.034 0.152243
5.036 0.152296
5.038 0.152350
5.040 0.152403
5.042 0.152457
5.044 0.152510
5.046 0.152564
5.048 0.152617
5.050 0.152670
5.052 0.152724
5.054 0.152777
5.056 0.152831
5.058 0.152884
5.060 0.152938
5.062 0.152991
5.064 0.153044
5.066 0.153098
5.068 0.153151
5.070 0.153205
5.072 0.153258
5.074 0.153312
5.076 0.153365
5.078 0.153388
5.080 0.153454
5.082 0.153523
5.084 0.153583
5.086 0.153637
5.088 0.153688
5.090 0.153739
5.092 0.153791
5.094 0.153844
5.096 0.153898
5.098 0.153952
5.100 0.154005
5.102 0.154059
5.104 0.154113
5.106 0.154166
5.108 0.154220
5.110 0.154273
5.112 0.154326
5.114 0.154380
5.116 0.154433
5.118 0.154487
5.120 0.154540
5.122 0.154593
5.124 0.154647
5.126 0.154700
5.128 0.154754
5.130 0.154807
5.132 0.154861
5.134 0.154914
5.136 0.154967
5.138 0.155021
5.140 0.155074
5.142 0.155128
5.144 0.155181
5.146 0.155235
5.148 0.155288
5.150 0.155341
5.152 0.155395
5.154 0.155448
5.156 0.155502
5.158 0.155555
5.160 0.155609
5.162 0.155662
5.164 0.155715
5.166 0.155769
5.168 0.155822
5.170 0.155876
5.172 0.155929
5.174 0.155982
5.176 0.156036
5.178 0.156089
5.180 0.156143
5.182 0.156196
5.184 0.156250
5.186 0.156303
5.188 0.156356
5.190 0.156410
5.192 0.156463
5.194 0.156517
5.196 0.156570
5.198 0.156623
5.200 0.156677
5.202 0.156730
5.204 0.156784
5.206 0.156837
5.208 0.156891
5.210 0.156944
5.212 0.156997
5.214 0.157051
5.216 0.157104
5.218 0.157158
5.220 0.157211
5.222 0.157265
5.224 0.157318
5.226 0.157371
5.228 0.157425
5.230 0.157478
5.232 0.157532
5.234 0.157585
5.236 0.157638
5.238 0.157692
5.240 0.157745
5.242 0.157799
5.244 0.157852
5.246 0.157906
5.248 0.157959
5.250 0.158012
5.252 0.158066
5.254 0.158119
5.256 0.158173
5.258 0.158226
5.260 0.158280
5.262 0.158333
5.264 0.158386
5.266 0.158440
5.268 0.158493
5.270 0.158516
5.272 0.158520
5.274 0.158522
5.276 0.158652
5.278 0.158767
5.280 0.158838
5.282 0.158884
5.284 0.158925
5.286 0.158969
5.288 0.159019
5.290 0.159073
5.292 0.159128
5.294 0.159183
5.296 0.159238
5.298 0.159292
5.300 0.159346
5.302 0.159368
5.304 0.159435
5.306 0.159504
5.308 0.159564
5.310 0.159617
5.312 0.159668
5.314 0.159689
5.316 0.159754
5.318 0.159823
5.320 0.159884
5.322 0.159937
5.324 0.159989
5.326 0.160040
5.328 0.160093
5.330 0.160146
5.332 0.160200
5.334 0.160253
5.336 0.160307
5.338 0.160361
5.340 0.160414
5.342 0.160468
5.344 0.160521
5.346 0.160575
5.348 0.160628
5.350 0.160682
5.352 0.160735
5.354 0.160789
5.356 0.160842
5.358 0.160896
5.360 0.160949
5.362 0.161003
5.364 0.161056
5.366 0.161140
5.368 0.161181
5.370 0.161219
5.372 0.161265
5.374 0.161319
5.376 0.161375
5.378 0.161431
5.380 0.161454
5.382 0.161521
5.384 0.161590
5.386 0.161650
5.388 0.161703
5.390 0.161815
5.392 0.161872
5.394 0.161880
5.396 0.161904
5.398 0.161951
5.400 0.161978
5.402 0.162052
5.404 0.162126
5.406 0.162188
5.408 0.162241
5.410 0.162291
5.412 0.162341
5.414 0.162393
5.416 0.162446
5.418 0.162499
5.420 0.162553
5.422 0.162606
5.424 0.162660
5.426 0.162714
5.428 0.162767
5.430 0.162821
5.432 0.162843
5.434 0.162909
5.436 0.162978
5.438 0.163039
5.440 0.163092
5.442 0.163143
5.444 0.163194
5.446 0.163246
5.448 0.163300
5.450 0.163353
5.452 0.163407
5.454 0.163461
5.456 0.163514
5.458 0.163568
5.460 0.163621
5.462 0.163644
5.464 0.163710
5.466 0.163779
5.468 0.163839
5.470 0.163893
5.472 0.163944
5.474 0.163995
5.476 0.164047
5.478 0.164100
5.480 0.164154
5.482 0.164208
5.484 0.164262
5.486 0.164315
5.488 0.164369
5.490 0.164422
5.492 0.164476
5.494 0.164529
5.496 0.164582
5.498 0.164636
5.500 0.164689
5.502 0.164743
5.504 0.164796
5.506 0.164850
5.508 0.164903
5.510 0.164926
5.512 0.164961
5.514 0.165012
5.516 0.165070
5.518 0.165097
5.520 0.165196
5.522 0.165283
5.524 0.165344
5.526 0.165392
5.528 0.165437
5.530 0.165485
5.532 0.165537
5.534 0.165591
5.536 0.165646
5.538 0.165700
5.540 0.165755
5.542 0.165809
5.544 0.165863
5.546 0.165916
5.548 0.165969
5.550 0.165992
5.552 0.166058
5.554 0.166127
5.556 0.166188
5.558 0.166272
5.560 0.166310
5.562 0.166346
5.564 0.166391
5.566 0.166445
5.568 0.166501
5.570 0.166557
5.572 0.166612
5.574 0.166666
5.576 0.166719
5.578 0.166772
5.580 0.166826
5.582 0.166879
5.584 0.166932
5.586 0.166985
5.588 0.167039
5.590 0.167092
5.592 0.167115
5.594 0.167181
5.596 0.167251
5.598 0.167311
5.600 0.167364
5.602 0.167415
5.604 0.167466
5.606 0.167519
5.608 0.167572
5.610 0.167626
5.612 0.167679
5.614 0.167733
5.616 0.167787
5.618 0.167840
5.620 0.167894
5.622 0.167947
5.624 0.168001
5.626 0.168054
5.628 0.168108
5.630 0.168161
5.632 0.168215
5.634 0.168268
5.636 0.168321
5.638 0.168375
5.640 0.168428
5.642 0.168482
5.644 0.168535
5.646 0.168589
5.648 0.168642
5.650 0.168696
5.652 0.168780
5.654 0.168821
5.656 0.168858
5.658 0.168905
5.660 0.168958
5.662 0.169014
5.664 0.169070
5.666 0.169124
5.668 0.169178
5.670 0.169231
5.672 0.169284
5.674 0.169337
5.676 0.169391
5.678 0.169444
5.680 0.169497
5.682 0.169551
5.684 0.169604
5.686 0.169658
5.688 0.169711
5.690 0.169764
5.692 0.169818
5.694 0.169871
5.696 0.169925
5.698 0.169978
5.700 0.170031
5.702 0.170085
5.704 0.170138
5.706 0.170192
5.708 0.170245
5.710 0.170299
5.712 0.170352
5.714 0.170375
5.716 0.170441
5.718 0.170510
5.720 0.170570
5.722 0.170624
5.724 0.170674
5.726 0.170726
5.728 0.170778
5.730 0.170831
5.732 0.170885
5.734 0.170939
5.736 0.170992
5.738 0.171046
5.740 0.171099
5.742 0.171153
5.744 0.171206
5.746 0.171260
5.748 0.171313
5.750 0.171336
5.752 0.171340
5.754 0.171435
5.756 0.171527
5.758 0.171594
5.760 0.171644
5.762 0.171691
5.764 0.171739
5.766 0.171790
5.768 0.171843
5.770 0.171897
5.772 0.171951
5.774 0.172006
5.776 0.172060
5.778 0.172113
5.780 0.172167
5.782 0.172220
5.784 0.172274
5.786 0.172327
5.788 0.172380
5.790 0.172496
5.792 0.172585
5.794 0.172643
5.796 0.172657
5.798 0.172653
5.800 0.172682
5.802 0.172738
5.804 0.172803
5.806 0.172866
5.808 0.172924
5.810 0.172978
5.812 0.173030
5.814 0.173081
5.816 0.173133
5.818 0.173185
5.820 0.173238
5.822 0.173291
5.824 0.173345
5.826 0.173398
5.828 0.173452
5.830 0.173505
5.832 0.173559
5.834 0.173581
5.836 0.173647
5.838 0.173716
5.840 0.173777
5.842 0.173799
5.844 0.173863
5.846 0.173930
5.848 0.173989
5.850 0.174042
5.852 0.174093
5.854 0.174144
5.856 0.174197
5.858 0.174250
5.860 0.174304
5.862 0.174358
5.864 0.174411
5.866 0.174465
5.868 0.174518
5.870 0.174572
5.872 0.174625
5.874 0.174679
5.876 0.174732
5.878 0.174754
5.880 0.174790
5.882 0.174872
5.884 0.174948
5.886 0.175008
5.888 0.175059
5.890 0.175108
5.892 0.175158
5.894 0.175210
5.896 0.175263
5.898 0.175317
5.900 0.175371
5.902 0.175425
5.904 0.175479
5.906 0.175532
5.908 0.175586
5.910 0.175639
5.912 0.175693
5.914 0.175715
5.916 0.175781
5.918 0.175851
5.920 0.175911
5.922 0.175964
5.924 0.176015
5.926 0.176066
5.928 0.176119
5.930 0.176172
5.932 0.176226
5.934 0.176279
5.936 0.176333
5.938 0.176387
5.940 0.176440
5.942 0.176494
5.944 0.176547
5.946 0.176601
5.948 0.176654
5.950 0.176707
5.952 0.176761
5.954 0.176814
5.956 0.176868
5.958 0.176921
5.960 0.176975
5.962 0.177028
5.964 0.177051
5.966 0.177117
5.968 0.177186
5.970 0.177246
5.972 0.177300
5.974 0.177320
5.976 0.177384
5.978 0.177452
5.980 0.177512
5.982 0.177566
5.984 0.177617
5.986 0.177668
5.988 0.177721
5.990 0.177774
5.992 0.177828
5.994 0.177882
5.996 0.177936
5.998 0.177989
6.000 0.178043
6.002 0.178096
6.004 0.178150
6.006 0.178203
6.008 0.178256
6.010 0.178310
6.012 0.178363
6.014 0.178417
6.016 0.178470
6.018 0.178524
6.020 0.178577
6.022 0.178631
6.024 0.178684
6.026 0.178738
6.028 0.178791
6.030 0.178814
6.032 0.178972
6.034 0.179065
6.036 0.179083
6.038 0.179072
6.040 0.179094
6.042 0.179146
6.044 0.179209
6.046 0.179273
6.048 0.179332
6.050 0.179386
6.052 0.179439
6.054 0.179491
6.056 0.179543
6.058 0.179595
6.060 0.179648
6.062 0.179701
6.064 0.179755
6.066 0.179808
6.068 0.179861
6.070 0.179915
6.072 0.179968
6.074 0.180022
6.076 0.180075
6.078 0.180128
6.080 0.180182
6.082 0.180235
6.084 0.180288
6.086 0.180342
6.088 0.180395
6.090 0.180449
6.092 0.180502
6.094 0.180555
6.096 0.180609
6.098 0.180662
6.100 0.180716
6.102 0.180738
6.104 0.180773
6.106 0.180855
6.108 0.180931
6.110 0.180991
6.112 0.181042
6.114 0.181091
6.116 0.181141
6.118 0.181193
6.120 0.181246
6.122 0.181300
6.124 0.181354
6.126 0.181408
6.128 0.181462
6.130 0.181516
6.132 0.181569
6.134 0.181622
6.136 0.181676
6.138 0.181729
6.140 0.181783
6.142 0.181836
6.144 0.181889
6.146 0.181943
6.148 0.181996
6.150 0.182050
6.152 0.182103
6.154 0.182156
6.156 0.182210
6.158 0.182263
6.160 0.182317
6.162 0.182370
6.164 0.182424
6.166 0.182477
6.168 0.182530
6.170 0.182584
6.172 0.182637
6.174 0.182691
6.176 0.182744
6.178 0.182798
6.180 0.182851
6.182 0.182904
6.184 0.182958
6.186 0.183011
6.188 0.183065
6.190 0.183118
6.192 0.183172
6.194 0.183225
6.196 0.183278
6.198 0.183332
6.200 0.183385
6.202 0.183439
6.204 0.183492
6.206 0.183545
6.208 0.183599
6.210 0.183652
6.212 0.183706
6.214 0.183759
6.216 0.183813
6.218 0.183866
6.220 0.183919
6.222 0.183973
6.224 0.184026
6.226 0.184080
6.228 0.184133
6.230 0.184187
6.232 0.184209
6.234 0.184244
6.236 0.184326
6.238 0.184402
6.240 0.184463
6.242 0.184606
6.244 0.184709
6.246 0.184735
6.248 0.184725
6.250 0.184714
6.252 0.184746
6.254 0.184807
6.256 0.184876
6.258 0.184941
6.260 0.184999
6.262 0.185052
6.264 0.185103
6.266 0.185154
6.268 0.185206
6.270 0.185258
6.272 0.185311
6.274 0.185364
6.276 0.185448
6.278 0.185520
6.280 0.185576
6.282 0.185594
6.284 0.185625
6.286 0.185674
6.288 0.185732
6.290 0.185791
6.292 0.185848
6.294 0.185902
6.296 0.185955
6.298 0.186008
6.300 0.186060
6.302 0.186082
6.304 0.186148
6.306 0.186217
6.308 0.186277
6.310 0.186330
6.312 0.186381
6.314 0.186432
6.316 0.186484
6.318 0.186537
6.320 0.186591
6.322 0.186645
6.324 0.186698
6.326 0.186752
6.328 0.186805
6.330 0.186859
6.332 0.186881
6.334 0.186947
6.336 0.187016
6.338 0.187077
6.340 0.187130
6.342 0.187181
6.344 0.187232
6.346 0.187284
6.348 0.187337
6.350 0.187391
6.352 0.187445
6.354 0.187498
6.356 0.187552
6.358 0.187605
6.360 0.187659
6.362 0.187712
6.364 0.187735
6.366 0.187801
6.368 0.187870
6.370 0.187930
6.372 0.187984
6.374 0.188034
6.376 0.188086
6.378 0.188138
6.380 0.188191
6.382 0.188245
6.384 0.188298
6.386 0.188352
6.388 0.188406
6.390 0.188459
6.392 0.188482
6.394 0.188548
6.396 0.188617
6.398 0.188678
6.400 0.188731
6.402 0.188751
6.404 0.188815
6.406 0.188883
6.408 0.188943
6.410 0.188997
6.412 0.189048
6.414 0.189100
6.416 0.189152
6.418 0.189205
6.420 0.189259
6.422 0.189313
6.424 0.189367
6.426 0.189420
6.428 0.189474
6.430 0.189527
6.432 0.189581
6.434 0.189634
6.436 0.189687
6.438 0.189741
6.440 0.189794
6.442 0.189848
6.444 0.189901
6.446 0.189955
6.448 0.190008
6.450 0.190062
6.452 0.190115
6.454 0.190168
6.456 0.190222
6.458 0.190275
6.460 0.190329
6.462 0.190382
6.464 0.190436
6.466 0.190489
6.468 0.190543
6.470 0.190596
6.472 0.190619
6.474 0.190685
6.476 0.190754
6.478 0.190814
6.480 0.190868
6.482 0.190919
6.484 0.190939
6.486 0.191004
6.488 0.191073
6.490 0.191134
6.492 0.191187
6.494 0.191238
6.496 0.191290
6.498 0.191342
6.500 0.191396
6.502 0.191449
6.504 0.191503
6.506 0.191557
6.508 0.191610
6.510 0.191664
6.512 0.191717
6.514 0.191771
6.516 0.191824
6.518 0.191878
6.520 0.191931
6.522 0.191985
6.524 0.192038
6.526 0.192091
6.528 0.192145
6.530 0.192198
6.532 0.192252
6.534 0.192305
6.536 0.192359
6.538 0.192412
6.540 0.192466
6.542 0.192519
6.544 0.192572
6.546 0.192626
6.548 0.192679
6.550 0.192733
6.552 0.192786
6.554 0.192840
6.556 0.192893
6.558 0.192977
6.560 0.193018
6.562 0.193056
6.564 0.193102
6.566 0.193156
6.568 0.193212
6.570 0.193267
6.572 0.193322
6.574 0.193376
6.576 0.193429
6.578 0.193482
6.580 0.193535
6.582 0.193588
6.584 0.193642
6.586 0.193695
6.588 0.193748
6.590 0.193771
6.592 0.193837
6.594 0.193906
6.596 0.193967
6.598 0.194020
6.600 0.194071
6.602 0.194122
6.604 0.194174
6.606 0.194228
6.608 0.194281
6.610 0.194335
6.612 0.194389
6.614 0.194442
6.616 0.194496
6.618 0.194549
6.620 0.194603
6.622 0.194656
6.624 0.194709
6.626 0.194763
6.628 0.194816
6.630 0.194870
6.632 0.194923
6.634 0.194977
6.636 0.195030
6.638 0.195083
6.640 0.195137
6.642 0.195190
6.644 0.195244
6.646 0.195328
6.648 0.195369
6.650 0.195406
6.652 0.195453
6.654 0.195506
6.656 0.195562
6.658 0.195618
6.660 0.195672
6.662 0.195726
6.664 0.195779
6.666 0.195832
6.668 0.195885
6.670 0.195939
6.672 0.195992
6.674 0.196045
6.676 0.196130
6.678 0.196263
6.680 0.196324
6.682 0.196359
6.684 0.196366
6.686 0.196364
6.688 0.196398
6.690 0.196457
6.692 0.196524
6.694 0.196587
6.696 0.196644
6.698 0.196697
6.700 0.196749
6.702 0.196800
6.704 0.196852
6.706 0.196904
6.708 0.196957
6.710 0.197010
6.712 0.197063
6.714 0.197117
6.716 0.197170
6.718 0.197223
6.720 0.197277
6.722 0.197330
6.724 0.197383
6.726 0.197437
6.728 0.197490
6.730 0.197543
6.732 0.197597
6.734 0.197650
6.736 0.197703
6.738 0.197757
6.740 0.197810
6.742 0.197863
6.744 0.197916
6.746 0.197970
6.748 0.198023
6.750 0.198076
6.752 0.198130
6.754 0.198183
6.756 0.198236
6.758 0.198290
6.760 0.198343
6.762 0.198396
6.764 0.198450
6.766 0.198472
6.768 0.198538
6.770 0.198608
6.772 0.198668
6.774 0.198721
6.776 0.198772
6.778 0.198823
6.780 0.198875
6.782 0.198929
6.784 0.198982
6.786 0.199036
6.788 0.199090
6.790 0.199143
6.792 0.199197
6.794 0.199250
6.796 0.199303
6.798 0.199357
6.800 0.199410
6.802 0.199464
6.804 0.199517
6.806 0.199570
6.808 0.199624
6.810 0.199677
6.812 0.199731
6.814 0.199784
6.816 0.199838
6.818 0.199891
6.820 0.199944
6.822 0.199998
6.824 0.200051
6.826 0.200105
6.828 0.200158
6.830 0.200211
6.832 0.200265
6.834 0.200318
6.836 0.200372
6.838 0.200425
6.840 0.200479
6.842 0.200532
6.844 0.200585
6.846 0.200639
6.848 0.200692
6.850 0.200715
6.852 0.200781
6.854 0.200850
6.856 0.200910
6.858 0.200964
6.860 0.201015
6.862 0.201066
6.864 0.201118
6.866 0.201171
6.868 0.201225
6.870 0.201279
6.872 0.201332
6.874 0.201386
6.876 0.201440
6.878 0.201493
6.880 0.201546
6.882 0.201600
6.884 0.201653
6.886 0.201707
6.888 0.201760
6.890 0.201813
6.892 0.201867
6.894 0.201920
6.896 0.201974
6.898 0.202027
6.900 0.202081
6.902 0.202103
6.904 0.202169
6.906 0.202239
6.908 0.202299
6.910 0.202352
6.912 0.202403
6.914 0.202454
6.916 0.202507
6.918 0.202560
6.920 0.202614
6.922 0.202667
6.924 0.202721
6.926 0.202775
6.928 0.202828
6.930 0.202882
6.932 0.202935
6.934 0.202989
6.936 0.203042
6.938 0.203095
6.940 0.203149
6.942 0.203202
6.944 0.203256
6.946 0.203309
6.948 0.203363
6.950 0.203416
6.952 0.203439
6.954 0.203474
6.956 0.203556
6.958 0.203632
6.960 0.203692
6.962 0.203743
6.964 0.203792
6.966 0.203842
6.968 0.203863
6.970 0.203929
6.972 0.203999
6.974 0.204060
6.976 0.204114
6.978 0.204165
6.980 0.204217
6.982 0.204269
6.984 0.204322
6.986 0.204376
6.988 0.204430
6.990 0.204452
6.992 0.204519
6.994 0.204588
6.996 0.204648
6.998 0.204702
7.000 0.204753
7.002 0.204773
7.004 0.204838
7.006 0.204907
7.008 0.204968
7.010 0.205022
7.012 0.205073
7.014 0.205124
7.016 0.205177
7.018 0.205230
7.020 0.205284
7.022 0.205338
7.024 0.205391
7.026 0.205445
7.028 0.205498
7.030 0.205552
7.032 0.205605
7.034 0.205659
7.036 0.205712
7.038 0.205766
7.040 0.205819
7.042 0.205873
7.044 0.205926
7.046 0.205980
7.048 0.206033
7.050 0.206087
7.052 0.206140
7.054 0.206193
7.056 0.206247
7.058 0.206300
7.060 0.206354
7.062 0.206407
7.064 0.206461
7.066 0.206514
7.068 0.206568
7.070 0.206621
7.072 0.206644
7.074 0.206648
7.076 0.206650
7.078 0.206719
7.080 0.206828
7.082 0.206912
7.084 0.207001
7.086 0.207064
7.088 0.207110
7.090 0.207153
7.092 0.207200
7.094 0.207251
7.096 0.207305
7.098 0.207361
7.100 0.207416
7.102 0.207471
7.104 0.207525
7.106 0.207579
7.108 0.207633
7.110 0.207656
7.112 0.207722
7.114 0.207791
7.116 0.207851
7.118 0.207905
7.120 0.207956
7.122 0.208007
7.124 0.208060
7.126 0.208113
7.128 0.208167
7.130 0.208221
7.132 0.208274
7.134 0.208328
7.136 0.208382
7.138 0.208435
7.140 0.208489
7.142 0.208542
7.144 0.208596
7.146 0.208649
7.148 0.208703
7.150 0.208756
7.152 0.208810
7.154 0.208863
7.156 0.208917
7.158 0.208970
7.160 0.209024
7.162 0.209077
7.164 0.209131
7.166 0.209184
7.168 0.209238
7.170 0.209291
7.172 0.209345
7.174 0.209398
7.176 0.209452
7.178 0.209505
7.180 0.209559
7.182 0.209612
7.184 0.209666
7.186 0.209719
7.188 0.209773
7.190 0.209826
7.192 0.209849
7.194 0.209884
7.196 0.209966
7.198 0.210042
7.200 0.210102
7.202 0.210153
7.204 0.210202
7.206 0.210252
7.208 0.210304
7.210 0.210358
7.212 0.210412
7.214 0.210466
7.216 0.210520
7.218 0.210573
7.220 0.210627
7.222 0.210681
7.224 0.210734
7.226 0.210787
7.228 0.210841
7.230 0.210894
7.232 0.210948
7.234 0.211001
7.236 0.211055
7.238 0.211108
7.240 0.211223
7.242 0.211282
7.244 0.211291
7.246 0.211315
7.248 0.211362
7.250 0.211420
7.252 0.211481
7.254 0.211539
7.256 0.211594
7.258 0.211647
7.260 0.211699
7.262 0.211752
7.264 0.211805
7.266 0.211858
7.268 0.211911
7.270 0.211964
7.272 0.212018
7.274 0.212071
7.276 0.212125
7.278 0.212178
7.280 0.212231
7.282 0.212285
7.284 0.212338
7.286 0.212422
7.288 0.212463
7.290 0.212501
7.292 0.212547
7.294 0.212601
7.296 0.212657
7.298 0.212712
7.300 0.212767
7.302 0.212820
7.304 0.212873
7.306 0.212927
7.308 0.212980
7.310 0.213033
7.312 0.213086
7.314 0.213139
7.316 0.213193
7.318 0.213246
7.320 0.213300
7.322 0.213353
7.324 0.213406
7.326 0.213460
7.328 0.213513
7.330 0.213567
7.332 0.213620
7.334 0.213673
7.336 0.213727
7.338 0.213780
7.340 0.213834
7.342 0.213887
7.344 0.213940
7.346 0.213994
7.348 0.214047
7.350 0.214100
7.352 0.214154
7.354 0.214207
7.356 0.214261
7.358 0.214314
7.360 0.214367
7.362 0.214421
7.364 0.214474
7.366 0.214528
7.368 0.214581
7.370 0.214634
7.372 0.214688
7.374 0.214741
7.376 0.214795
7.378 0.214848
7.380 0.214901
7.382 0.214955
7.384 0.215008
7.386 0.215062
7.388 0.215115
7.390 0.215168
7.392 0.215191
7.394 0.215195
7.396 0.215198
7.398 0.215204
7.400 0.215215
7.402 0.215413
7.404 0.215566
7.406 0.215640
7.408 0.215675
7.410 0.215703
7.412 0.215741
7.414 0.215790
7.416 0.215845
7.418 0.215902
7.420 0.215959
7.422 0.216015
7.424 0.216070
7.426 0.216125
7.428 0.216178
7.430 0.216232
7.432 0.216285
7.434 0.216339
7.436 0.216392
7.438 0.216445
7.440 0.216499
7.442 0.216553
7.444 0.216575
7.446 0.216642
7.448 0.216711
7.450 0.216772
7.452 0.216825
7.454 0.216876
7.456 0.216928
7.458 0.216980
7.460 0.217033
7.462 0.217087
7.464 0.217141
7.466 0.217195
7.468 0.217249
7.470 0.217302
7.472 0.217356
7.474 0.217409
7.476 0.217463
7.478 0.217516
7.480 0.217570
7.482 0.217623
7.484 0.217677
7.486 0.217730
7.488 0.217784
7.490 0.217837
7.492 0.217891
7.494 0.217944
7.496 0.217998
7.498 0.218051
7.500 0.218105
7.502 0.218158
7.504 0.218212
7.506 0.218265
7.508 0.218319
7.510 0.218372
7.512 0.218426
7.514 0.218479
7.516 0.218533
7.518 0.218586
7.520 0.218640
7.522 0.218693
7.524 0.218747
7.526 0.218800
7.528 0.218854
7.530 0.218907
7.532 0.218930
7.534 0.218996
7.536 0.219065
7.538 0.219125
7.540 0.219179
7.542 0.219230
7.544 0.219281
7.546 0.219333
7.548 0.219387
7.550 0.219440
7.552 0.219494
7.554 0.219548
7.556 0.219601
7.558 0.219655
7.560 0.219678
7.562 0.219744
7.564 0.219813
7.566 0.219873
7.568 0.219927
7.570 0.219978
7.572 0.220029
7.574 0.220081
7.576 0.220134
7.578 0.220188
7.580 0.220242
7.582 0.220295
7.584 0.220349
7.586 0.220403
7.588 0.220456
7.590 0.220510
7.592 0.220563
7.594 0.220616
7.596 0.220670
7.598 0.220723
7.600 0.220777
7.602 0.220830
7.604 0.220884
7.606 0.220937
7.608 0.220991
7.610 0.221044
7.612 0.221097
7.614 0.221151
7.616 0.221204
7.618 0.221258
7.620 0.221311
7.622 0.221365
7.624 0.221418
7.626 0.221472
7.628 0.221525
7.630 0.221578
7.632 0.221632
7.634 0.221685
7.636 0.221739
7.638 0.221792
7.640 0.221846
7.642 0.221899
7.644 0.221952
7.646 0.222006
7.648 0.222028
7.650 0.222064
7.652 0.222115
7.654 0.222204
7.656 0.222279
7.658 0.222337
7.660 0.222386
7.662 0.222434
7.664 0.222483
7.666 0.222536
7.668 0.222589
7.670 0.222644
7.672 0.222698
7.674 0.222752
7.676 0.222806
7.678 0.222859
7.680 0.222913
7.682 0.222966
7.684 0.223020
7.686 0.223073
7.688 0.223126
7.690 0.223180
7.692 0.223233
7.694 0.223287
7.696 0.223340
7.698 0.223394
7.700 0.223416
7.702 0.223452
7.704 0.223534
7.706 0.223610
7.708 0.223670
7.710 0.223721
7.712 0.223770
7.714 0.223820
7.716 0.223872
7.718 0.223925
7.720 0.223979
7.722 0.224033
7.724 0.224087
7.726 0.224141
7.728 0.224195
7.730 0.224248
7.732 0.224302
7.734 0.224386
7.736 0.224427
7.738 0.224464
7.740 0.224511
7.742 0.224564
7.744 0.224620
7.746 0.224676
7.748 0.224731
7.750 0.224753
7.752 0.224789
7.754 0.224870
7.756 0.224946
7.758 0.225006
7.760 0.225057
7.762 0.225105
7.764 0.225156
7.766 0.225208
7.768 0.225261
7.770 0.225315
7.772 0.225369
7.774 0.225423
7.776 0.225477
7.778 0.225530
7.780 0.225584
7.782 0.225637
7.784 0.225691
7.786 0.225744
7.788 0.225798
7.790 0.225851
7.792 0.225904
7.794 0.225958
7.796 0.226011
7.798 0.226065
7.800 0.226118
7.802 0.226172
7.804 0.226225
7.806 0.226279
7.808 0.226332
7.810 0.226386
7.812 0.226439
7.814 0.226492
7.816 0.226546
7.818 0.226599
7.820 0.226653
7.822 0.226706
7.824 0.226760
7.826 0.226813
7.828 0.226866
7.830 0.226920
7.832 0.227004
7.834 0.227045
7.836 0.227083
7.838 0.227129
7.840 0.227183
7.842 0.227238
7.844 0.227294
7.846 0.227349
7.848 0.227402
7.850 0.227455
7.852 0.227509
7.854 0.227562
7.856 0.227615
7.858 0.227668
7.860 0.227722
7.862 0.227775
7.864 0.227828
7.866 0.227882
7.868 0.227935
7.870 0.227989
7.872 0.228042
7.874 0.228095
7.876 0.228149
7.878 0.228202
7.880 0.228256
7.882 0.228309
7.884 0.228362
7.886 0.228416
7.888 0.228469
7.890 0.228523
7.892 0.228576
7.894 0.228630
7.896 0.228683
7.898 0.228736
7.900 0.228790
7.902 0.228843
7.904 0.228897
7.906 0.228950
7.908 0.229003
7.910 0.229057
7.912 0.229110
7.914 0.229164
7.916 0.229217
7.918 0.229270
7.920 0.229324
7.922 0.229377
7.924 0.229431
7.926 0.229484
7.928 0.229538
7.930 0.229560
7.932 0.229626
7.934 0.229695
7.936 0.229756
7.938 0.229809
7.940 0.229860
7.942 0.229911
7.944 0.229963
7.946 0.230017
7.948 0.230039
7.950 0.230106
7.952 0.230175
7.954 0.230236
7.956 0.230289
7.958 0.230340
7.960 0.230392
7.962 0.230444
7.964 0.230497
7.966 0.230520
7.968 0.230586
7.970 0.230656
7.972 0.230716
7.974 0.230770
7.976 0.230821
7.978 0.230872
7.980 0.230924
7.982 0.230977
7.984 0.231031
7.986 0.231085
7.988 0.231139
7.990 0.231192
7.992 0.231246
7.994 0.231299
7.996 0.231353
7.998 0.231406
8.000 0.231460
8.002 0.231513
8.004 0.231566
8.006 0.231620
8.008 0.231673
8.010 0.231727
8.012 0.231780
8.014 0.231834
8.016 0.231887
8.018 0.231941
8.020 0.231994
8.022 0.232047
8.024 0.232101
8.026 0.232154
8.028 0.232208
8.030 0.232261
8.032 0.232284
8.034 0.232350
8.036 0.232419
8.038 0.232480
8.040 0.232533
8.042 0.232584
8.044 0.232635
8.046 0.232687
8.048 0.232741
8.050 0.232794
8.052 0.232848
8.054 0.232902
8.056 0.232955
8.058 0.233009
8.060 0.233062
8.062 0.233116
8.064 0.233169
8.066 0.233223
8.068 0.233276
8.070 0.233329
8.072 0.233383
8.074 0.233436
8.076 0.233490
8.078 0.233512
8.080 0.233548
8.082 0.233599
8.084 0.233688
8.086 0.233733
8.088 0.233742
8.090 0.233770
8.092 0.233851
8.094 0.233958
8.096 0.234038
8.098 0.234091
8.100 0.234135
8.102 0.234180
8.104 0.234229
8.106 0.234282
8.108 0.234337
8.110 0.234392
8.112 0.234416
8.114 0.234483
8.116 0.234553
8.118 0.234644
8.120 0.234685
8.122 0.234720
8.124 0.234764
8.126 0.234817
8.128 0.234873
8.130 0.234928
8.132 0.234983
8.134 0.235038
8.136 0.235091
8.138 0.235144
8.140 0.235198
8.142 0.235251
8.144 0.235304
8.146 0.235358
8.148 0.235411
8.150 0.235465
8.152 0.235518
8.154 0.235572
8.156 0.235625
8.158 0.235679
8.160 0.235732
8.162 0.235786
8.164 0.235809
8.166 0.235875
8.168 0.235944
8.170 0.236004
8.172 0.236058
8.174 0.236109
8.176 0.236160
8.178 0.236212
8.180 0.236266
8.182 0.236319
8.184 0.236373
8.186 0.236427
8.188 0.236480
8.190 0.236534
8.192 0.236588
8.194 0.236610
8.196 0.236676
8.198 0.236746
8.200 0.236806
8.202 0.236859
8.204 0.236910
8.206 0.236961
8.208 0.237014
8.210 0.237067
8.212 0.237121
8.214 0.237174
8.216 0.237228
8.218 0.237282
8.220 0.237335
8.222 0.237389
8.224 0.237442
8.226 0.237496
8.228 0.237549
8.230 0.237603
8.232 0.237656
8.234 0.237710
8.236 0.237763
8.238 0.237817
8.240 0.237870
8.242 0.237923
8.244 0.237977
8.246 0.238030
8.248 0.238053
8.250 0.238119
8.252 0.238157
8.254 0.238231
8.256 0.238300
8.258 0.238357
8.260 0.238409
8.262 0.238458
8.264 0.238479
8.266 0.238544
8.268 0.238613
8.270 0.238674
8.272 0.238728
8.274 0.238841
8.276 0.238929
8.278 0.238955
8.280 0.238950
8.282 0.238975
8.284 0.239026
8.286 0.239090
8.288 0.239152
8.290 0.239180
8.292 0.239247
8.294 0.239316
8.296 0.239375
8.298 0.239427
8.300 0.239477
8.302 0.239527
8.304 0.239579
8.306 0.239633
8.308 0.239686
8.310 0.239771
8.312 0.239812
8.314 0.239850
8.316 0.239897
8.318 0.239950
8.320 0.240006
8.322 0.240061
8.324 0.240116
8.326 0.240170
8.328 0.240223
8.330 0.240276
8.332 0.240329
8.334 0.240382
8.336 0.240435
8.338 0.240489
8.340 0.240542
8.342 0.240565
8.344 0.240631
8.346 0.240700
8.348 0.240760
8.350 0.240814
8.352 0.240864
8.354 0.240916
8.356 0.240968
8.358 0.241083
8.360 0.241173
8.362 0.241200
8.364 0.241196
8.366 0.241220
8.368 0.241272
8.370 0.241335
8.372 0.241397
8.374 0.241455
8.376 0.241510
8.378 0.241562
8.380 0.241614
8.382 0.241667
8.384 0.241719
8.386 0.241772
8.388 0.241825
8.390 0.241878
8.392 0.241932
8.394 0.241985
8.396 0.242039
8.398 0.242092
8.400 0.242145
8.402 0.242199
8.404 0.242252
8.406 0.242306
8.408 0.242359
8.410 0.242412
8.412 0.242466
8.414 0.242519
8.416 0.242572
8.418 0.242626
8.420 0.242679
8.422 0.242732
8.424 0.242786
8.426 0.242839
8.428 0.242892
8.430 0.242977
8.432 0.243017
8.434 0.243055
8.436 0.243101
8.438 0.243155
8.440 0.243211
8.442 0.243266
8.444 0.243321
8.446 0.243374
8.448 0.243428
8.450 0.243481
8.452 0.243534
8.454 0.243587
8.456 0.243640
8.458 0.243694
8.460 0.243747
8.462 0.243800
8.464 0.243854
8.466 0.243907
8.468 0.243960
8.470 0.244014
8.472 0.244067
8.474 0.244121
8.476 0.244174
8.478 0.244227
8.480 0.244250
8.482 0.244316
8.484 0.244385
8.486 0.244445
8.488 0.244499
8.490 0.244550
8.492 0.244570
8.494 0.244635
8.496 0.244704
8.498 0.244765
8.500 0.244818
8.502 0.244869
8.504 0.244921
8.506 0.244973
8.508 0.245026
8.510 0.245080
8.512 0.245134
8.514 0.245187
8.516 0.245241
8.518 0.245295
8.520 0.245348
8.522 0.245401
8.524 0.245455
8.526 0.245508
8.528 0.245562
8.530 0.245615
8.532 0.245669
8.534 0.245722
8.536 0.245775
8.538 0.245829
8.540 0.245882
8.542 0.245936
8.544 0.245989
8.546 0.246043
8.548 0.246096
8.550 0.246149
8.552 0.246203
8.554 0.246256
8.556 0.246310
8.558 0.246363
8.560 0.246417
8.562 0.246470
8.564 0.246523
8.566 0.246546
8.568 0.246612
8.570 0.246681
8.572 0.246742
8.574 0.246795
8.576 0.246846
8.578 0.246897
8.580 0.246950
8.582 0.247003
8.584 0.247056
8.586 0.247110
8.588 0.247164
8.590 0.247217
8.592 0.247271
8.594 0.247324
8.596 0.247378
8.598 0.247431
8.600 0.247485
8.602 0.247538
8.604 0.247592
8.606 0.247645
8.608 0.247698
8.610 0.247752
8.612 0.247805
8.614 0.247859
8.616 0.247912
8.618 0.247966
8.620 0.248019
8.622 0.248073
8.624 0.248126
8.626 0.248179
8.628 0.248233
8.630 0.248286
8.632 0.248340
8.634 0.248393
8.636 0.248447
8.638 0.248500
8.640 0.248553
8.642 0.248607
8.644 0.248660
8.646 0.248714
8.648 0.248767
8.650 0.248821
8.652 0.248874
8.654 0.248927
8.656 0.248981
8.658 0.249034
8.660 0.249088
8.662 0.249141
8.664 0.249194
8.666 0.249248
8.668 0.249301
8.670 0.249324
8.672 0.249390
8.674 0.249459
8.676 0.249519
8.678 0.249573
8.680 0.249624
8.682 0.249675
8.684 0.249727
8.686 0.249781
8.688 0.249834
8.690 0.249888
8.692 0.249942
8.694 0.249995
8.696 0.250049
8.698 0.250102
8.700 0.250156
8.702 0.250178
8.704 0.250244
8.706 0.250314
8.708 0.250374
8.710 0.250458
8.712 0.250496
8.714 0.250532
8.716 0.250577
8.718 0.250631
8.720 0.250687
8.722 0.250743
8.724 0.250797
8.726 0.250851
8.728 0.250905
8.730 0.250958
8.732 0.251011
8.734 0.251064
8.736 0.251117
8.738 0.251171
8.740 0.251224
8.742 0.251278
8.744 0.251331
8.746 0.251385
8.748 0.251438
8.750 0.251491
8.752 0.251545
8.754 0.251598
8.756 0.251652
8.758 0.251705
8.760 0.251759
8.762 0.251781
8.764 0.251847
8.766 0.251916
8.768 0.251977
8.770 0.252030
8.772 0.252081
8.774 0.252132
8.776 0.252185
8.778 0.252238
8.780 0.252291
8.782 0.252345
8.784 0.252399
8.786 0.252453
8.788 0.252506
8.790 0.252560
8.792 0.252613
8.794 0.252636
8.796 0.252702
8.798 0.252771
8.800 0.252831
8.802 0.252885
8.804 0.252935
8.806 0.252987
8.808 0.253039
8.810 0.253092
8.812 0.253146
8.814 0.253200
8.816 0.253253
8.818 0.253307
8.820 0.253361
8.822 0.253414
8.824 0.253467
8.826 0.253521
8.828 0.253574
8.830 0.253628
8.832 0.253681
8.834 0.253735
8.836 0.253788
8.838 0.253841
8.840 0.253895
8.842 0.253948
8.844 0.254002
8.846 0.254055
8.848 0.254109
8.850 0.254162
8.852 0.254215
8.854 0.254269
8.856 0.254322
8.858 0.254376
8.860 0.254429
8.862 0.254483
8.864 0.254536
8.866 0.254589
8.868 0.254643
8.870 0.254696
8.872 0.254750
8.874 0.254803
8.876 0.254857
8.878 0.254910
8.880 0.254963
8.882 0.255017
8.884 0.255070
8.886 0.255124
8.888 0.255177
8.890 0.255200
8.892 0.255266
8.894 0.255335
8.896 0.255395
8.898 0.255449
8.900 0.255500
8.902 0.255551
8.904 0.255603
8.906 0.255656
8.908 0.255710
8.910 0.255764
8.912 0.255817
8.914 0.255871
8.916 0.255925
8.918 0.255978
8.920 0.256032
8.922 0.256085
8.924 0.256138
8.926 0.256192
8.928 0.256245
8.930 0.256299
8.932 0.256352
8.934 0.256406
8.936 0.256459
8.938 0.256512
8.940 0.256566
8.942 0.256619
8.944 0.256673
8.946 0.256726
8.948 0.256780
8.950 0.256833
8.952 0.256886
8.954 0.256940
8.956 0.256993
8.958 0.257047
8.960 0.257100
8.962 0.257154
8.964 0.257207
8.966 0.257260
8.968 0.257314
8.970 0.257367
8.972 0.257421
8.974 0.257474
8.976 0.257528
8.978 0.257581
8.980 0.257634
8.982 0.257688
8.984 0.257741
8.986 0.257795
8.988 0.257848
8.990 0.257902
8.992 0.257924
8.994 0.257990
8.996 0.258060
8.998 0.258120
9.000 0.258173
9.002 0.258224
9.004 0.258275
9.006 0.258328
9.008 0.258381
9.010 0.258434
9.012 0.258488
9.014 0.258542
9.016 0.258596
9.018 0.258649
9.020 0.258703
9.022 0.258756
9.024 0.258809
9.026 0.258863
9.028 0.258916
9.030 0.258970
9.032 0.259023
9.034 0.259076
9.036 0.259130
9.038 0.259183
9.040 0.259237
9.042 0.259290
9.044 0.259344
9.046 0.259397
9.048 0.259420
9.050 0.259486
9.052 0.259555
9.054 0.259615
9.056 0.259669
9.058 0.259720
9.060 0.259771
9.062 0.259823
9.064 0.259876
9.066 0.259930
9.068 0.259984
9.070 0.260037
9.072 0.260091
9.074 0.260145
9.076 0.260198
9.078 0.260251
9.080 0.260305
9.082 0.260358
9.084 0.260412
9.086 0.260465
9.088 0.260519
9.090 0.260572
9.092 0.260625
9.094 0.260679
9.096 0.260732
9.098 0.260786
9.100 0.260839
9.102 0.260893
9.104 0.260946
9.106 0.260999
9.108 0.261053
9.110 0.261106
9.112 0.261160
9.114 0.261213
9.116 0.261267
9.118 0.261320
9.120 0.261373
9.122 0.261427
9.124 0.261480
9.126 0.261534
9.128 0.261587
9.130 0.261641
9.132 0.261694
9.134 0.261747
9.136 0.261801
9.138 0.261854
9.140 0.261908
9.142 0.261961
9.144 0.262015
9.146 0.262068
9.148 0.262121
9.150 0.262175
9.152 0.262228
9.154 0.262282
9.156 0.262335
9.158 0.262389
9.160 0.262442
9.162 0.262495
9.164 0.262549
9.166 0.262602
9.168 0.262656
9.170 0.262709
9.172 0.262763
9.174 0.262816
9.176 0.262869
9.178 0.262923
9.180 0.262976
9.182 0.263030
9.184 0.263083
9.186 0.263136
9.188 0.263190
9.190 0.263243
9.192 0.263297
9.194 0.263350
9.196 0.263404
9.198 0.263457
9.200 0.263510
9.202 0.263564
9.204 0.263617
9.206 0.263671
9.208 0.263724
9.210 0.263778
9.212 0.263831
9.214 0.263884
9.216 0.263938
9.218 0.263991
9.220 0.264045
9.222 0.264098
9.224 0.264151
9.226 0.264205
9.228 0.264258
9.230 0.264312
9.232 0.264365
9.234 0.264418
9.236 0.264472
9.238 0.264525
9.240 0.264579
9.242 0.264632
9.244 0.264685
9.246 0.264739
9.248 0.264792
9.250 0.264846
9.252 0.264899
9.254 0.264953
9.256 0.265006
9.258 0.265059
9.260 0.265113
9.262 0.265166
9.264 0.265220
9.266 0.265273
9.268 0.265326
9.270 0.265380
9.272 0.265433
9.274 0.265487
9.276 0.265540
9.278 0.265593
9.280 0.265647
9.282 0.265700
9.284 0.265754
9.286 0.265807
9.288 0.265861
9.290 0.265914
9.292 0.265967
9.294 0.266021
9.296 0.266074
9.298 0.266128
9.300 0.266181
9.302 0.266235
9.304 0.266288
9.306 0.266341
9.308 0.266395
9.310 0.266479
9.312 0.266520
9.314 0.266557
9.316 0.266604
9.318 0.266657
9.320 0.266713
9.322 0.266769
9.324 0.266823
9.326 0.266877
9.328 0.266930
9.330 0.266983
9.332 0.267037
9.334 0.267090
9.336 0.267143
9.338 0.267196
9.340 0.267250
9.342 0.267303
9.344 0.267357
9.346 0.267410
9.348 0.267463
9.350 0.267517
9.352 0.267570
9.354 0.267624
9.356 0.267677
9.358 0.267731
9.360 0.267784
9.362 0.267837
9.364 0.267891
9.366 0.267944
9.368 0.267998
9.370 0.268051
9.372 0.268104
9.374 0.268158
9.376 0.268211
9.378 0.268265
9.380 0.268318
9.382 0.268371
9.384 0.268425
9.386 0.268478
9.388 0.268532
9.390 0.268585
9.392 0.268638
9.394 0.268692
9.396 0.268745
9.398 0.268799
9.400 0.268821
9.402 0.268887
9.404 0.268957
9.406 0.269017
9.408 0.269070
9.410 0.269121
9.412 0.269172
9.414 0.269225
9.416 0.269278
9.418 0.269331
9.420 0.269385
9.422 0.269439
9.424 0.269493
9.426 0.269546
9.428 0.269600
9.430 0.269653
9.432 0.269706
9.434 0.269760
9.436 0.269813
9.438 0.269867
9.440 0.269920
9.442 0.269973
9.444 0.270027
9.446 0.270080
9.448 0.270134
9.450 0.270187
9.452 0.270240
9.454 0.270294
9.456 0.270347
9.458 0.270401
9.460 0.270454
9.462 0.270508
9.464 0.270530
9.466 0.270596
9.468 0.270666
9.470 0.270726
9.472 0.270779
9.474 0.270830
9.476 0.270881
9.478 0.270934
9.480 0.270987
9.482 0.271040
9.484 0.271094
9.486 0.271148
9.488 0.271202
9.490 0.271255
9.492 0.271309
9.494 0.271362
9.496 0.271415
9.498 0.271469
9.500 0.271522
9.502 0.271576
9.504 0.271629
9.506 0.271683
9.508 0.271736
9.510 0.271759
9.512 0.271763
9.514 0.271858
9.516 0.271950
9.518 0.272017
9.520 0.272068
9.522 0.272114
9.524 0.272162
9.526 0.272213
9.528 0.272266
9.530 0.272320
9.532 0.272374
9.534 0.272429
9.536 0.272483
9.538 0.272536
9.540 0.272590
9.542 0.272643
9.544 0.272697
9.546 0.272750
9.548 0.272804
9.550 0.272857
9.552 0.272910
9.554 0.272964
9.556 0.273017
9.558 0.273071
9.560 0.273124
9.562 0.273178
9.564 0.273231
9.566 0.273285
9.568 0.273338
9.570 0.273392
9.572 0.273445
9.574 0.273499
9.576 0.273552
9.578 0.273605
9.580 0.273659
9.582 0.273712
9.584 0.273766
9.586 0.273819
9.588 0.273873
9.590 0.273926
9.592 0.273980
9.594 0.274033
9.596 0.274086
9.598 0.274140
9.600 0.274193
9.602 0.274247
9.604 0.274300
9.606 0.274354
9.608 0.274407
9.610 0.274460
9.612 0.274514
9.614 0.274567
9.616 0.274621
9.618 0.274674
9.620 0.274728
9.622 0.274781
9.624 0.274835
9.626 0.274888
9.628 0.274941
9.630 0.274995
9.632 0.275048
9.634 0.275102
9.636 0.275155
9.638 0.275209
9.640 0.275262
9.642 0.275315
9.644 0.275369
9.646 0.275422
9.648 0.275476
9.650 0.275529
9.652 0.275582
9.654 0.275636
9.656 0.275689
9.658 0.275743
9.660 0.275796
9.662 0.275850
9.664 0.275903
9.666 0.275956
9.668 0.276010
9.670 0.276125
9.672 0.276184
9.674 0.276193
9.676 0.276217
9.678 0.276264
9.680 0.276322
9.682 0.276382
9.684 0.276440
9.686 0.276495
9.688 0.276548
9.690 0.276601
9.692 0.276653
9.694 0.276706
9.696 0.276759
9.698 0.276812
9.700 0.276866
9.702 0.276919
9.704 0.276972
9.706 0.277026
9.708 0.277079
9.710 0.277164
9.712 0.277204
9.714 0.277242
9.716 0.277288
9.718 0.277342
9.720 0.277398
9.722 0.277453
9.724 0.277508
9.726 0.277561
9.728 0.277614
9.730 0.277667
9.732 0.277720
9.734 0.277774
9.736 0.277827
9.738 0.277880
9.740 0.277934
9.742 0.277987
9.744 0.278040
9.746 0.278094
9.748 0.278147
9.750 0.278201
9.752 0.278254
9.754 0.278307
9.756 0.278361
9.758 0.278414
9.760 0.278468
9.762 0.278521
9.764 0.278574
9.766 0.278628
9.768 0.278681
9.770 0.278734
9.772 0.278788
9.774 0.278841
9.776 0.278895
9.778 0.278948
9.780 0.279001
9.782 0.279055
9.784 0.279108
9.786 0.279162
9.788 0.279215
9.790 0.279268
9.792 0.279322
9.794 0.279375
9.796 0.279429
9.798 0.279482
9.800 0.279535
9.802 0.279558
9.804 0.279624
9.806 0.279693
9.808 0.279754
9.810 0.279807
9.812 0.279858
9.814 0.279909
9.816 0.279961
9.818 0.280015
9.820 0.280068
9.822 0.280122
9.824 0.280176
9.826 0.280229
9.828 0.280283
9.830 0.280336
9.832 0.280390
9.834 0.280443
9.836 0.280496
9.838 0.280550
9.840 0.280603
9.842 0.280657
9.844 0.280710
9.846 0.280763
9.848 0.280817
9.850 0.280870
9.852 0.280924
9.854 0.280977
9.856 0.281031
9.858 0.281084
9.860 0.281137
9.862 0.281191
9.864 0.281244
9.866 0.281298
9.868 0.281351
9.870 0.281405
9.872 0.281458
9.874 0.281511
9.876 0.281565
9.878 0.281649
9.880 0.281721
9.882 0.281746
9.884 0.281776
9.886 0.281823
9.888 0.281879
9.890 0.281937
9.892 0.281994
9.894 0.282049
9.896 0.282102
9.898 0.282155
9.900 0.282208
9.902 0.282261
9.904 0.282314
9.906 0.282367
9.908 0.282420
9.910 0.282474
9.912 0.282527
9.914 0.282581
9.916 0.282634
9.918 0.282687
9.920 0.282741
9.922 0.282794
9.924 0.282848
9.926 0.282901
9.928 0.282954
9.930 0.283008
9.932 0.283061
9.934 0.283115
9.936 0.283168
9.938 0.283221
9.940 0.283275
9.942 0.283328
9.944 0.283382
9.946 0.283435
9.948 0.283488
9.950 0.283542
9.952 0.283595
9.954 0.283649
9.956 0.283702
9.958 0.283755
9.960 0.283809
9.962 0.283862
9.964 0.283916
9.966 0.283969
9.968 0.284022
9.970 0.284076
9.972 0.284129
9.974 0.284183
9.976 0.284236
9.978 0.284289
9.980 0.284343
9.982 0.284396
9.984 0.284450
9.986 0.284503
9.988 0.284556
9.990 0.284610
9.992 0.284663
9.994 0.284717
9.996 0.284770
9.998 0.284823
10.000 0.284877
10.002 0.284930
10.004 0.284984
10.006 0.285037
10.008 0.285091
10.010 0.285144
10.012 0.285197
10.014 0.285251
10.016 0.285304
10.018 0.285358
10.020 0.285411
10.022 0.285464
10.024 0.285518
10.026 0.285571
10.028 0.285625
10.030 0.285678
10.032 0.285731
10.034 0.285785
10.036 0.285838
10.038 0.285892
10.040 0.285945
10.042 0.285999
10.044 0.286052
10.046 0.286105
10.048 0.286159
10.050 0.286212
10.052 0.286266
10.054 0.286319
10.056 0.286373
10.058 0.286426
10.060 0.286479
10.062 0.286533
10.064 0.286586
10.066 0.286640
10.068 0.286693
10.070 0.286746
10.072 0.286769
10.074 0.286835
10.076 0.286904
10.078 0.286965
10.080 0.287018
10.082 0.287069
10.084 0.287120
10.086 0.287172
10.088 0.287226
10.090 0.287279
10.092 0.287333
10.094 0.287387
10.096 0.287440
10.098 0.287494
10.100 0.287547
10.102 0.287601
10.104 0.287654
10.106 0.287708
10.108 0.287761
10.110 0.287814
10.112 0.287868
10.114 0.287921
10.116 0.287975
10.118 0.288028
10.120 0.288082
10.122 0.288135
10.124 0.288188
10.126 0.288242
10.128 0.288295
10.130 0.288349
10.132 0.288371
10.134 0.288438
10.136 0.288507
10.138 0.288567
10.140 0.288620
10.142 0.288671
10.144 0.288723
10.146 0.288775
10.148 0.288828
10.150 0.288882
10.152 0.288935
10.154 0.288989
10.156 0.289043
10.158 0.289096
10.160 0.289150
10.162 0.289203
10.164 0.289257
10.166 0.289310
10.168 0.289363
10.170 0.289417
10.172 0.289470
10.174 0.289524
10.176 0.289577
10.178 0.289631
10.180 0.289684
10.182 0.289738
10.184 0.289791
10.186 0.289844
10.188 0.289898
10.190 0.289951
10.192 0.290005
10.194 0.290058
10.196 0.290112
10.198 0.290165
10.200 0.290218
10.202 0.290241
10.204 0.290307
10.206 0.290376
10.208 0.290437
10.210 0.290490
10.212 0.290541
10.214 0.290592
10.216 0.290645
10.218 0.290698
10.220 0.290751
10.222 0.290805
10.224 0.290859
10.226 0.290912
10.228 0.290966
10.230 0.291019
10.232 0.291073
10.234 0.291126
10.236 0.291180
10.238 0.291233
10.240 0.291287
10.242 0.291340
10.244 0.291393
10.246 0.291447
10.248 0.291500
10.250 0.291554
10.252 0.291607
10.254 0.291661
10.256 0.291714
10.258 0.291736
10.260 0.291803
10.262 0.291841
10.264 0.291914
10.266 0.291983
10.268 0.292041
10.270 0.292061
10.272 0.292124
10.274 0.292191
10.276 0.292250
10.278 0.292304
10.280 0.292324
10.282 0.292358
10.284 0.292439
10.286 0.292515
10.288 0.292576
10.290 0.292627
10.292 0.292676
10.294 0.292726
10.296 0.292779
10.298 0.292832
10.300 0.292886
10.302 0.292940
10.304 0.292994
10.306 0.293048
10.308 0.293101
10.310 0.293155
10.312 0.293208
10.314 0.293262
10.316 0.293346
10.318 0.293387
10.320 0.293425
10.322 0.293471
10.324 0.293525
10.326 0.293612
10.328 0.293654
10.330 0.293693
10.332 0.293740
10.334 0.293793
10.336 0.293849
10.338 0.293904
10.340 0.293959
10.342 0.294012
10.344 0.294066
10.346 0.294119
10.348 0.294172
10.350 0.294225
10.352 0.294278
10.354 0.294332
10.356 0.294385
10.358 0.294439
10.360 0.294492
10.362 0.294546
10.364 0.294599
10.366 0.294652
10.368 0.294706
10.370 0.294759
10.372 0.294813
10.374 0.294866
10.376 0.294920
10.378 0.294973
10.380 0.295026
10.382 0.295080
10.384 0.295133
10.386 0.295187
10.388 0.295240
10.390 0.295324
10.392 0.295365
10.394 0.295372
10.396 0.295431
10.398 0.295500
10.400 0.295563
10.402 0.295619
10.404 0.295671
10.406 0.295722
10.408 0.295774
10.410 0.295827
10.412 0.295880
10.414 0.295934
10.416 0.295987
10.418 0.296041
10.420 0.296095
10.422 0.296148
10.424 0.296201
10.426 0.296255
10.428 0.296308
10.430 0.296331
10.432 0.296366
10.434 0.296448
10.436 0.296524
10.438 0.296584
10.440 0.296635
10.442 0.296684
10.444 0.296734
10.446 0.296786
10.448 0.296840
10.450 0.296893
10.452 0.296948
10.454 0.297001
10.456 0.297055
10.458 0.297109
10.460 0.297162
10.462 0.297216
10.464 0.297269
10.466 0.297322
10.468 0.297376
10.470 0.297460
10.472 0.297501
10.474 0.297538
10.476 0.297585
10.478 0.297639
10.480 0.297695
10.482 0.297750
10.484 0.297805
10.486 0.297858
10.488 0.297912
10.490 0.297965
10.492 0.298018
10.494 0.298071
10.496 0.298124
10.498 0.298178
10.500 0.298231
10.502 0.298285
10.504 0.298338
10.506 0.298391
10.508 0.298443
10.510 0.298494
10.512 0.298545
10.514 0.298595
10.516 0.298645
10.518 0.298694
10.520 0.298742
10.522 0.298790
10.524 0.298836
10.526 0.298882
10.528 0.298927
10.530 0.298971
10.532 0.298990
10.534 0.299043
10.536 0.299099
10.538 0.299146
10.540 0.299187
10.542 0.299224
10.544 0.299262
10.546 0.299299
10.548 0.299337
10.550 0.299374
10.552 0.299411
10.554 0.299447
10.556 0.299481
10.558 0.299515
10.560 0.299549
10.562 0.299581
10.564 0.299613
10.566 0.299643
10.568 0.299673
10.570 0.299703
10.572 0.299731
10.574 0.299759
10.576 0.299785
10.578 0.299811
10.580 0.299836
10.582 0.299848
10.584 0.299877
10.586 0.299906
10.588 0.299931
10.590 0.299952
10.592 0.299971
10.594 0.299990
10.596 0.300008
10.598 0.300025
10.600 0.300042
10.602 0.300059
10.604 0.300074
10.606 0.300089
10.608 0.300102
10.610 0.300115
10.612 0.300127
10.614 0.300138
10.616 0.300149
10.618 0.300158
10.620 0.300167
10.622 0.300175
10.624 0.300182
10.626 0.300188
10.628 0.300193
10.630 0.300197
10.632 0.300200
