0.000 -1.541943
0.002 -1.541942
0.004 -1.541941
0.006 -1.541939
0.008 -1.541936
0.010 -1.541933
0.012 -1.541933
0.014 -1.541923
0.016 -1.541917
0.018 -1.541910
0.020 -1.541903
0.022 -1.541894
0.024 -1.541885
0.026 -1.541875
0.028 -1.541864
0.030 -1.541853
0.032 -1.541840
0.034 -1.541827
0.036 -1.541813
0.038 -1.541798
0.040 -1.541783
0.042 -1.541766
0.044 -1.541749
0.046 -1.541731
0.048 -1.541712
0.050 -1.541712
0.052 -1.541672
0.054 -1.541672
0.056 -1.541651
0.058 -1.541606
0.060 -1.541606
0.062 -1.541583
0.064 -1.541533
0.066 -1.541507
0.068 -1.541480
0.070 -1.541453
0.072 -1.541424
0.074 -1.541395
0.076 -1.541365
0.078 -1.541334
0.080 -1.541303
0.082 -1.541270
0.084 -1.541237
0.086 -1.541203
0.088 -1.541168
0.090 -1.541133
0.092 -1.541096
0.094 -1.541059
0.096 -1.541021
0.098 -1.540982
0.100 -1.540943
0.102 -1.540902
0.104 -1.540861
0.106 -1.540819
0.108 -1.540776
0.110 -1.540733
0.112 -1.540688
0.114 -1.540643
0.116 -1.540597
0.118 -1.540551
0.120 -1.540505
0.122 -1.540459
0.124 -1.540413
0.126 -1.540367
0.128 -1.540321
0.130 -1.540275
0.132 -1.540229
0.134 -1.540183
0.136 -1.540137
0.138 -1.540091
0.140 -1.540045
0.142 -1.539999
0.144 -1.539953
0.146 -1.539907
0.148 -1.539861
0.150 -1.539861
0.152 -1.539769
0.154 -1.539723
0.156 -1.539677
0.158 -1.539631
0.160 -1.539585
0.162 -1.539539
0.164 -1.539493
0.166 -1.539447
0.168 -1.539401
0.170 -1.539354
0.172 -1.539308
0.174 -1.539262
0.176 -1.539216
0.178 -1.539170
0.180 -1.539170
0.182 -1.539078
0.184 -1.539032
0.186 -1.538986
0.188 -1.538940
0.190 -1.538894
0.192 -1.538848
0.194 -1.538802
0.196 -1.538756
0.198 -1.538710
0.200 -1.538664
0.202 -1.538618
0.204 -1.538572
0.206 -1.538526
0.208 -1.538480
0.210 -1.538434
0.212 -1.538388
0.214 -1.538342
0.216 -1.538296
0.218 -1.538250
0.220 -1.538204
0.222 -1.538158
0.224 -1.538112
0.226 -1.538066
0.228 -1.538020
0.230 -1.537974
0.232 -1.537928
0.234 -1.537881
0.236 -1.537835
0.238 -1.537789
0.240 -1.537743
0.242 -1.537697
0.244 -1.537651
0.246 -1.537605
0.248 -1.537559
0.250 -1.537513
0.252 -1.537467
0.254 -1.537421
0.256 -1.537375
0.258 -1.537329
0.260 -1.537283
0.262 -1.537237
0.264 -1.537191
0.266 -1.537145
0.268 -1.537099
0.270 -1.537053
0.272 -1.537007
0.274 -1.536961
0.276 -1.536915
0.278 -1.536869
0.280 -1.536823
0.282 -1.536777
0.284 -1.536731
0.286 -1.536685
0.288 -1.536639
0.290 -1.536593
0.292 -1.536547
0.294 -1.536501
0.296 -1.536454
0.298 -1.536408
0.300 -1.536362
0.302 -1.536316
0.304 -1.536270
0.306 -1.536224
0.308 -1.536178
0.310 -1.536132
0.312 -1.536086
0.314 -1.536040
0.316 -1.535994
0.318 -1.535948
0.320 -1.535902
0.322 -1.535856
0.324 -1.535810
0.326 -1.535764
0.328 -1.535718
0.330 -1.535672
0.332 -1.535626
0.334 -1.535580
0.336 -1.535534
0.338 -1.535488
0.340 -1.535442
0.342 -1.535396
0.344 -1.535350
0.346 -1.535304
0.348 -1.535304
0.350 -1.535304
0.352 -1.535166
0.354 -1.535120
0.356 -1.535074
0.358 -1.535027
0.360 -1.534981
0.362 -1.534935
0.364 -1.534889
0.366 -1.534843
0.368 -1.534797
0.370 -1.534751
0.372 -1.534705
0.374 -1.534659
0.376 -1.534613
0.378 -1.534567
0.380 -1.534521
0.382 -1.534475
0.384 -1.534429
0.386 -1.534383
0.388 -1.534337
0.390 -1.534337
0.392 -1.534245
0.394 -1.534199
0.396 -1.534153
0.398 -1.534107
0.400 -1.534061
0.402 -1.534015
0.404 -1.533923
0.406 -1.533923
0.408 -1.533877
0.410 -1.533831
0.412 -1.533785
0.414 -1.533739
0.416 -1.533693
0.418 -1.533647
0.420 -1.533601
0.422 -1.533554
0.424 -1.533508
0.426 -1.533462
0.428 -1.533416
0.430 -1.533370
0.432 -1.533324
0.434 -1.533278
0.436 -1.533140
0.438 -1.533048
0.440 -1.533048
0.442 -1.533048
0.444 -1.533048
0.446 -1.533002
0.448 -1.532956
0.450 -1.532910
0.452 -1.532864
0.454 -1.532818
0.456 -1.532772
0.458 -1.532726
0.460 -1.532680
0.462 -1.532634
0.464 -1.532588
0.466 -1.532542
0.468 -1.532496
0.470 -1.532450
0.472 -1.532404
0.474 -1.532358
0.476 -1.532312
0.478 -1.532266
0.480 -1.532220
0.482 -1.532174
0.484 -1.532127
0.486 -1.532081
0.488 -1.532035
0.490 -1.531989
0.492 -1.531943
0.494 -1.531897
0.496 -1.531851
0.498 -1.531805
0.500 -1.531759
0.502 -1.531713
0.504 -1.531667
0.506 -1.531621
0.508 -1.531575
0.510 -1.531529
0.512 -1.531483
0.514 -1.531437
0.516 -1.531391
0.518 -1.531345
0.520 -1.531299
0.522 -1.531253
0.524 -1.531207
0.526 -1.531161
0.528 -1.531115
0.530 -1.531115
0.532 -1.531023
0.534 -1.530977
0.536 -1.530931
0.538 -1.530885
0.540 -1.530839
0.542 -1.530793
0.544 -1.530747
0.546 -1.530701
0.548 -1.530654
0.550 -1.530608
0.552 -1.530562
0.554 -1.530516
0.556 -1.530470
0.558 -1.530424
0.560 -1.530378
0.562 -1.530378
0.564 -1.530286
0.566 -1.530240
0.568 -1.530194
0.570 -1.530148
0.572 -1.530102
0.574 -1.530056
0.576 -1.530010
0.578 -1.529964
0.580 -1.529918
0.582 -1.529872
0.584 -1.529826
0.586 -1.529780
0.588 -1.529734
0.590 -1.529734
0.592 -1.529688
0.594 -1.529596
0.596 -1.529550
0.598 -1.529504
0.600 -1.529458
0.602 -1.529412
0.604 -1.529366
0.606 -1.529320
0.608 -1.529274
0.610 -1.529227
0.612 -1.529181
0.614 -1.529135
0.616 -1.529089
0.618 -1.529043
0.620 -1.528997
0.622 -1.528951
0.624 -1.528905
0.626 -1.528859
0.628 -1.528813
0.630 -1.528767
0.632 -1.528721
0.634 -1.528675
0.636 -1.528629
0.638 -1.528445
0.640 -1.528399
0.642 -1.528399
0.644 -1.528399
0.646 -1.528399
0.648 -1.528353
0.650 -1.528307
0.652 -1.528261
0.654 -1.528215
0.656 -1.528169
0.658 -1.528123
0.660 -1.528077
0.662 -1.528031
0.664 -1.527985
0.666 -1.527939
0.668 -1.527847
0.670 -1.527847
0.672 -1.527801
0.674 -1.527754
0.676 -1.527708
0.678 -1.527662
0.680 -1.527616
0.682 -1.527570
0.684 -1.527524
0.686 -1.527478
0.688 -1.527432
0.690 -1.527386
0.692 -1.527340
0.694 -1.527294
0.696 -1.527248
0.698 -1.527202
0.700 -1.527156
0.702 -1.527110
0.704 -1.527064
0.706 -1.527018
0.708 -1.526972
0.710 -1.526926
0.712 -1.526880
0.714 -1.526834
0.716 -1.526788
0.718 -1.526742
0.720 -1.526696
0.722 -1.526650
0.724 -1.526604
0.726 -1.526558
0.728 -1.526512
0.730 -1.526466
0.732 -1.526420
0.734 -1.526374
0.736 -1.526327
0.738 -1.526281
0.740 -1.526235
0.742 -1.526189
0.744 -1.526143
0.746 -1.526097
0.748 -1.526051
0.750 -1.526005
0.752 -1.525959
0.754 -1.525913
0.756 -1.525867
0.758 -1.525821
0.760 -1.525775
0.762 -1.525729
0.764 -1.525683
0.766 -1.525637
0.768 -1.525591
0.770 -1.525545
0.772 -1.525499
0.774 -1.525453
0.776 -1.525407
0.778 -1.525361
0.780 -1.525315
0.782 -1.525269
0.784 -1.525223
0.786 -1.525177
0.788 -1.525131
0.790 -1.525085
0.792 -1.525039
0.794 -1.524993
0.796 -1.524947
0.798 -1.524900
0.800 -1.524854
0.802 -1.524808
0.804 -1.524762
0.806 -1.524716
0.808 -1.524670
0.810 -1.524624
0.812 -1.524578
0.814 -1.524532
0.816 -1.524486
0.818 -1.524440
0.820 -1.524394
0.822 -1.524348
0.824 -1.524302
0.826 -1.524256
0.828 -1.524210
0.830 -1.524164
0.832 -1.524118
0.834 -1.524072
0.836 -1.524026
0.838 -1.523980
0.840 -1.523934
0.842 -1.523888
0.844 -1.523842
0.846 -1.523796
0.848 -1.523750
0.850 -1.523704
0.852 -1.523658
0.854 -1.523612
0.856 -1.523566
0.858 -1.523520
0.860 -1.523474
0.862 -1.523427
0.864 -1.523381
0.866 -1.523335
0.868 -1.523335
0.870 -1.523243
0.872 -1.523197
0.874 -1.523151
0.876 -1.523105
0.878 -1.523059
0.880 -1.523013
0.882 -1.522967
0.884 -1.522921
0.886 -1.522875
0.888 -1.522829
0.890 -1.522783
0.892 -1.522737
0.894 -1.522691
0.896 -1.522645
0.898 -1.522599
0.900 -1.522553
0.902 -1.522507
0.904 -1.522461
0.906 -1.522415
0.908 -1.522323
0.910 -1.522323
0.912 -1.522277
0.914 -1.522231
0.916 -1.522185
0.918 -1.522139
0.920 -1.522093
0.922 -1.522047
0.924 -1.522000
0.926 -1.521954
0.928 -1.521908
0.930 -1.521862
0.932 -1.521816
0.934 -1.521770
0.936 -1.521724
0.938 -1.521678
0.940 -1.521632
0.942 -1.521586
0.944 -1.521540
0.946 -1.521494
0.948 -1.521402
0.950 -1.521402
0.952 -1.521356
0.954 -1.521310
0.956 -1.521264
0.958 -1.521218
0.960 -1.521172
0.962 -1.521126
0.964 -1.521080
0.966 -1.521034
0.968 -1.520988
0.970 -1.520942
0.972 -1.520896
0.974 -1.520850
0.976 -1.520804
0.978 -1.520758
0.980 -1.520712
0.982 -1.520666
0.984 -1.520620
0.986 -1.520574
0.988 -1.520527
0.990 -1.520481
0.992 -1.520435
0.994 -1.520389
0.996 -1.520343
0.998 -1.520297
1.000 -1.520251
1.002 -1.520205
1.004 -1.520159
1.006 -1.520113
1.008 -1.520067
1.010 -1.520021
1.012 -1.519975
1.014 -1.519929
1.016 -1.519883
1.018 -1.519837
1.020 -1.519791
1.022 -1.519745
1.024 -1.519699
1.026 -1.519653
1.028 -1.519607
1.030 -1.519561
1.032 -1.519515
1.034 -1.519469
1.036 -1.519423
1.038 -1.519377
1.040 -1.519331
1.042 -1.519285
1.044 -1.519239
1.046 -1.519193
1.048 -1.519147
1.050 -1.519100
1.052 -1.519054
1.054 -1.519008
1.056 -1.518962
1.058 -1.518916
1.060 -1.518870
1.062 -1.518824
1.064 -1.518778
1.066 -1.518732
1.068 -1.518686
1.070 -1.518640
1.072 -1.518594
1.074 -1.518548
1.076 -1.518502
1.078 -1.518456
1.080 -1.518410
1.082 -1.518364
1.084 -1.518318
1.086 -1.518272
1.088 -1.518226
1.090 -1.518180
1.092 -1.518134
1.094 -1.518088
1.096 -1.518042
1.098 -1.517996
1.100 -1.517950
1.102 -1.517904
1.104 -1.517858
1.106 -1.517812
1.108 -1.517720
1.110 -1.517720
1.112 -1.517674
1.114 -1.517627
1.116 -1.517581
1.118 -1.517535
1.120 -1.517489
1.122 -1.517443
1.124 -1.517397
1.126 -1.517351
1.128 -1.517305
1.130 -1.517259
1.132 -1.517213
1.134 -1.517167
1.136 -1.517121
1.138 -1.517121
1.140 -1.517029
1.142 -1.516983
1.144 -1.516937
1.146 -1.516891
1.148 -1.516845
1.150 -1.516845
1.152 -1.516753
1.154 -1.516707
1.156 -1.516661
1.158 -1.516615
1.160 -1.516569
1.162 -1.516523
1.164 -1.516477
1.166 -1.516431
1.168 -1.516385
1.170 -1.516339
1.172 -1.516293
1.174 -1.516247
1.176 -1.516200
1.178 -1.516154
1.180 -1.516108
1.182 -1.516062
1.184 -1.516016
1.186 -1.515970
1.188 -1.515924
1.190 -1.515878
1.192 -1.515832
1.194 -1.515786
1.196 -1.515740
1.198 -1.515694
1.200 -1.515648
1.202 -1.515602
1.204 -1.515556
1.206 -1.515510
1.208 -1.515464
1.210 -1.515418
1.212 -1.515372
1.214 -1.515326
1.216 -1.515280
1.218 -1.515234
1.220 -1.515188
1.222 -1.515142
1.224 -1.515096
1.226 -1.515050
1.228 -1.515050
1.230 -1.514958
1.232 -1.514912
1.234 -1.514866
1.236 -1.514820
1.238 -1.514773
1.240 -1.514727
1.242 -1.514681
1.244 -1.514635
1.246 -1.514589
1.248 -1.514543
1.250 -1.514497
1.252 -1.514451
1.254 -1.514405
1.256 -1.514359
1.258 -1.514313
1.260 -1.514267
1.262 -1.514221
1.264 -1.514175
1.266 -1.514129
1.268 -1.514129
1.270 -1.514083
1.272 -1.513991
1.274 -1.513945
1.276 -1.513899
1.278 -1.513853
1.280 -1.513807
1.282 -1.513761
1.284 -1.513715
1.286 -1.513669
1.288 -1.513623
1.290 -1.513577
1.292 -1.513531
1.294 -1.513485
1.296 -1.513439
1.298 -1.513393
1.300 -1.513347
1.302 -1.513300
1.304 -1.513254
1.306 -1.513208
1.308 -1.513162
1.310 -1.513116
1.312 -1.513070
1.314 -1.513024
1.316 -1.512978
1.318 -1.512932
1.320 -1.512886
1.322 -1.512840
1.324 -1.512794
1.326 -1.512748
1.328 -1.512702
1.330 -1.512656
1.332 -1.512610
1.334 -1.512564
1.336 -1.512518
1.338 -1.512472
1.340 -1.512426
1.342 -1.512380
1.344 -1.512334
1.346 -1.512288
1.348 -1.512242
1.350 -1.512242
1.352 -1.512150
1.354 -1.512104
1.356 -1.512058
1.358 -1.512012
1.360 -1.511966
1.362 -1.511920
1.364 -1.511873
1.366 -1.511827
1.368 -1.511781
1.370 -1.511735
1.372 -1.511689
1.374 -1.511643
1.376 -1.511597
1.378 -1.511551
1.380 -1.511505
1.382 -1.511459
1.384 -1.511413
1.386 -1.511367
1.388 -1.511367
1.390 -1.511367
1.392 -1.511367
1.394 -1.511367
1.396 -1.511367
1.398 -1.511321
1.400 -1.511229
1.402 -1.511229
1.404 -1.511091
1.406 -1.511045
1.408 -1.510999
1.410 -1.510953
1.412 -1.510907
1.414 -1.510861
1.416 -1.510815
1.418 -1.510769
1.420 -1.510723
1.422 -1.510677
1.424 -1.510631
1.426 -1.510585
1.428 -1.510539
1.430 -1.510493
1.432 -1.510447
1.434 -1.510400
1.436 -1.510354
1.438 -1.510308
1.440 -1.510308
1.442 -1.510308
1.444 -1.510216
1.446 -1.510124
1.448 -1.510078
1.450 -1.510032
1.452 -1.509986
1.454 -1.509940
1.456 -1.509894
1.458 -1.509848
1.460 -1.509802
1.462 -1.509756
1.464 -1.509710
1.466 -1.509664
1.468 -1.509618
1.470 -1.509572
1.472 -1.509572
1.474 -1.509480
1.476 -1.509434
1.478 -1.509388
1.480 -1.509388
1.482 -1.509296
1.484 -1.509250
1.486 -1.509204
1.488 -1.509158
1.490 -1.509112
1.492 -1.509066
1.494 -1.509020
1.496 -1.508973
1.498 -1.508927
1.500 -1.508881
1.502 -1.508835
1.504 -1.508789
1.506 -1.508743
1.508 -1.508651
1.510 -1.508605
1.512 -1.508605
1.514 -1.508559
1.516 -1.508513
1.518 -1.508467
1.520 -1.508421
1.522 -1.508375
1.524 -1.508329
1.526 -1.508283
1.528 -1.508237
1.530 -1.508191
1.532 -1.508145
1.534 -1.508099
1.536 -1.508053
1.538 -1.508053
1.540 -1.507961
1.542 -1.507915
1.544 -1.507869
1.546 -1.507823
1.548 -1.507777
1.550 -1.507731
1.552 -1.507685
1.554 -1.507639
1.556 -1.507546
1.558 -1.507500
1.560 -1.507500
1.562 -1.507454
1.564 -1.507408
1.566 -1.507362
1.568 -1.507316
1.570 -1.507270
1.572 -1.507224
1.574 -1.507178
1.576 -1.507132
1.578 -1.507086
1.580 -1.507040
1.582 -1.506994
1.584 -1.506948
1.586 -1.506902
1.588 -1.506856
1.590 -1.506810
1.592 -1.506810
1.594 -1.506718
1.596 -1.506672
1.598 -1.506626
1.600 -1.506580
1.602 -1.506534
1.604 -1.506488
1.606 -1.506442
1.608 -1.506396
1.610 -1.506350
1.612 -1.506304
1.614 -1.506258
1.616 -1.506212
1.618 -1.506166
1.620 -1.506120
1.622 -1.506073
1.624 -1.506027
1.626 -1.505981
1.628 -1.505935
1.630 -1.505889
1.632 -1.505843
1.634 -1.505797
1.636 -1.505751
1.638 -1.505705
1.640 -1.505705
1.642 -1.505705
1.644 -1.505705
1.646 -1.505613
1.648 -1.505475
1.650 -1.505429
1.652 -1.505383
1.654 -1.505337
1.656 -1.505291
1.658 -1.505245
1.660 -1.505199
1.662 -1.505153
1.664 -1.505107
1.666 -1.505061
1.668 -1.505015
1.670 -1.504969
1.672 -1.504923
1.674 -1.504877
1.676 -1.504831
1.678 -1.504785
1.680 -1.504739
1.682 -1.504693
1.684 -1.504646
1.686 -1.504600
1.688 -1.504554
1.690 -1.504508
1.692 -1.504462
1.694 -1.504416
1.696 -1.504370
1.698 -1.504324
1.700 -1.504278
1.702 -1.504232
1.704 -1.504186
1.706 -1.504140
1.708 -1.504094
1.710 -1.504048
1.712 -1.504002
1.714 -1.503956
1.716 -1.503910
1.718 -1.503864
1.720 -1.503818
1.722 -1.503772
1.724 -1.503726
1.726 -1.503680
1.728 -1.503634
1.730 -1.503588
1.732 -1.503542
1.734 -1.503496
1.736 -1.503450
1.738 -1.503404
1.740 -1.503358
1.742 -1.503312
1.744 -1.503266
1.746 -1.503220
1.748 -1.503173
1.750 -1.503127
1.752 -1.503081
1.754 -1.503035
1.756 -1.502989
1.758 -1.502943
1.760 -1.502897
1.762 -1.502851
1.764 -1.502805
1.766 -1.502759
1.768 -1.502713
1.770 -1.502667
1.772 -1.502621
1.774 -1.502575
1.776 -1.502529
1.778 -1.502483
1.780 -1.502437
1.782 -1.502391
1.784 -1.502345
1.786 -1.502299
1.788 -1.502253
1.790 -1.502207
1.792 -1.502161
1.794 -1.502115
1.796 -1.502069
1.798 -1.502023
1.800 -1.501977
1.802 -1.501931
1.804 -1.501885
1.806 -1.501839
1.808 -1.501793
1.810 -1.501746
1.812 -1.501700
1.814 -1.501654
1.816 -1.501608
1.818 -1.501562
1.820 -1.501516
1.822 -1.501470
1.824 -1.501424
1.826 -1.501378
1.828 -1.501194
1.830 -1.501194
1.832 -1.501194
1.834 -1.501194
1.836 -1.501148
1.838 -1.501102
1.840 -1.501056
1.842 -1.501010
1.844 -1.500964
1.846 -1.500918
1.848 -1.500872
1.850 -1.500826
1.852 -1.500780
1.854 -1.500734
1.856 -1.500688
1.858 -1.500642
1.860 -1.500596
1.862 -1.500550
1.864 -1.500504
1.866 -1.500458
1.868 -1.500412
1.870 -1.500366
1.872 -1.500366
1.874 -1.500273
1.876 -1.500227
1.878 -1.500181
1.880 -1.500135
1.882 -1.500089
1.884 -1.500043
1.886 -1.499997
1.888 -1.499951
1.890 -1.499905
1.892 -1.499859
1.894 -1.499813
1.896 -1.499767
1.898 -1.499721
1.900 -1.499675
1.902 -1.499629
1.904 -1.499583
1.906 -1.499537
1.908 -1.499491
1.910 -1.499445
1.912 -1.499399
1.914 -1.499353
1.916 -1.499307
1.918 -1.499261
1.920 -1.499215
1.922 -1.499169
1.924 -1.499123
1.926 -1.499077
1.928 -1.499031
1.930 -1.498985
1.932 -1.498939
1.934 -1.498893
1.936 -1.498846
1.938 -1.498800
1.940 -1.498754
1.942 -1.498708
1.944 -1.498662
1.946 -1.498616
1.948 -1.498570
1.950 -1.498570
1.952 -1.498570
1.954 -1.498432
1.956 -1.498386
1.958 -1.498340
1.960 -1.498294
1.962 -1.498248
1.964 -1.498202
1.966 -1.498156
1.968 -1.498110
1.970 -1.498064
1.972 -1.498018
1.974 -1.497972
1.976 -1.497926
1.978 -1.497880
1.980 -1.497834
1.982 -1.497788
1.984 -1.497742
1.986 -1.497696
1.988 -1.497650
1.990 -1.497604
1.992 -1.497558
1.994 -1.497512
1.996 -1.497466
1.998 -1.497419
2.000 -1.497419
2.002 -1.497327
2.004 -1.497281
2.006 -1.497235
2.008 -1.497189
2.010 -1.497143
2.012 -1.497097
2.014 -1.497051
2.016 -1.497005
2.018 -1.496959
2.020 -1.496913
2.022 -1.496867
2.024 -1.496821
2.026 -1.496775
2.028 -1.496729
2.030 -1.496683
2.032 -1.496637
2.034 -1.496591
2.036 -1.496545
2.038 -1.496499
2.040 -1.496453
2.042 -1.496407
2.044 -1.496361
2.046 -1.496315
2.048 -1.496269
2.050 -1.496223
2.052 -1.496177
2.054 -1.496131
2.056 -1.496085
2.058 -1.496039
2.060 -1.495993
2.062 -1.495946
2.064 -1.495900
2.066 -1.495854
2.068 -1.495762
2.070 -1.495762
2.072 -1.495716
2.074 -1.495670
2.076 -1.495624
2.078 -1.495578
2.080 -1.495532
2.082 -1.495486
2.084 -1.495440
2.086 -1.495394
2.088 -1.495348
2.090 -1.495302
2.092 -1.495256
2.094 -1.495210
2.096 -1.495164
2.098 -1.495118
2.100 -1.495072
2.102 -1.495026
2.104 -1.494980
2.106 -1.494934
2.108 -1.494888
2.110 -1.494842
2.112 -1.494796
2.114 -1.494750
2.116 -1.494704
2.118 -1.494658
2.120 -1.494612
2.122 -1.494519
2.124 -1.494519
2.126 -1.494473
2.128 -1.494427
2.130 -1.494381
2.132 -1.494335
2.134 -1.494335
2.136 -1.494243
2.138 -1.494197
2.140 -1.494151
2.142 -1.494105
2.144 -1.494059
2.146 -1.494013
2.148 -1.493967
2.150 -1.493921
2.152 -1.493875
2.154 -1.493829
2.156 -1.493783
2.158 -1.493737
2.160 -1.493691
2.162 -1.493645
2.164 -1.493599
2.166 -1.493599
2.168 -1.493507
2.170 -1.493461
2.172 -1.493415
2.174 -1.493369
2.176 -1.493323
2.178 -1.493277
2.180 -1.493231
2.182 -1.493185
2.184 -1.493139
2.186 -1.493093
2.188 -1.493046
2.190 -1.493000
2.192 -1.492954
2.194 -1.492908
2.196 -1.492862
2.198 -1.492816
2.200 -1.492770
2.202 -1.492724
2.204 -1.492678
2.206 -1.492632
2.208 -1.492586
2.210 -1.492540
2.212 -1.492494
2.214 -1.492448
2.216 -1.492402
2.218 -1.492356
2.220 -1.492310
2.222 -1.492264
2.224 -1.492218
2.226 -1.492172
2.228 -1.492126
2.230 -1.492080
2.232 -1.492034
2.234 -1.491988
2.236 -1.491942
2.238 -1.491896
2.240 -1.491850
2.242 -1.491804
2.244 -1.491758
2.246 -1.491712
2.248 -1.491666
2.250 -1.491619
2.252 -1.491573
2.254 -1.491527
2.256 -1.491481
2.258 -1.491435
2.260 -1.491389
2.262 -1.491343
2.264 -1.491297
2.266 -1.491251
2.268 -1.491205
2.270 -1.491159
2.272 -1.491113
2.274 -1.491067
2.276 -1.491021
2.278 -1.490975
2.280 -1.490929
2.282 -1.490883
2.284 -1.490837
2.286 -1.490791
2.288 -1.490745
2.290 -1.490699
2.292 -1.490653
2.294 -1.490607
2.296 -1.490561
2.298 -1.490515
2.300 -1.490469
2.302 -1.490423
2.304 -1.490377
2.306 -1.490331
2.308 -1.490285
2.310 -1.490239
2.312 -1.490239
2.314 -1.490146
2.316 -1.490100
2.318 -1.490054
2.320 -1.490008
2.322 -1.489962
2.324 -1.489916
2.326 -1.489870
2.328 -1.489824
2.330 -1.489778
2.332 -1.489732
2.334 -1.489686
2.336 -1.489640
2.338 -1.489594
2.340 -1.489548
2.342 -1.489502
2.344 -1.489456
2.346 -1.489410
2.348 -1.489364
2.350 -1.489318
2.352 -1.489272
2.354 -1.489226
2.356 -1.489180
2.358 -1.489134
2.360 -1.489088
2.362 -1.489042
2.364 -1.488996
2.366 -1.488950
2.368 -1.488904
2.370 -1.488858
2.372 -1.488812
2.374 -1.488766
2.376 -1.488719
2.378 -1.488673
2.380 -1.488627
2.382 -1.488581
2.384 -1.488535
2.386 -1.488489
2.388 -1.488489
2.390 -1.488397
2.392 -1.488351
2.394 -1.488305
2.396 -1.488259
2.398 -1.488213
2.400 -1.488167
2.402 -1.488121
2.404 -1.488075
2.406 -1.488029
2.408 -1.487983
2.410 -1.487937
2.412 -1.487891
2.414 -1.487845
2.416 -1.487799
2.418 -1.487753
2.420 -1.487707
2.422 -1.487661
2.424 -1.487615
2.426 -1.487569
2.428 -1.487523
2.430 -1.487477
2.432 -1.487431
2.434 -1.487385
2.436 -1.487339
2.438 -1.487292
2.440 -1.487246
2.442 -1.487200
2.444 -1.487154
2.446 -1.487108
2.448 -1.487062
2.450 -1.487016
2.452 -1.486970
2.454 -1.486924
2.456 -1.486878
2.458 -1.486832
2.460 -1.486786
2.462 -1.486740
2.464 -1.486694
2.466 -1.486648
2.468 -1.486602
2.470 -1.486556
2.472 -1.486510
2.474 -1.486464
2.476 -1.486418
2.478 -1.486372
2.480 -1.486326
2.482 -1.486280
2.484 -1.486234
2.486 -1.486188
2.488 -1.486142
2.490 -1.486096
2.492 -1.486050
2.494 -1.486004
2.496 -1.485958
2.498 -1.485912
2.500 -1.485866
2.502 -1.485819
2.504 -1.485773
2.506 -1.485727
2.508 -1.485727
2.510 -1.485635
2.512 -1.485589
2.514 -1.485543
2.516 -1.485497
2.518 -1.485451
2.520 -1.485405
2.522 -1.485359
2.524 -1.485313
2.526 -1.485267
2.528 -1.485221
2.530 -1.485175
2.532 -1.485129
2.534 -1.485083
2.536 -1.485037
2.538 -1.484991
2.540 -1.484945
2.542 -1.484899
2.544 -1.484853
2.546 -1.484807
2.548 -1.484761
2.550 -1.484715
2.552 -1.484669
2.554 -1.484623
2.556 -1.484577
2.558 -1.484531
2.560 -1.484485
2.562 -1.484439
2.564 -1.484392
2.566 -1.484346
2.568 -1.484300
2.570 -1.484254
2.572 -1.484208
2.574 -1.484162
2.576 -1.484116
2.578 -1.484070
2.580 -1.484024
2.582 -1.483978
2.584 -1.483932
2.586 -1.483886
2.588 -1.483886
2.590 -1.483886
2.592 -1.483886
2.594 -1.483840
2.596 -1.483794
2.598 -1.483794
2.600 -1.483656
2.602 -1.483518
2.604 -1.483518
2.606 -1.483426
2.608 -1.483380
2.610 -1.483334
2.612 -1.483288
2.614 -1.483242
2.616 -1.483196
2.618 -1.483150
2.620 -1.483104
2.622 -1.483104
2.624 -1.483012
2.626 -1.482966
2.628 -1.482919
2.630 -1.482873
2.632 -1.482827
2.634 -1.482781
2.636 -1.482735
2.638 -1.482689
2.640 -1.482643
2.642 -1.482597
2.644 -1.482551
2.646 -1.482551
2.648 -1.482459
2.650 -1.482413
2.652 -1.482367
2.654 -1.482321
2.656 -1.482275
2.658 -1.482229
2.660 -1.482183
2.662 -1.482137
2.664 -1.482091
2.666 -1.482045
2.668 -1.482045
2.670 -1.482045
2.672 -1.481953
2.674 -1.481861
2.676 -1.481861
2.678 -1.481815
2.680 -1.481769
2.682 -1.481677
2.684 -1.481631
2.686 -1.481585
2.688 -1.481539
2.690 -1.481492
2.692 -1.481446
2.694 -1.481400
2.696 -1.481354
2.698 -1.481308
2.700 -1.481262
2.702 -1.481216
2.704 -1.481170
2.706 -1.481124
2.708 -1.481078
2.710 -1.481032
2.712 -1.480986
2.714 -1.480940
2.716 -1.480894
2.718 -1.480848
2.720 -1.480802
2.722 -1.480756
2.724 -1.480710
2.726 -1.480664
2.728 -1.480618
2.730 -1.480572
2.732 -1.480526
2.734 -1.480480
2.736 -1.480434
2.738 -1.480388
2.740 -1.480342
2.742 -1.480296
2.744 -1.480250
2.746 -1.480204
2.748 -1.480158
2.750 -1.480112
2.752 -1.480065
2.754 -1.480019
2.756 -1.479973
2.758 -1.479927
2.760 -1.479881
2.762 -1.479835
2.764 -1.479789
2.766 -1.479743
2.768 -1.479697
2.770 -1.479651
2.772 -1.479605
2.774 -1.479559
2.776 -1.479513
2.778 -1.479467
2.780 -1.479421
2.782 -1.479375
2.784 -1.479329
2.786 -1.479283
2.788 -1.479237
2.790 -1.479191
2.792 -1.479145
2.794 -1.479099
2.796 -1.479053
2.798 -1.479007
2.800 -1.478961
2.802 -1.478915
2.804 -1.478869
2.806 -1.478823
2.808 -1.478777
2.810 -1.478731
2.812 -1.478685
2.814 -1.478639
2.816 -1.478592
2.818 -1.478546
2.820 -1.478500
2.822 -1.478454
2.824 -1.478408
2.826 -1.478362
2.828 -1.478316
2.830 -1.478270
2.832 -1.478224
2.834 -1.478178
2.836 -1.478132
2.838 -1.478086
2.840 -1.478040
2.842 -1.477994
2.844 -1.477948
2.846 -1.477902
2.848 -1.477856
2.850 -1.477810
2.852 -1.477764
2.854 -1.477718
2.856 -1.477672
2.858 -1.477626
2.860 -1.477580
2.862 -1.477534
2.864 -1.477488
2.866 -1.477442
2.868 -1.477350
2.870 -1.477350
2.872 -1.477304
2.874 -1.477258
2.876 -1.477212
2.878 -1.477165
2.880 -1.477119
2.882 -1.477073
2.884 -1.477027
2.886 -1.476981
2.888 -1.476935
2.890 -1.476889
2.892 -1.476843
2.894 -1.476797
2.896 -1.476751
2.898 -1.476705
2.900 -1.476659
2.902 -1.476613
2.904 -1.476567
2.906 -1.476521
2.908 -1.476475
2.910 -1.476429
2.912 -1.476383
2.914 -1.476337
2.916 -1.476291
2.918 -1.476245
2.920 -1.476199
2.922 -1.476153
2.924 -1.476107
2.926 -1.476061
2.928 -1.476015
2.930 -1.476015
2.932 -1.475923
2.934 -1.475877
2.936 -1.475831
2.938 -1.475785
2.940 -1.475739
2.942 -1.475692
2.944 -1.475646
2.946 -1.475600
2.948 -1.475554
2.950 -1.475508
2.952 -1.475462
2.954 -1.475416
2.956 -1.475278
2.958 -1.475278
2.960 -1.475278
2.962 -1.475232
2.964 -1.475186
2.966 -1.475140
2.968 -1.475094
2.970 -1.475048
2.972 -1.475002
2.974 -1.474956
2.976 -1.474910
2.978 -1.474864
2.980 -1.474818
2.982 -1.474772
2.984 -1.474726
2.986 -1.474680
2.988 -1.474634
2.990 -1.474588
2.992 -1.474588
2.994 -1.474496
2.996 -1.474450
2.998 -1.474404
3.000 -1.474358
3.002 -1.474312
3.004 -1.474265
3.006 -1.474219
3.008 -1.474173
3.010 -1.474127
3.012 -1.474081
3.014 -1.474035
3.016 -1.473989
3.018 -1.473943
3.020 -1.473897
3.022 -1.473851
3.024 -1.473805
3.026 -1.473759
3.028 -1.473713
3.030 -1.473667
3.032 -1.473621
3.034 -1.473575
3.036 -1.473529
3.038 -1.473483
3.040 -1.473483
3.042 -1.473483
3.044 -1.473483
3.046 -1.473299
3.048 -1.473253
3.050 -1.473207
3.052 -1.473161
3.054 -1.473115
3.056 -1.473069
3.058 -1.473023
3.060 -1.472977
3.062 -1.472931
3.064 -1.472885
3.066 -1.472839
3.068 -1.472792
3.070 -1.472746
3.072 -1.472700
3.074 -1.472654
3.076 -1.472608
3.078 -1.472562
3.080 -1.472516
3.082 -1.472470
3.084 -1.472424
3.086 -1.472378
3.088 -1.472332
3.090 -1.472286
3.092 -1.472240
3.094 -1.472194
3.096 -1.472148
3.098 -1.472102
3.100 -1.472056
3.102 -1.472010
3.104 -1.471964
3.106 -1.471918
3.108 -1.471872
3.110 -1.471826
3.112 -1.471780
3.114 -1.471734
3.116 -1.471688
3.118 -1.471642
3.120 -1.471596
3.122 -1.471550
3.124 -1.471504
3.126 -1.471458
3.128 -1.471412
3.130 -1.471365
3.132 -1.471319
3.134 -1.471273
3.136 -1.471227
3.138 -1.471181
3.140 -1.471135
3.142 -1.471089
3.144 -1.471043
3.146 -1.470997
3.148 -1.470951
3.150 -1.470905
3.152 -1.470859
3.154 -1.470813
3.156 -1.470767
3.158 -1.470721
3.160 -1.470675
3.162 -1.470629
3.164 -1.470583
3.166 -1.470537
3.168 -1.470491
3.170 -1.470445
3.172 -1.470399
3.174 -1.470353
3.176 -1.470307
3.178 -1.470261
3.180 -1.470215
3.182 -1.470169
3.184 -1.470123
3.186 -1.470077
3.188 -1.470031
3.190 -1.469985
3.192 -1.469938
3.194 -1.469892
3.196 -1.469846
3.198 -1.469800
3.200 -1.469754
3.202 -1.469708
3.204 -1.469662
3.206 -1.469616
3.208 -1.469570
3.210 -1.469524
3.212 -1.469478
3.214 -1.469432
3.216 -1.469386
3.218 -1.469340
3.220 -1.469248
3.222 -1.469248
3.224 -1.469202
3.226 -1.469156
3.228 -1.469064
3.230 -1.469064
3.232 -1.469018
3.234 -1.468972
3.236 -1.468926
3.238 -1.468880
3.240 -1.468834
3.242 -1.468788
3.244 -1.468742
3.246 -1.468696
3.248 -1.468650
3.250 -1.468604
3.252 -1.468558
3.254 -1.468512
3.256 -1.468465
3.258 -1.468419
3.260 -1.468373
3.262 -1.468327
3.264 -1.468281
3.266 -1.468235
3.268 -1.468235
3.270 -1.468143
3.272 -1.468097
3.274 -1.468051
3.276 -1.468005
3.278 -1.467959
3.280 -1.467913
3.282 -1.467867
3.284 -1.467821
3.286 -1.467775
3.288 -1.467729
3.290 -1.467683
3.292 -1.467637
3.294 -1.467591
3.296 -1.467545
3.298 -1.467499
3.300 -1.467453
3.302 -1.467407
3.304 -1.467361
3.306 -1.467315
3.308 -1.467315
3.310 -1.467223
3.312 -1.467177
3.314 -1.467131
3.316 -1.467085
3.318 -1.467038
3.320 -1.466992
3.322 -1.466946
3.324 -1.466900
3.326 -1.466854
3.328 -1.466808
3.330 -1.466762
3.332 -1.466716
3.334 -1.466670
3.336 -1.466624
3.338 -1.466578
3.340 -1.466578
3.342 -1.466486
3.344 -1.466440
3.346 -1.466394
3.348 -1.466394
3.350 -1.466302
3.352 -1.466256
3.354 -1.466210
3.356 -1.466164
3.358 -1.466118
3.360 -1.466072
3.362 -1.466026
3.364 -1.465980
3.366 -1.465934
3.368 -1.465888
3.370 -1.465842
3.372 -1.465796
3.374 -1.465750
3.376 -1.465704
3.378 -1.465658
3.380 -1.465612
3.382 -1.465565
3.384 -1.465519
3.386 -1.465473
3.388 -1.465427
3.390 -1.465381
3.392 -1.465335
3.394 -1.465289
3.396 -1.465243
3.398 -1.465197
3.400 -1.465197
3.402 -1.465105
3.404 -1.465059
3.406 -1.465013
3.408 -1.464967
3.410 -1.464921
3.412 -1.464921
3.414 -1.464875
3.416 -1.464783
3.418 -1.464737
3.420 -1.464691
3.422 -1.464645
3.424 -1.464599
3.426 -1.464553
3.428 -1.464507
3.430 -1.464461
3.432 -1.464415
3.434 -1.464369
3.436 -1.464323
3.438 -1.464277
3.440 -1.464231
3.442 -1.464185
3.444 -1.464138
3.446 -1.464138
3.448 -1.464046
3.450 -1.464046
3.452 -1.463954
3.454 -1.463908
3.456 -1.463862
3.458 -1.463816
3.460 -1.463770
3.462 -1.463724
3.464 -1.463678
3.466 -1.463632
3.468 -1.463586
3.470 -1.463540
3.472 -1.463494
3.474 -1.463448
3.476 -1.463402
3.478 -1.463356
3.480 -1.463310
3.482 -1.463264
3.484 -1.463218
3.486 -1.463172
3.488 -1.463126
3.490 -1.463080
3.492 -1.463034
3.494 -1.462988
3.496 -1.462942
3.498 -1.462896
3.500 -1.462850
3.502 -1.462804
3.504 -1.462758
3.506 -1.462712
3.508 -1.462665
3.510 -1.462619
3.512 -1.462573
3.514 -1.462527
3.516 -1.462481
3.518 -1.462435
3.520 -1.462389
3.522 -1.462343
3.524 -1.462297
3.526 -1.462251
3.528 -1.462205
3.530 -1.462159
3.532 -1.462113
3.534 -1.462067
3.536 -1.462021
3.538 -1.461975
3.540 -1.461929
3.542 -1.461883
3.544 -1.461837
3.546 -1.461791
3.548 -1.461745
3.550 -1.461745
3.552 -1.461653
3.554 -1.461607
3.556 -1.461561
3.558 -1.461515
3.560 -1.461469
3.562 -1.461423
3.564 -1.461377
3.566 -1.461331
3.568 -1.461285
3.570 -1.461238
3.572 -1.461192
3.574 -1.461146
3.576 -1.461100
3.578 -1.461054
3.580 -1.461008
3.582 -1.460962
3.584 -1.460916
3.586 -1.460870
3.588 -1.460824
3.590 -1.460778
3.592 -1.460732
3.594 -1.460686
3.596 -1.460640
3.598 -1.460594
3.600 -1.460548
3.602 -1.460502
3.604 -1.460456
3.606 -1.460410
3.608 -1.460364
3.610 -1.460318
3.612 -1.460272
3.614 -1.460226
3.616 -1.460180
3.618 -1.460134
3.620 -1.460088
3.622 -1.460042
3.624 -1.459996
3.626 -1.459950
3.628 -1.459904
3.630 -1.459858
3.632 -1.459811
3.634 -1.459765
3.636 -1.459719
3.638 -1.459719
3.640 -1.459627
3.642 -1.459627
3.644 -1.459535
3.646 -1.459489
3.648 -1.459443
3.650 -1.459397
3.652 -1.459351
3.654 -1.459305
3.656 -1.459259
3.658 -1.459213
3.660 -1.459167
3.662 -1.459121
3.664 -1.459075
3.666 -1.459029
3.668 -1.458983
3.670 -1.458937
3.672 -1.458891
3.674 -1.458845
3.676 -1.458799
3.678 -1.458753
3.680 -1.458707
3.682 -1.458661
3.684 -1.458615
3.686 -1.458569
3.688 -1.458523
3.690 -1.458477
3.692 -1.458431
3.694 -1.458385
3.696 -1.458338
3.698 -1.458292
3.700 -1.458246
3.702 -1.458200
3.704 -1.458154
3.706 -1.458108
3.708 -1.458062
3.710 -1.458016
3.712 -1.457970
3.714 -1.457924
3.716 -1.457878
3.718 -1.457832
3.720 -1.457786
3.722 -1.457740
3.724 -1.457694
3.726 -1.457648
3.728 -1.457602
3.730 -1.457556
3.732 -1.457510
3.734 -1.457464
3.736 -1.457418
3.738 -1.457372
3.740 -1.457326
3.742 -1.457280
3.744 -1.457234
3.746 -1.457188
3.748 -1.457096
3.750 -1.457096
3.752 -1.457050
3.754 -1.457004
3.756 -1.456958
3.758 -1.456911
3.760 -1.456865
3.762 -1.456819
3.764 -1.456819
3.766 -1.456727
3.768 -1.456681
3.770 -1.456635
3.772 -1.456589
3.774 -1.456543
3.776 -1.456497
3.778 -1.456451
3.780 -1.456405
3.782 -1.456359
3.784 -1.456313
3.786 -1.456267
3.788 -1.456221
3.790 -1.456175
3.792 -1.456129
3.794 -1.456129
3.796 -1.456037
3.798 -1.455991
3.800 -1.455945
3.802 -1.455899
3.804 -1.455853
3.806 -1.455807
3.808 -1.455761
3.810 -1.455715
3.812 -1.455669
3.814 -1.455623
3.816 -1.455577
3.818 -1.455531
3.820 -1.455485
3.822 -1.455438
3.824 -1.455392
3.826 -1.455346
3.828 -1.455254
3.830 -1.455254
3.832 -1.455208
3.834 -1.455162
3.836 -1.455116
3.838 -1.455070
3.840 -1.455024
3.842 -1.454978
3.844 -1.454932
3.846 -1.454886
3.848 -1.454840
3.850 -1.454794
3.852 -1.454748
3.854 -1.454702
3.856 -1.454656
3.858 -1.454610
3.860 -1.454564
3.862 -1.454564
3.864 -1.454472
3.866 -1.454426
3.868 -1.454380
3.870 -1.454334
3.872 -1.454288
3.874 -1.454242
3.876 -1.454196
3.878 -1.454150
3.880 -1.454104
3.882 -1.454058
3.884 -1.454011
3.886 -1.453965
3.888 -1.453919
3.890 -1.453873
3.892 -1.453827
3.894 -1.453781
3.896 -1.453735
3.898 -1.453689
3.900 -1.453643
3.902 -1.453597
3.904 -1.453551
3.906 -1.453505
3.908 -1.453459
3.910 -1.453413
3.912 -1.453367
3.914 -1.453321
3.916 -1.453275
3.918 -1.453229
3.920 -1.453183
3.922 -1.453137
3.924 -1.453091
3.926 -1.453091
3.928 -1.452999
3.930 -1.452953
3.932 -1.452907
3.934 -1.452861
3.936 -1.452815
3.938 -1.452769
3.940 -1.452723
3.942 -1.452677
3.944 -1.452631
3.946 -1.452584
3.948 -1.452538
3.950 -1.452492
3.952 -1.452446
3.954 -1.452400
3.956 -1.452400
3.958 -1.452308
3.960 -1.452262
3.962 -1.452216
3.964 -1.452170
3.966 -1.452124
3.968 -1.452078
3.970 -1.452032
3.972 -1.451986
3.974 -1.451940
3.976 -1.451894
3.978 -1.451848
3.980 -1.451802
3.982 -1.451756
3.984 -1.451710
3.986 -1.451664
3.988 -1.451664
3.990 -1.451664
3.992 -1.451664
3.994 -1.451572
3.996 -1.451434
3.998 -1.451388
4.000 -1.451342
4.002 -1.451296
4.004 -1.451250
4.006 -1.451204
4.008 -1.451158
4.010 -1.451111
4.012 -1.451065
4.014 -1.451019
4.016 -1.450973
4.018 -1.450927
4.020 -1.450881
4.022 -1.450835
4.024 -1.450789
4.026 -1.450743
4.028 -1.450697
4.030 -1.450651
4.032 -1.450605
4.034 -1.450559
4.036 -1.450513
4.038 -1.450467
4.040 -1.450421
4.042 -1.450375
4.044 -1.450329
4.046 -1.450283
4.048 -1.450237
4.050 -1.450191
4.052 -1.450145
4.054 -1.450099
4.056 -1.450053
4.058 -1.450007
4.060 -1.449961
4.062 -1.449915
4.064 -1.449869
4.066 -1.449823
4.068 -1.449777
4.070 -1.449731
4.072 -1.449684
4.074 -1.449638
4.076 -1.449592
4.078 -1.449546
4.080 -1.449500
4.082 -1.449454
4.084 -1.449408
4.086 -1.449362
4.088 -1.449316
4.090 -1.449270
4.092 -1.449224
4.094 -1.449178
4.096 -1.449132
4.098 -1.449086
4.100 -1.449040
4.102 -1.448994
4.104 -1.448948
4.106 -1.448902
4.108 -1.448856
4.110 -1.448810
4.112 -1.448764
4.114 -1.448718
4.116 -1.448672
4.118 -1.448626
4.120 -1.448580
4.122 -1.448534
4.124 -1.448488
4.126 -1.448442
4.128 -1.448396
4.130 -1.448350
4.132 -1.448304
4.134 -1.448258
4.136 -1.448211
4.138 -1.448165
4.140 -1.448119
4.142 -1.448073
4.144 -1.448027
4.146 -1.447981
4.148 -1.447935
4.150 -1.447889
4.152 -1.447843
4.154 -1.447797
4.156 -1.447751
4.158 -1.447705
4.160 -1.447659
4.162 -1.447613
4.164 -1.447567
4.166 -1.447521
4.168 -1.447475
4.170 -1.447429
4.172 -1.447383
4.174 -1.447337
4.176 -1.447291
4.178 -1.447245
4.180 -1.447199
4.182 -1.447153
4.184 -1.447107
4.186 -1.447061
4.188 -1.447015
4.190 -1.446969
4.192 -1.446923
4.194 -1.446877
4.196 -1.446831
4.198 -1.446784
4.200 -1.446738
4.202 -1.446692
4.204 -1.446646
4.206 -1.446600
4.208 -1.446554
4.210 -1.446508
4.212 -1.446462
4.214 -1.446416
4.216 -1.446370
4.218 -1.446324
4.220 -1.446278
4.222 -1.446232
4.224 -1.446186
4.226 -1.446140
4.228 -1.446094
4.230 -1.446048
4.232 -1.446002
4.234 -1.445956
4.236 -1.445910
4.238 -1.445864
4.240 -1.445818
4.242 -1.445772
4.244 -1.445726
4.246 -1.445680
4.248 -1.445634
4.250 -1.445588
4.252 -1.445542
4.254 -1.445496
4.256 -1.445450
4.258 -1.445404
4.260 -1.445358
4.262 -1.445311
4.264 -1.445265
4.266 -1.445219
4.268 -1.445173
4.270 -1.445127
4.272 -1.445081
4.274 -1.445035
4.276 -1.445035
4.278 -1.444943
4.280 -1.444897
4.282 -1.444851
4.284 -1.444805
4.286 -1.444759
4.288 -1.444713
4.290 -1.444667
4.292 -1.444621
4.294 -1.444575
4.296 -1.444529
4.298 -1.444483
4.300 -1.444437
4.302 -1.444391
4.304 -1.444345
4.306 -1.444299
4.308 -1.444253
4.310 -1.444207
4.312 -1.444161
4.314 -1.444115
4.316 -1.444069
4.318 -1.444023
4.320 -1.443977
4.322 -1.443931
4.324 -1.443884
4.326 -1.443838
4.328 -1.443792
4.330 -1.443746
4.332 -1.443700
4.334 -1.443654
4.336 -1.443608
4.338 -1.443562
4.340 -1.443516
4.342 -1.443470
4.344 -1.443424
4.346 -1.443378
4.348 -1.443332
4.350 -1.443332
4.352 -1.443332
4.354 -1.443194
4.356 -1.443148
4.358 -1.443102
4.360 -1.443056
4.362 -1.443010
4.364 -1.442964
4.366 -1.442918
4.368 -1.442872
4.370 -1.442826
4.372 -1.442780
4.374 -1.442734
4.376 -1.442688
4.378 -1.442642
4.380 -1.442596
4.382 -1.442550
4.384 -1.442504
4.386 -1.442457
4.388 -1.442411
4.390 -1.442365
4.392 -1.442319
4.394 -1.442273
4.396 -1.442227
4.398 -1.442181
4.400 -1.442135
4.402 -1.442089
4.404 -1.442043
4.406 -1.441997
4.408 -1.441951
4.410 -1.441905
4.412 -1.441859
4.414 -1.441813
4.416 -1.441767
4.418 -1.441721
4.420 -1.441675
4.422 -1.441629
4.424 -1.441583
4.426 -1.441537
4.428 -1.441491
4.430 -1.441445
4.432 -1.441399
4.434 -1.441353
4.436 -1.441307
4.438 -1.441261
4.440 -1.441215
4.442 -1.441169
4.444 -1.441123
4.446 -1.441077
4.448 -1.441031
4.450 -1.441031
4.452 -1.440938
4.454 -1.440892
4.456 -1.440846
4.458 -1.440800
4.460 -1.440754
4.462 -1.440708
4.464 -1.440662
4.466 -1.440616
4.468 -1.440616
4.470 -1.440616
4.472 -1.440616
4.474 -1.440432
4.476 -1.440386
4.478 -1.440386
4.480 -1.440340
4.482 -1.440248
4.484 -1.440202
4.486 -1.440156
4.488 -1.440110
4.490 -1.440064
4.492 -1.440018
4.494 -1.439972
4.496 -1.439926
4.498 -1.439880
4.500 -1.439834
4.502 -1.439788
4.504 -1.439742
4.506 -1.439696
4.508 -1.439650
4.510 -1.439604
4.512 -1.439557
4.514 -1.439511
4.516 -1.439465
4.518 -1.439419
4.520 -1.439373
4.522 -1.439327
4.524 -1.439281
4.526 -1.439235
4.528 -1.439189
4.530 -1.439143
4.532 -1.439051
4.534 -1.439051
4.536 -1.439005
4.538 -1.438959
4.540 -1.438913
4.542 -1.438867
4.544 -1.438821
4.546 -1.438775
4.548 -1.438729
4.550 -1.438683
4.552 -1.438637
4.554 -1.438591
4.556 -1.438545
4.558 -1.438499
4.560 -1.438453
4.562 -1.438407
4.564 -1.438361
4.566 -1.438315
4.568 -1.438269
4.570 -1.438223
4.572 -1.438177
4.574 -1.438131
4.576 -1.438084
4.578 -1.438038
4.580 -1.437900
4.582 -1.437900
4.584 -1.437900
4.586 -1.437854
4.588 -1.437716
4.590 -1.437624
4.592 -1.437624
4.594 -1.437624
4.596 -1.437624
4.598 -1.437578
4.600 -1.437532
4.602 -1.437486
4.604 -1.437440
4.606 -1.437394
4.608 -1.437348
4.610 -1.437302
4.612 -1.437256
4.614 -1.437210
4.616 -1.437164
4.618 -1.437118
4.620 -1.437072
4.622 -1.437026
4.624 -1.436980
4.626 -1.436934
4.628 -1.436888
4.630 -1.436888
4.632 -1.436888
4.634 -1.436750
4.636 -1.436704
4.638 -1.436657
4.640 -1.436611
4.642 -1.436565
4.644 -1.436519
4.646 -1.436473
4.648 -1.436427
4.650 -1.436381
4.652 -1.436335
4.654 -1.436289
4.656 -1.436243
4.658 -1.436197
4.660 -1.436151
4.662 -1.436105
4.664 -1.436059
4.666 -1.436013
4.668 -1.435967
4.670 -1.435921
4.672 -1.435921
4.674 -1.435829
4.676 -1.435783
4.678 -1.435783
4.680 -1.435691
4.682 -1.435645
4.684 -1.435599
4.686 -1.435553
4.688 -1.435507
4.690 -1.435461
4.692 -1.435415
4.694 -1.435369
4.696 -1.435323
4.698 -1.435277
4.700 -1.435231
4.702 -1.435184
4.704 -1.435138
4.706 -1.435092
4.708 -1.435046
4.710 -1.435000
4.712 -1.434954
4.714 -1.434908
4.716 -1.434862
4.718 -1.434816
4.720 -1.434770
4.722 -1.434724
4.724 -1.434678
4.726 -1.434632
4.728 -1.434586
4.730 -1.434540
4.732 -1.434494
4.734 -1.434448
4.736 -1.434402
4.738 -1.434356
4.740 -1.434310
4.742 -1.434264
4.744 -1.434218
4.746 -1.434172
4.748 -1.434126
4.750 -1.434080
4.752 -1.434034
4.754 -1.433988
4.756 -1.433942
4.758 -1.433896
4.760 -1.433850
4.762 -1.433804
4.764 -1.433757
4.766 -1.433711
4.768 -1.433665
4.770 -1.433619
4.772 -1.433573
4.774 -1.433527
4.776 -1.433481
4.778 -1.433435
4.780 -1.433389
4.782 -1.433343
4.784 -1.433297
4.786 -1.433251
4.788 -1.433205
4.790 -1.433159
4.792 -1.433113
4.794 -1.433067
4.796 -1.433021
4.798 -1.432975
4.800 -1.432929
4.802 -1.432883
4.804 -1.432837
4.806 -1.432791
4.808 -1.432745
4.810 -1.432699
4.812 -1.432653
4.814 -1.432607
4.816 -1.432561
4.818 -1.432515
4.820 -1.432469
4.822 -1.432423
4.824 -1.432377
4.826 -1.432330
4.828 -1.432284
4.830 -1.432238
4.832 -1.432192
4.834 -1.432146
4.836 -1.432100
4.838 -1.432054
4.840 -1.432008
4.842 -1.431962
4.844 -1.431916
4.846 -1.431870
4.848 -1.431824
4.850 -1.431778
4.852 -1.431732
4.854 -1.431686
4.856 -1.431640
4.858 -1.431594
4.860 -1.431548
4.862 -1.431502
4.864 -1.431456
4.866 -1.431410
4.868 -1.431364
4.870 -1.431318
4.872 -1.431272
4.874 -1.431226
4.876 -1.431180
4.878 -1.431134
4.880 -1.431088
4.882 -1.431042
4.884 -1.430996
4.886 -1.430950
4.888 -1.430904
4.890 -1.430857
4.892 -1.430811
4.894 -1.430765
4.896 -1.430719
4.898 -1.430673
4.900 -1.430627
4.902 -1.430581
4.904 -1.430535
4.906 -1.430489
4.908 -1.430443
4.910 -1.430443
4.912 -1.430351
4.914 -1.430305
4.916 -1.430259
4.918 -1.430213
4.920 -1.430167
4.922 -1.430121
4.924 -1.430075
4.926 -1.430029
4.928 -1.429983
4.930 -1.429937
4.932 -1.429891
4.934 -1.429845
4.936 -1.429799
4.938 -1.429753
4.940 -1.429707
4.942 -1.429661
4.944 -1.429615
4.946 -1.429569
4.948 -1.429523
4.950 -1.429523
4.952 -1.429430
4.954 -1.429384
4.956 -1.429338
4.958 -1.429292
4.960 -1.429246
4.962 -1.429200
4.964 -1.429154
4.966 -1.429108
4.968 -1.429062
4.970 -1.429016
4.972 -1.428970
4.974 -1.428924
4.976 -1.428878
4.978 -1.428832
4.980 -1.428786
4.982 -1.428740
4.984 -1.428694
4.986 -1.428648
4.988 -1.428648
4.990 -1.428556
4.992 -1.428510
4.994 -1.428464
4.996 -1.428418
4.998 -1.428372
5.000 -1.428326
5.002 -1.428280
5.004 -1.428234
5.006 -1.428188
5.008 -1.428142
5.010 -1.428096
5.012 -1.428050
5.014 -1.428004
5.016 -1.427957
5.018 -1.427911
5.020 -1.427865
5.022 -1.427819
5.024 -1.427773
5.026 -1.427727
5.028 -1.427681
5.030 -1.427635
5.032 -1.427589
5.034 -1.427543
5.036 -1.427497
5.038 -1.427451
5.040 -1.427405
5.042 -1.427359
5.044 -1.427313
5.046 -1.427267
5.048 -1.427221
5.050 -1.427175
5.052 -1.427129
5.054 -1.427083
5.056 -1.427037
5.058 -1.426991
5.060 -1.426945
5.062 -1.426899
5.064 -1.426853
5.066 -1.426807
5.068 -1.426761
5.070 -1.426715
5.072 -1.426669
5.074 -1.426623
5.076 -1.426623
5.078 -1.426530
5.080 -1.426484
5.082 -1.426438
5.084 -1.426392
5.086 -1.426346
5.088 -1.426300
5.090 -1.426254
5.092 -1.426208
5.094 -1.426162
5.096 -1.426116
5.098 -1.426070
5.100 -1.426024
5.102 -1.425978
5.104 -1.425932
5.106 -1.425886
5.108 -1.425840
5.110 -1.425794
5.112 -1.425748
5.114 -1.425702
5.116 -1.425656
5.118 -1.425610
5.120 -1.425564
5.122 -1.425518
5.124 -1.425472
5.126 -1.425426
5.128 -1.425380
5.130 -1.425334
5.132 -1.425288
5.134 -1.425242
5.136 -1.425196
5.138 -1.425150
5.140 -1.425103
5.142 -1.425057
5.144 -1.425011
5.146 -1.424965
5.148 -1.424919
5.150 -1.424873
5.152 -1.424827
5.154 -1.424781
5.156 -1.424735
5.158 -1.424689
5.160 -1.424643
5.162 -1.424597
5.164 -1.424551
5.166 -1.424505
5.168 -1.424459
5.170 -1.424413
5.172 -1.424367
5.174 -1.424321
5.176 -1.424275
5.178 -1.424229
5.180 -1.424183
5.182 -1.424137
5.184 -1.424091
5.186 -1.424045
5.188 -1.423999
5.190 -1.423953
5.192 -1.423907
5.194 -1.423861
5.196 -1.423815
5.198 -1.423769
5.200 -1.423723
5.202 -1.423677
5.204 -1.423630
5.206 -1.423584
5.208 -1.423538
5.210 -1.423492
5.212 -1.423446
5.214 -1.423400
5.216 -1.423354
5.218 -1.423308
5.220 -1.423262
5.222 -1.423216
5.224 -1.423170
5.226 -1.423124
5.228 -1.423078
5.230 -1.423032
5.232 -1.422986
5.234 -1.422940
5.236 -1.422894
5.238 -1.422848
5.240 -1.422802
5.242 -1.422756
5.244 -1.422710
5.246 -1.422664
5.248 -1.422618
5.250 -1.422572
5.252 -1.422526
5.254 -1.422480
5.256 -1.422434
5.258 -1.422388
5.260 -1.422342
5.262 -1.422296
5.264 -1.422250
5.266 -1.422203
5.268 -1.422203
5.270 -1.422203
5.272 -1.422203
5.274 -1.422019
5.276 -1.421973
5.278 -1.421927
5.280 -1.421881
5.282 -1.421835
5.284 -1.421789
5.286 -1.421743
5.288 -1.421697
5.290 -1.421651
5.292 -1.421605
5.294 -1.421559
5.296 -1.421513
5.298 -1.421467
5.300 -1.421467
5.302 -1.421375
5.304 -1.421329
5.306 -1.421283
5.308 -1.421237
5.310 -1.421191
5.312 -1.421191
5.314 -1.421099
5.316 -1.421053
5.318 -1.421007
5.320 -1.420961
5.322 -1.420915
5.324 -1.420869
5.326 -1.420823
5.328 -1.420777
5.330 -1.420730
5.332 -1.420684
5.334 -1.420638
5.336 -1.420592
5.338 -1.420546
5.340 -1.420500
5.342 -1.420454
5.344 -1.420408
5.346 -1.420362
5.348 -1.420316
5.350 -1.420270
5.352 -1.420224
5.354 -1.420178
5.356 -1.420132
5.358 -1.420086
5.360 -1.420040
5.362 -1.419994
5.364 -1.419902
5.366 -1.419902
5.368 -1.419856
5.370 -1.419810
5.372 -1.419764
5.374 -1.419718
5.376 -1.419672
5.378 -1.419672
5.380 -1.419580
5.382 -1.419534
5.384 -1.419488
5.386 -1.419442
5.388 -1.419303
5.390 -1.419303
5.392 -1.419303
5.394 -1.419257
5.396 -1.419211
5.398 -1.419211
5.400 -1.419119
5.402 -1.419073
5.404 -1.419027
5.406 -1.418981
5.408 -1.418935
5.410 -1.418889
5.412 -1.418843
5.414 -1.418797
5.416 -1.418751
5.418 -1.418705
5.420 -1.418659
5.422 -1.418613
5.424 -1.418567
5.426 -1.418521
5.428 -1.418475
5.430 -1.418475
5.432 -1.418383
5.434 -1.418337
5.436 -1.418291
5.438 -1.418245
5.440 -1.418199
5.442 -1.418153
5.444 -1.418107
5.446 -1.418061
5.448 -1.418015
5.450 -1.417969
5.452 -1.417923
5.454 -1.417877
5.456 -1.417830
5.458 -1.417784
5.460 -1.417784
5.462 -1.417692
5.464 -1.417646
5.466 -1.417600
5.468 -1.417554
5.470 -1.417508
5.472 -1.417462
5.474 -1.417416
5.476 -1.417370
5.478 -1.417324
5.480 -1.417278
5.482 -1.417232
5.484 -1.417186
5.486 -1.417140
5.488 -1.417094
5.490 -1.417048
5.492 -1.417002
5.494 -1.416956
5.496 -1.416910
5.498 -1.416864
5.500 -1.416818
5.502 -1.416772
5.504 -1.416726
5.506 -1.416680
5.508 -1.416680
5.510 -1.416634
5.512 -1.416588
5.514 -1.416542
5.516 -1.416542
5.518 -1.416403
5.520 -1.416357
5.522 -1.416311
5.524 -1.416265
5.526 -1.416219
5.528 -1.416173
5.530 -1.416127
5.532 -1.416081
5.534 -1.416035
5.536 -1.415989
5.538 -1.415943
5.540 -1.415897
5.542 -1.415851
5.544 -1.415805
5.546 -1.415759
5.548 -1.415759
5.550 -1.415667
5.552 -1.415621
5.554 -1.415575
5.556 -1.415483
5.558 -1.415483
5.560 -1.415437
5.562 -1.415391
5.564 -1.415345
5.566 -1.415299
5.568 -1.415253
5.570 -1.415207
5.572 -1.415161
5.574 -1.415115
5.576 -1.415069
5.578 -1.415023
5.580 -1.414976
5.582 -1.414930
5.584 -1.414884
5.586 -1.414838
5.588 -1.414792
5.590 -1.414792
5.592 -1.414700
5.594 -1.414654
5.596 -1.414608
5.598 -1.414562
5.600 -1.414516
5.602 -1.414470
5.604 -1.414424
5.606 -1.414378
5.608 -1.414332
5.610 -1.414286
5.612 -1.414240
5.614 -1.414194
5.616 -1.414148
5.618 -1.414102
5.620 -1.414056
5.622 -1.414010
5.624 -1.413964
5.626 -1.413918
5.628 -1.413872
5.630 -1.413826
5.632 -1.413780
5.634 -1.413734
5.636 -1.413688
5.638 -1.413642
5.640 -1.413596
5.642 -1.413550
5.644 -1.413503
5.646 -1.413457
5.648 -1.413411
5.650 -1.413319
5.652 -1.413319
5.654 -1.413273
5.656 -1.413227
5.658 -1.413181
5.660 -1.413135
5.662 -1.413089
5.664 -1.413043
5.666 -1.412997
5.668 -1.412951
5.670 -1.412905
5.672 -1.412859
5.674 -1.412813
5.676 -1.412767
5.678 -1.412721
5.680 -1.412675
5.682 -1.412629
5.684 -1.412583
5.686 -1.412537
5.688 -1.412491
5.690 -1.412445
5.692 -1.412399
5.694 -1.412353
5.696 -1.412307
5.698 -1.412261
5.700 -1.412215
5.702 -1.412169
5.704 -1.412123
5.706 -1.412076
5.708 -1.412030
5.710 -1.411984
5.712 -1.411984
5.714 -1.411892
5.716 -1.411846
5.718 -1.411800
5.720 -1.411754
5.722 -1.411708
5.724 -1.411662
5.726 -1.411616
5.728 -1.411570
5.730 -1.411524
5.732 -1.411478
5.734 -1.411432
5.736 -1.411386
5.738 -1.411340
5.740 -1.411294
5.742 -1.411248
5.744 -1.411202
5.746 -1.411156
5.748 -1.411156
5.750 -1.411156
5.752 -1.411018
5.754 -1.410972
5.756 -1.410926
5.758 -1.410880
5.760 -1.410834
5.762 -1.410788
5.764 -1.410742
5.766 -1.410696
5.768 -1.410650
5.770 -1.410603
5.772 -1.410557
5.774 -1.410511
5.776 -1.410465
5.778 -1.410419
5.780 -1.410373
5.782 -1.410327
5.784 -1.410281
5.786 -1.410235
5.788 -1.410097
5.790 -1.410051
5.792 -1.410005
5.794 -1.410005
5.796 -1.410005
5.798 -1.409959
5.800 -1.409913
5.802 -1.409867
5.804 -1.409821
5.806 -1.409775
5.808 -1.409729
5.810 -1.409683
5.812 -1.409637
5.814 -1.409591
5.816 -1.409545
5.818 -1.409499
5.820 -1.409453
5.822 -1.409407
5.824 -1.409361
5.826 -1.409315
5.828 -1.409269
5.830 -1.409223
5.832 -1.409223
5.834 -1.409130
5.836 -1.409084
5.838 -1.409038
5.840 -1.409038
5.842 -1.408946
5.844 -1.408900
5.846 -1.408854
5.848 -1.408808
5.850 -1.408762
5.852 -1.408716
5.854 -1.408670
5.856 -1.408624
5.858 -1.408578
5.860 -1.408532
5.862 -1.408486
5.864 -1.408440
5.866 -1.408394
5.868 -1.408348
5.870 -1.408302
5.872 -1.408256
5.874 -1.408210
5.876 -1.408210
5.878 -1.408164
5.880 -1.408072
5.882 -1.408026
5.884 -1.407980
5.886 -1.407934
5.888 -1.407888
5.890 -1.407842
5.892 -1.407796
5.894 -1.407750
5.896 -1.407703
5.898 -1.407657
5.900 -1.407611
5.902 -1.407565
5.904 -1.407519
5.906 -1.407473
5.908 -1.407427
5.910 -1.407381
5.912 -1.407381
5.914 -1.407289
5.916 -1.407243
5.918 -1.407197
5.920 -1.407151
5.922 -1.407105
5.924 -1.407059
5.926 -1.407013
5.928 -1.406967
5.930 -1.406921
5.932 -1.406875
5.934 -1.406829
5.936 -1.406783
5.938 -1.406737
5.940 -1.406691
5.942 -1.406645
5.944 -1.406599
5.946 -1.406553
5.948 -1.406507
5.950 -1.406461
5.952 -1.406415
5.954 -1.406369
5.956 -1.406323
5.958 -1.406276
5.960 -1.406230
5.962 -1.406230
5.964 -1.406138
5.966 -1.406092
5.968 -1.406046
5.970 -1.406000
5.972 -1.406000
5.974 -1.405908
5.976 -1.405862
5.978 -1.405816
5.980 -1.405770
5.982 -1.405724
5.984 -1.405678
5.986 -1.405632
5.988 -1.405586
5.990 -1.405540
5.992 -1.405494
5.994 -1.405448
5.996 -1.405402
5.998 -1.405356
6.000 -1.405310
6.002 -1.405264
6.004 -1.405218
6.006 -1.405172
6.008 -1.405126
6.010 -1.405080
6.012 -1.405034
6.014 -1.404988
6.016 -1.404942
6.018 -1.404896
6.020 -1.404849
6.022 -1.404803
6.024 -1.404757
6.026 -1.404711
6.028 -1.404711
6.030 -1.404481
6.032 -1.404481
6.034 -1.404481
6.036 -1.404481
6.038 -1.404435
6.040 -1.404389
6.042 -1.404343
6.044 -1.404297
6.046 -1.404251
6.048 -1.404205
6.050 -1.404159
6.052 -1.404113
6.054 -1.404067
6.056 -1.404021
6.058 -1.403975
6.060 -1.403929
6.062 -1.403883
6.064 -1.403837
6.066 -1.403791
6.068 -1.403745
6.070 -1.403699
6.072 -1.403653
6.074 -1.403607
6.076 -1.403561
6.078 -1.403515
6.080 -1.403469
6.082 -1.403423
6.084 -1.403376
6.086 -1.403330
6.088 -1.403284
6.090 -1.403238
6.092 -1.403192
6.094 -1.403146
6.096 -1.403100
6.098 -1.403054
6.100 -1.403054
6.102 -1.403008
6.104 -1.402916
6.106 -1.402870
6.108 -1.402824
6.110 -1.402778
6.112 -1.402732
6.114 -1.402686
6.116 -1.402640
6.118 -1.402594
6.120 -1.402548
6.122 -1.402502
6.124 -1.402456
6.126 -1.402410
6.128 -1.402364
6.130 -1.402318
6.132 -1.402272
6.134 -1.402226
6.136 -1.402180
6.138 -1.402134
6.140 -1.402088
6.142 -1.402042
6.144 -1.401996
6.146 -1.401949
6.148 -1.401903
6.150 -1.401857
6.152 -1.401811
6.154 -1.401765
6.156 -1.401719
6.158 -1.401673
6.160 -1.401627
6.162 -1.401581
6.164 -1.401535
6.166 -1.401489
6.168 -1.401443
6.170 -1.401397
6.172 -1.401351
6.174 -1.401305
6.176 -1.401259
6.178 -1.401213
6.180 -1.401167
6.182 -1.401121
6.184 -1.401075
6.186 -1.401029
6.188 -1.400983
6.190 -1.400937
6.192 -1.400891
6.194 -1.400845
6.196 -1.400799
6.198 -1.400753
6.200 -1.400707
6.202 -1.400661
6.204 -1.400615
6.206 -1.400569
6.208 -1.400523
6.210 -1.400476
6.212 -1.400430
6.214 -1.400384
6.216 -1.400338
6.218 -1.400292
6.220 -1.400246
6.222 -1.400200
6.224 -1.400154
6.226 -1.400108
6.228 -1.400062
6.230 -1.400062
6.232 -1.400016
6.234 -1.399924
6.236 -1.399878
6.238 -1.399832
6.240 -1.399648
6.242 -1.399602
6.244 -1.399602
6.246 -1.399602
6.248 -1.399602
6.250 -1.399556
6.252 -1.399510
6.254 -1.399464
6.256 -1.399418
6.258 -1.399372
6.260 -1.399326
6.262 -1.399280
6.264 -1.399234
6.266 -1.399188
6.268 -1.399142
6.270 -1.399096
6.272 -1.399049
6.274 -1.398957
6.276 -1.398911
6.278 -1.398865
6.280 -1.398865
6.282 -1.398819
6.284 -1.398773
6.286 -1.398727
6.288 -1.398681
6.290 -1.398635
6.292 -1.398589
6.294 -1.398543
6.296 -1.398497
6.298 -1.398451
6.300 -1.398451
6.302 -1.398359
6.304 -1.398313
6.306 -1.398267
6.308 -1.398221
6.310 -1.398175
6.312 -1.398129
6.314 -1.398083
6.316 -1.398037
6.318 -1.397991
6.320 -1.397945
6.322 -1.397899
6.324 -1.397853
6.326 -1.397807
6.328 -1.397761
6.330 -1.397761
6.332 -1.397669
6.334 -1.397622
6.336 -1.397576
6.338 -1.397530
6.340 -1.397484
6.342 -1.397438
6.344 -1.397392
6.346 -1.397346
6.348 -1.397300
6.350 -1.397254
6.352 -1.397208
6.354 -1.397162
6.356 -1.397116
6.358 -1.397070
6.360 -1.397024
6.362 -1.397024
6.364 -1.396932
6.366 -1.396886
6.368 -1.396840
6.370 -1.396794
6.372 -1.396748
6.374 -1.396702
6.376 -1.396656
6.378 -1.396610
6.380 -1.396564
6.382 -1.396518
6.384 -1.396472
6.386 -1.396426
6.388 -1.396380
6.390 -1.396380
6.392 -1.396288
6.394 -1.396242
6.396 -1.396196
6.398 -1.396149
6.400 -1.396149
6.402 -1.396057
6.404 -1.396011
6.406 -1.395965
6.408 -1.395919
6.410 -1.395873
6.412 -1.395827
6.414 -1.395781
6.416 -1.395735
6.418 -1.395689
6.420 -1.395643
6.422 -1.395597
6.424 -1.395551
6.426 -1.395505
6.428 -1.395459
6.430 -1.395413
6.432 -1.395367
6.434 -1.395321
6.436 -1.395275
6.438 -1.395229
6.440 -1.395183
6.442 -1.395137
6.444 -1.395091
6.446 -1.395045
6.448 -1.394999
6.450 -1.394953
6.452 -1.394907
6.454 -1.394861
6.456 -1.394815
6.458 -1.394769
6.460 -1.394722
6.462 -1.394676
6.464 -1.394630
6.466 -1.394584
6.468 -1.394538
6.470 -1.394538
6.472 -1.394446
6.474 -1.394400
6.476 -1.394354
6.478 -1.394308
6.480 -1.394262
6.482 -1.394262
6.484 -1.394170
6.486 -1.394124
6.488 -1.394078
6.490 -1.394032
6.492 -1.393986
6.494 -1.393940
6.496 -1.393894
6.498 -1.393848
6.500 -1.393802
6.502 -1.393756
6.504 -1.393710
6.506 -1.393664
6.508 -1.393618
6.510 -1.393572
6.512 -1.393526
6.514 -1.393480
6.516 -1.393434
6.518 -1.393388
6.520 -1.393342
6.522 -1.393296
6.524 -1.393249
6.526 -1.393203
6.528 -1.393157
6.530 -1.393111
6.532 -1.393065
6.534 -1.393019
6.536 -1.392973
6.538 -1.392927
6.540 -1.392881
6.542 -1.392835
6.544 -1.392789
6.546 -1.392743
6.548 -1.392697
6.550 -1.392651
6.552 -1.392605
6.554 -1.392559
6.556 -1.392467
6.558 -1.392467
6.560 -1.392421
6.562 -1.392375
6.564 -1.392329
6.566 -1.392283
6.568 -1.392237
6.570 -1.392191
6.572 -1.392145
6.574 -1.392099
6.576 -1.392053
6.578 -1.392007
6.580 -1.391961
6.582 -1.391915
6.584 -1.391869
6.586 -1.391822
6.588 -1.391822
6.590 -1.391730
6.592 -1.391684
6.594 -1.391638
6.596 -1.391592
6.598 -1.391546
6.600 -1.391500
6.602 -1.391454
6.604 -1.391408
6.606 -1.391362
6.608 -1.391316
6.610 -1.391270
6.612 -1.391224
6.614 -1.391178
6.616 -1.391132
6.618 -1.391086
6.620 -1.391040
6.622 -1.390994
6.624 -1.390948
6.626 -1.390902
6.628 -1.390856
6.630 -1.390810
6.632 -1.390764
6.634 -1.390718
6.636 -1.390672
6.638 -1.390626
6.640 -1.390580
6.642 -1.390534
6.644 -1.390442
6.646 -1.390442
6.648 -1.390396
6.650 -1.390349
6.652 -1.390303
6.654 -1.390257
6.656 -1.390211
6.658 -1.390165
6.660 -1.390119
6.662 -1.390073
6.664 -1.390027
6.666 -1.389981
6.668 -1.389935
6.670 -1.389889
6.672 -1.389843
6.674 -1.389751
6.676 -1.389613
6.678 -1.389613
6.680 -1.389567
6.682 -1.389567
6.684 -1.389567
6.686 -1.389521
6.688 -1.389475
6.690 -1.389429
6.692 -1.389383
6.694 -1.389337
6.696 -1.389291
6.698 -1.389245
6.700 -1.389199
6.702 -1.389153
6.704 -1.389107
6.706 -1.389061
6.708 -1.389015
6.710 -1.388969
6.712 -1.388922
6.714 -1.388876
6.716 -1.388830
6.718 -1.388784
6.720 -1.388738
6.722 -1.388692
6.724 -1.388646
6.726 -1.388600
6.728 -1.388554
6.730 -1.388508
6.732 -1.388462
6.734 -1.388416
6.736 -1.388370
6.738 -1.388324
6.740 -1.388278
6.742 -1.388232
6.744 -1.388186
6.746 -1.388140
6.748 -1.388094
6.750 -1.388048
6.752 -1.388002
6.754 -1.387956
6.756 -1.387910
6.758 -1.387864
6.760 -1.387818
6.762 -1.387772
6.764 -1.387772
6.766 -1.387680
6.768 -1.387634
6.770 -1.387588
6.772 -1.387542
6.774 -1.387495
6.776 -1.387449
6.778 -1.387403
6.780 -1.387357
6.782 -1.387311
6.784 -1.387265
6.786 -1.387219
6.788 -1.387173
6.790 -1.387127
6.792 -1.387081
6.794 -1.387035
6.796 -1.386989
6.798 -1.386943
6.800 -1.386897
6.802 -1.386851
6.804 -1.386805
6.806 -1.386759
6.808 -1.386713
6.810 -1.386667
6.812 -1.386621
6.814 -1.386575
6.816 -1.386529
6.818 -1.386483
6.820 -1.386437
6.822 -1.386391
6.824 -1.386345
6.826 -1.386299
6.828 -1.386253
6.830 -1.386207
6.832 -1.386161
6.834 -1.386115
6.836 -1.386069
6.838 -1.386022
6.840 -1.385976
6.842 -1.385930
6.844 -1.385884
6.846 -1.385838
6.848 -1.385838
6.850 -1.385746
6.852 -1.385700
6.854 -1.385654
6.856 -1.385608
6.858 -1.385562
6.860 -1.385516
6.862 -1.385470
6.864 -1.385424
6.866 -1.385378
6.868 -1.385332
6.870 -1.385286
6.872 -1.385240
6.874 -1.385194
6.876 -1.385148
6.878 -1.385102
6.880 -1.385056
6.882 -1.385010
6.884 -1.384964
6.886 -1.384918
6.888 -1.384872
6.890 -1.384826
6.892 -1.384780
6.894 -1.384734
6.896 -1.384688
6.898 -1.384642
6.900 -1.384642
6.902 -1.384549
6.904 -1.384503
6.906 -1.384457
6.908 -1.384411
6.910 -1.384365
6.912 -1.384319
6.914 -1.384273
6.916 -1.384227
6.918 -1.384181
6.920 -1.384135
6.922 -1.384089
6.924 -1.384043
6.926 -1.383997
6.928 -1.383951
6.930 -1.383905
6.932 -1.383859
6.934 -1.383813
6.936 -1.383767
6.938 -1.383721
6.940 -1.383675
6.942 -1.383629
6.944 -1.383583
6.946 -1.383537
6.948 -1.383491
6.950 -1.383491
6.952 -1.383445
6.954 -1.383353
6.956 -1.383307
6.958 -1.383261
6.960 -1.383215
6.962 -1.383169
6.964 -1.383122
6.966 -1.383122
6.968 -1.383030
6.970 -1.382984
6.972 -1.382938
6.974 -1.382892
6.976 -1.382846
6.978 -1.382800
6.980 -1.382754
6.982 -1.382708
6.984 -1.382662
6.986 -1.382616
6.988 -1.382616
6.990 -1.382524
6.992 -1.382478
6.994 -1.382432
6.996 -1.382386
6.998 -1.382340
7.000 -1.382340
7.002 -1.382248
7.004 -1.382202
7.006 -1.382156
7.008 -1.382110
7.010 -1.382064
7.012 -1.382018
7.014 -1.381972
7.016 -1.381926
7.018 -1.381880
7.020 -1.381834
7.022 -1.381788
7.024 -1.381742
7.026 -1.381695
7.028 -1.381649
7.030 -1.381603
7.032 -1.381557
7.034 -1.381511
7.036 -1.381465
7.038 -1.381419
7.040 -1.381373
7.042 -1.381327
7.044 -1.381281
7.046 -1.381235
7.048 -1.381189
7.050 -1.381143
7.052 -1.381097
7.054 -1.381051
7.056 -1.381005
7.058 -1.380959
7.060 -1.380913
7.062 -1.380867
7.064 -1.380821
7.066 -1.380775
7.068 -1.380729
7.070 -1.380729
7.072 -1.380729
7.074 -1.380729
7.076 -1.380637
7.078 -1.380545
7.080 -1.380499
7.082 -1.380407
7.084 -1.380361
7.086 -1.380315
7.088 -1.380269
7.090 -1.380222
7.092 -1.380176
7.094 -1.380130
7.096 -1.380084
7.098 -1.380038
7.100 -1.379992
7.102 -1.379946
7.104 -1.379900
7.106 -1.379854
7.108 -1.379854
7.110 -1.379762
7.112 -1.379716
7.114 -1.379670
7.116 -1.379624
7.118 -1.379578
7.120 -1.379532
7.122 -1.379486
7.124 -1.379440
7.126 -1.379394
7.128 -1.379348
7.130 -1.379302
7.132 -1.379256
7.134 -1.379210
7.136 -1.379164
7.138 -1.379118
7.140 -1.379072
7.142 -1.379026
7.144 -1.378980
7.146 -1.378934
7.148 -1.378888
7.150 -1.378842
7.152 -1.378795
7.154 -1.378749
7.156 -1.378703
7.158 -1.378657
7.160 -1.378611
7.162 -1.378565
7.164 -1.378519
7.166 -1.378473
7.168 -1.378427
7.170 -1.378381
7.172 -1.378335
7.174 -1.378289
7.176 -1.378243
7.178 -1.378197
7.180 -1.378151
7.182 -1.378105
7.184 -1.378059
7.186 -1.378013
7.188 -1.377967
7.190 -1.377967
7.192 -1.377921
7.194 -1.377829
7.196 -1.377783
7.198 -1.377737
7.200 -1.377691
7.202 -1.377645
7.204 -1.377599
7.206 -1.377553
7.208 -1.377507
7.210 -1.377461
7.212 -1.377415
7.214 -1.377368
7.216 -1.377322
7.218 -1.377276
7.220 -1.377230
7.222 -1.377184
7.224 -1.377138
7.226 -1.377092
7.228 -1.377046
7.230 -1.377000
7.232 -1.376954
7.234 -1.376908
7.236 -1.376862
7.238 -1.376724
7.240 -1.376724
7.242 -1.376724
7.244 -1.376678
7.246 -1.376632
7.248 -1.376586
7.250 -1.376540
7.252 -1.376494
7.254 -1.376448
7.256 -1.376402
7.258 -1.376356
7.260 -1.376310
7.262 -1.376264
7.264 -1.376218
7.266 -1.376172
7.268 -1.376126
7.270 -1.376080
7.272 -1.376034
7.274 -1.375988
7.276 -1.375942
7.278 -1.375895
7.280 -1.375849
7.282 -1.375803
7.284 -1.375711
7.286 -1.375711
7.288 -1.375665
7.290 -1.375619
7.292 -1.375573
7.294 -1.375527
7.296 -1.375481
7.298 -1.375435
7.300 -1.375389
7.302 -1.375343
7.304 -1.375297
7.306 -1.375251
7.308 -1.375205
7.310 -1.375159
7.312 -1.375113
7.314 -1.375067
7.316 -1.375021
7.318 -1.374975
7.320 -1.374929
7.322 -1.374883
7.324 -1.374837
7.326 -1.374791
7.328 -1.374745
7.330 -1.374699
7.332 -1.374653
7.334 -1.374607
7.336 -1.374561
7.338 -1.374515
7.340 -1.374468
7.342 -1.374422
7.344 -1.374376
7.346 -1.374330
7.348 -1.374284
7.350 -1.374238
7.352 -1.374192
7.354 -1.374146
7.356 -1.374100
7.358 -1.374054
7.360 -1.374008
7.362 -1.373962
7.364 -1.373916
7.366 -1.373870
7.368 -1.373824
7.370 -1.373778
7.372 -1.373732
7.374 -1.373686
7.376 -1.373640
7.378 -1.373594
7.380 -1.373548
7.382 -1.373502
7.384 -1.373456
7.386 -1.373410
7.388 -1.373364
7.390 -1.373364
7.392 -1.373364
7.394 -1.373364
7.396 -1.373364
7.398 -1.373364
7.400 -1.373088
7.402 -1.373042
7.404 -1.372995
7.406 -1.372949
7.408 -1.372903
7.410 -1.372857
7.412 -1.372811
7.414 -1.372765
7.416 -1.372719
7.418 -1.372673
7.420 -1.372627
7.422 -1.372581
7.424 -1.372535
7.426 -1.372489
7.428 -1.372443
7.430 -1.372397
7.432 -1.372351
7.434 -1.372305
7.436 -1.372259
7.438 -1.372213
7.440 -1.372167
7.442 -1.372167
7.444 -1.372075
7.446 -1.372029
7.448 -1.371983
7.450 -1.371937
7.452 -1.371891
7.454 -1.371845
7.456 -1.371799
7.458 -1.371753
7.460 -1.371707
7.462 -1.371661
7.464 -1.371615
7.466 -1.371568
7.468 -1.371522
7.470 -1.371476
7.472 -1.371430
7.474 -1.371384
7.476 -1.371338
7.478 -1.371292
7.480 -1.371246
7.482 -1.371200
7.484 -1.371154
7.486 -1.371108
7.488 -1.371062
7.490 -1.371016
7.492 -1.370970
7.494 -1.370924
7.496 -1.370878
7.498 -1.370832
7.500 -1.370786
7.502 -1.370740
7.504 -1.370694
7.506 -1.370648
7.508 -1.370602
7.510 -1.370556
7.512 -1.370510
7.514 -1.370464
7.516 -1.370418
7.518 -1.370372
7.520 -1.370326
7.522 -1.370280
7.524 -1.370234
7.526 -1.370188
7.528 -1.370141
7.530 -1.370141
7.532 -1.370049
7.534 -1.370003
7.536 -1.369957
7.538 -1.369911
7.540 -1.369865
7.542 -1.369819
7.544 -1.369773
7.546 -1.369727
7.548 -1.369681
7.550 -1.369635
7.552 -1.369589
7.554 -1.369543
7.556 -1.369497
7.558 -1.369497
7.560 -1.369405
7.562 -1.369359
7.564 -1.369313
7.566 -1.369267
7.568 -1.369221
7.570 -1.369175
7.572 -1.369129
7.574 -1.369083
7.576 -1.369037
7.578 -1.368991
7.580 -1.368945
7.582 -1.368899
7.584 -1.368853
7.586 -1.368807
7.588 -1.368761
7.590 -1.368715
7.592 -1.368668
7.594 -1.368622
7.596 -1.368576
7.598 -1.368530
7.600 -1.368484
7.602 -1.368438
7.604 -1.368392
7.606 -1.368346
7.608 -1.368300
7.610 -1.368254
7.612 -1.368208
7.614 -1.368162
7.616 -1.368116
7.618 -1.368070
7.620 -1.368024
7.622 -1.367978
7.624 -1.367932
7.626 -1.367886
7.628 -1.367840
7.630 -1.367794
7.632 -1.367748
7.634 -1.367702
7.636 -1.367656
7.638 -1.367610
7.640 -1.367564
7.642 -1.367518
7.644 -1.367472
7.646 -1.367472
7.648 -1.367426
7.650 -1.367380
7.652 -1.367288
7.654 -1.367241
7.656 -1.367195
7.658 -1.367149
7.660 -1.367103
7.662 -1.367057
7.664 -1.367011
7.666 -1.366965
7.668 -1.366919
7.670 -1.366873
7.672 -1.366827
7.674 -1.366781
7.676 -1.366735
7.678 -1.366689
7.680 -1.366643
7.682 -1.366597
7.684 -1.366551
7.686 -1.366505
7.688 -1.366459
7.690 -1.366413
7.692 -1.366367
7.694 -1.366321
7.696 -1.366275
7.698 -1.366275
7.700 -1.366229
7.702 -1.366137
7.704 -1.366091
7.706 -1.366045
7.708 -1.365999
7.710 -1.365953
7.712 -1.365907
7.714 -1.365861
7.716 -1.365815
7.718 -1.365768
7.720 -1.365722
7.722 -1.365676
7.724 -1.365630
7.726 -1.365584
7.728 -1.365538
7.730 -1.365492
7.732 -1.365400
7.734 -1.365400
7.736 -1.365354
7.738 -1.365308
7.740 -1.365262
7.742 -1.365216
7.744 -1.365170
7.746 -1.365124
7.748 -1.365124
7.750 -1.365078
7.752 -1.364986
7.754 -1.364940
7.756 -1.364894
7.758 -1.364848
7.760 -1.364802
7.762 -1.364756
7.764 -1.364710
7.766 -1.364664
7.768 -1.364618
7.770 -1.364572
7.772 -1.364526
7.774 -1.364480
7.776 -1.364434
7.778 -1.364388
7.780 -1.364341
7.782 -1.364295
7.784 -1.364249
7.786 -1.364203
7.788 -1.364157
7.790 -1.364111
7.792 -1.364065
7.794 -1.364019
7.796 -1.363973
7.798 -1.363927
7.800 -1.363881
7.802 -1.363835
7.804 -1.363789
7.806 -1.363743
7.808 -1.363697
7.810 -1.363651
7.812 -1.363605
7.814 -1.363559
7.816 -1.363513
7.818 -1.363467
7.820 -1.363421
7.822 -1.363375
7.824 -1.363329
7.826 -1.363283
7.828 -1.363237
7.830 -1.363145
7.832 -1.363145
7.834 -1.363099
7.836 -1.363053
7.838 -1.363007
7.840 -1.362961
7.842 -1.362915
7.844 -1.362868
7.846 -1.362822
7.848 -1.362776
7.850 -1.362730
7.852 -1.362684
7.854 -1.362638
7.856 -1.362592
7.858 -1.362546
7.860 -1.362500
7.862 -1.362454
7.864 -1.362408
7.866 -1.362362
7.868 -1.362316
7.870 -1.362270
7.872 -1.362224
7.874 -1.362178
7.876 -1.362132
7.878 -1.362086
7.880 -1.362040
7.882 -1.361994
7.884 -1.361948
7.886 -1.361902
7.888 -1.361856
7.890 -1.361810
7.892 -1.361764
7.894 -1.361718
7.896 -1.361672
7.898 -1.361626
7.900 -1.361580
7.902 -1.361534
7.904 -1.361488
7.906 -1.361441
7.908 -1.361395
7.910 -1.361349
7.912 -1.361303
7.914 -1.361257
7.916 -1.361211
7.918 -1.361165
7.920 -1.361119
7.922 -1.361073
7.924 -1.361027
7.926 -1.360981
7.928 -1.360981
7.930 -1.360889
7.932 -1.360843
7.934 -1.360797
7.936 -1.360751
7.938 -1.360705
7.940 -1.360659
7.942 -1.360613
7.944 -1.360567
7.946 -1.360567
7.948 -1.360475
7.950 -1.360429
7.952 -1.360383
7.954 -1.360337
7.956 -1.360291
7.958 -1.360245
7.960 -1.360199
7.962 -1.360153
7.964 -1.360153
7.966 -1.360061
7.968 -1.360014
7.970 -1.359968
7.972 -1.359922
7.974 -1.359876
7.976 -1.359830
7.978 -1.359784
7.980 -1.359738
7.982 -1.359692
7.984 -1.359646
7.986 -1.359600
7.988 -1.359554
7.990 -1.359508
7.992 -1.359462
7.994 -1.359416
7.996 -1.359370
7.998 -1.359324
8.000 -1.359278
8.002 -1.359232
8.004 -1.359186
8.006 -1.359140
8.008 -1.359094
8.010 -1.359048
8.012 -1.359002
8.014 -1.358956
8.016 -1.358910
8.018 -1.358864
8.020 -1.358818
8.022 -1.358772
8.024 -1.358726
8.026 -1.358680
8.028 -1.358634
8.030 -1.358634
8.032 -1.358541
8.034 -1.358495
8.036 -1.358449
8.038 -1.358403
8.040 -1.358357
8.042 -1.358311
8.044 -1.358265
8.046 -1.358219
8.048 -1.358173
8.050 -1.358127
8.052 -1.358081
8.054 -1.358035
8.056 -1.357989
8.058 -1.357943
8.060 -1.357897
8.062 -1.357851
8.064 -1.357805
8.066 -1.357759
8.068 -1.357713
8.070 -1.357667
8.072 -1.357621
8.074 -1.357575
8.076 -1.357575
8.078 -1.357529
8.080 -1.357483
8.082 -1.357391
8.084 -1.357391
8.086 -1.357391
8.088 -1.357345
8.090 -1.357253
8.092 -1.357161
8.094 -1.357114
8.096 -1.357068
8.098 -1.357022
8.100 -1.356976
8.102 -1.356930
8.104 -1.356884
8.106 -1.356838
8.108 -1.356792
8.110 -1.356792
8.112 -1.356700
8.114 -1.356654
8.116 -1.356562
8.118 -1.356562
8.120 -1.356516
8.122 -1.356470
8.124 -1.356424
8.126 -1.356378
8.128 -1.356332
8.130 -1.356286
8.132 -1.356240
8.134 -1.356194
8.136 -1.356148
8.138 -1.356102
8.140 -1.356056
8.142 -1.356010
8.144 -1.355964
8.146 -1.355918
8.148 -1.355872
8.150 -1.355826
8.152 -1.355780
8.154 -1.355734
8.156 -1.355688
8.158 -1.355641
8.160 -1.355595
8.162 -1.355595
8.164 -1.355503
8.166 -1.355457
8.168 -1.355411
8.170 -1.355365
8.172 -1.355319
8.174 -1.355273
8.176 -1.355227
8.178 -1.355181
8.180 -1.355135
8.182 -1.355089
8.184 -1.355043
8.186 -1.354997
8.188 -1.354951
8.190 -1.354905
8.192 -1.354905
8.194 -1.354813
8.196 -1.354767
8.198 -1.354721
8.200 -1.354675
8.202 -1.354629
8.204 -1.354583
8.206 -1.354537
8.208 -1.354491
8.210 -1.354445
8.212 -1.354399
8.214 -1.354353
8.216 -1.354307
8.218 -1.354261
8.220 -1.354214
8.222 -1.354168
8.224 -1.354122
8.226 -1.354076
8.228 -1.354030
8.230 -1.353984
8.232 -1.353938
8.234 -1.353892
8.236 -1.353846
8.238 -1.353800
8.240 -1.353754
8.242 -1.353708
8.244 -1.353662
8.246 -1.353662
8.248 -1.353570
8.250 -1.353570
8.252 -1.353478
8.254 -1.353432
8.256 -1.353386
8.258 -1.353340
8.260 -1.353294
8.262 -1.353294
8.264 -1.353202
8.266 -1.353156
8.268 -1.353110
8.270 -1.353064
8.272 -1.352926
8.274 -1.352880
8.276 -1.352880
8.278 -1.352880
8.280 -1.352834
8.282 -1.352788
8.284 -1.352741
8.286 -1.352695
8.288 -1.352695
8.290 -1.352603
8.292 -1.352557
8.294 -1.352511
8.296 -1.352465
8.298 -1.352419
8.300 -1.352373
8.302 -1.352327
8.304 -1.352281
8.306 -1.352235
8.308 -1.352143
8.310 -1.352143
8.312 -1.352097
8.314 -1.352051
8.316 -1.352005
8.318 -1.351959
8.320 -1.351913
8.322 -1.351867
8.324 -1.351821
8.326 -1.351775
8.328 -1.351729
8.330 -1.351683
8.332 -1.351637
8.334 -1.351591
8.336 -1.351545
8.338 -1.351499
8.340 -1.351499
8.342 -1.351407
8.344 -1.351361
8.346 -1.351314
8.348 -1.351268
8.350 -1.351222
8.352 -1.351176
8.354 -1.351130
8.356 -1.350992
8.358 -1.350946
8.360 -1.350946
8.362 -1.350946
8.364 -1.350900
8.366 -1.350854
8.368 -1.350808
8.370 -1.350762
8.372 -1.350716
8.374 -1.350670
8.376 -1.350624
8.378 -1.350578
8.380 -1.350532
8.382 -1.350486
8.384 -1.350440
8.386 -1.350394
8.388 -1.350348
8.390 -1.350302
8.392 -1.350256
8.394 -1.350210
8.396 -1.350164
8.398 -1.350118
8.400 -1.350072
8.402 -1.350026
8.404 -1.349980
8.406 -1.349934
8.408 -1.349887
8.410 -1.349841
8.412 -1.349795
8.414 -1.349749
8.416 -1.349703
8.418 -1.349657
8.420 -1.349611
8.422 -1.349565
8.424 -1.349519
8.426 -1.349473
8.428 -1.349381
8.430 -1.349381
8.432 -1.349335
8.434 -1.349289
8.436 -1.349243
8.438 -1.349197
8.440 -1.349151
8.442 -1.349105
8.444 -1.349059
8.446 -1.349013
8.448 -1.348967
8.450 -1.348921
8.452 -1.348875
8.454 -1.348829
8.456 -1.348783
8.458 -1.348737
8.460 -1.348691
8.462 -1.348645
8.464 -1.348599
8.466 -1.348553
8.468 -1.348507
8.470 -1.348461
8.472 -1.348414
8.474 -1.348368
8.476 -1.348322
8.478 -1.348322
8.480 -1.348230
8.482 -1.348184
8.484 -1.348138
8.486 -1.348092
8.488 -1.348046
8.490 -1.348046
8.492 -1.347954
8.494 -1.347908
8.496 -1.347862
8.498 -1.347816
8.500 -1.347770
8.502 -1.347724
8.504 -1.347678
8.506 -1.347632
8.508 -1.347586
8.510 -1.347540
8.512 -1.347494
8.514 -1.347448
8.516 -1.347402
8.518 -1.347356
8.520 -1.347310
8.522 -1.347264
8.524 -1.347218
8.526 -1.347172
8.528 -1.347126
8.530 -1.347080
8.532 -1.347034
8.534 -1.346987
8.536 -1.346941
8.538 -1.346895
8.540 -1.346849
8.542 -1.346803
8.544 -1.346757
8.546 -1.346711
8.548 -1.346665
8.550 -1.346619
8.552 -1.346573
8.554 -1.346527
8.556 -1.346481
8.558 -1.346435
8.560 -1.346389
8.562 -1.346343
8.564 -1.346343
8.566 -1.346251
8.568 -1.346205
8.570 -1.346159
8.572 -1.346113
8.574 -1.346067
8.576 -1.346021
8.578 -1.345975
8.580 -1.345929
8.582 -1.345883
8.584 -1.345837
8.586 -1.345791
8.588 -1.345745
8.590 -1.345699
8.592 -1.345653
8.594 -1.345607
8.596 -1.345561
8.598 -1.345514
8.600 -1.345468
8.602 -1.345422
8.604 -1.345376
8.606 -1.345330
8.608 -1.345284
8.610 -1.345238
8.612 -1.345192
8.614 -1.345146
8.616 -1.345100
8.618 -1.345054
8.620 -1.345008
8.622 -1.344962
8.624 -1.344916
8.626 -1.344870
8.628 -1.344824
8.630 -1.344778
8.632 -1.344732
8.634 -1.344686
8.636 -1.344640
8.638 -1.344594
8.640 -1.344548
8.642 -1.344502
8.644 -1.344456
8.646 -1.344410
8.648 -1.344364
8.650 -1.344318
8.652 -1.344272
8.654 -1.344226
8.656 -1.344180
8.658 -1.344134
8.660 -1.344087
8.662 -1.344041
8.664 -1.343995
8.666 -1.343949
8.668 -1.343949
8.670 -1.343857
8.672 -1.343811
8.674 -1.343765
8.676 -1.343719
8.678 -1.343673
8.680 -1.343627
8.682 -1.343581
8.684 -1.343535
8.686 -1.343489
8.688 -1.343443
8.690 -1.343397
8.692 -1.343351
8.694 -1.343305
8.696 -1.343259
8.698 -1.343213
8.700 -1.343213
8.702 -1.343121
8.704 -1.343075
8.706 -1.343029
8.708 -1.342937
8.710 -1.342937
8.712 -1.342891
8.714 -1.342845
8.716 -1.342799
8.718 -1.342753
8.720 -1.342707
8.722 -1.342660
8.724 -1.342614
8.726 -1.342568
8.728 -1.342522
8.730 -1.342476
8.732 -1.342430
8.734 -1.342384
8.736 -1.342338
8.738 -1.342292
8.740 -1.342246
8.742 -1.342200
8.744 -1.342154
8.746 -1.342108
8.748 -1.342062
8.750 -1.342016
8.752 -1.341970
8.754 -1.341924
8.756 -1.341878
8.758 -1.341832
8.760 -1.341832
8.762 -1.341740
8.764 -1.341694
8.766 -1.341648
8.768 -1.341602
8.770 -1.341556
8.772 -1.341510
8.774 -1.341464
8.776 -1.341418
8.778 -1.341372
8.780 -1.341326
8.782 -1.341280
8.784 -1.341234
8.786 -1.341187
8.788 -1.341141
8.790 -1.341095
8.792 -1.341095
8.794 -1.341003
8.796 -1.340957
8.798 -1.340911
8.800 -1.340865
8.802 -1.340819
8.804 -1.340773
8.806 -1.340727
8.808 -1.340681
8.810 -1.340635
8.812 -1.340589
8.814 -1.340543
8.816 -1.340497
8.818 -1.340451
8.820 -1.340405
8.822 -1.340359
8.824 -1.340313
8.826 -1.340267
8.828 -1.340221
8.830 -1.340175
8.832 -1.340129
8.834 -1.340083
8.836 -1.340037
8.838 -1.339991
8.840 -1.339945
8.842 -1.339899
8.844 -1.339853
8.846 -1.339807
8.848 -1.339760
8.850 -1.339714
8.852 -1.339668
8.854 -1.339622
8.856 -1.339576
8.858 -1.339530
8.860 -1.339484
8.862 -1.339438
8.864 -1.339392
8.866 -1.339346
8.868 -1.339300
8.870 -1.339254
8.872 -1.339208
8.874 -1.339162
8.876 -1.339116
8.878 -1.339070
8.880 -1.339024
8.882 -1.338978
8.884 -1.338932
8.886 -1.338886
8.888 -1.338886
8.890 -1.338794
8.892 -1.338748
8.894 -1.338702
8.896 -1.338656
8.898 -1.338610
8.900 -1.338564
8.902 -1.338518
8.904 -1.338472
8.906 -1.338426
8.908 -1.338380
8.910 -1.338334
8.912 -1.338287
8.914 -1.338241
8.916 -1.338195
8.918 -1.338149
8.920 -1.338103
8.922 -1.338057
8.924 -1.338011
8.926 -1.337965
8.928 -1.337919
8.930 -1.337873
8.932 -1.337827
8.934 -1.337781
8.936 -1.337735
8.938 -1.337689
8.940 -1.337643
8.942 -1.337597
8.944 -1.337551
8.946 -1.337505
8.948 -1.337459
8.950 -1.337413
8.952 -1.337367
8.954 -1.337321
8.956 -1.337275
8.958 -1.337229
8.960 -1.337183
8.962 -1.337137
8.964 -1.337091
8.966 -1.337045
8.968 -1.336999
8.970 -1.336953
8.972 -1.336907
8.974 -1.336860
8.976 -1.336814
8.978 -1.336768
8.980 -1.336722
8.982 -1.336676
8.984 -1.336630
8.986 -1.336584
8.988 -1.336538
8.990 -1.336538
8.992 -1.336446
8.994 -1.336400
8.996 -1.336354
8.998 -1.336308
9.000 -1.336262
9.002 -1.336216
9.004 -1.336170
9.006 -1.336124
9.008 -1.336078
9.010 -1.336032
9.012 -1.335986
9.014 -1.335940
9.016 -1.335894
9.018 -1.335848
9.020 -1.335802
9.022 -1.335756
9.024 -1.335710
9.026 -1.335664
9.028 -1.335618
9.030 -1.335572
9.032 -1.335526
9.034 -1.335480
9.036 -1.335434
9.038 -1.335387
9.040 -1.335341
9.042 -1.335295
9.044 -1.335249
9.046 -1.335249
9.048 -1.335157
9.050 -1.335111
9.052 -1.335065
9.054 -1.335019
9.056 -1.334973
9.058 -1.334927
9.060 -1.334881
9.062 -1.334835
9.064 -1.334789
9.066 -1.334743
9.068 -1.334697
9.070 -1.334651
9.072 -1.334605
9.074 -1.334559
9.076 -1.334513
9.078 -1.334467
9.080 -1.334421
9.082 -1.334375
9.084 -1.334329
9.086 -1.334283
9.088 -1.334237
9.090 -1.334191
9.092 -1.334145
9.094 -1.334099
9.096 -1.334053
9.098 -1.334007
9.100 -1.333960
9.102 -1.333914
9.104 -1.333868
9.106 -1.333822
9.108 -1.333776
9.110 -1.333730
9.112 -1.333684
9.114 -1.333638
9.116 -1.333592
9.118 -1.333546
9.120 -1.333500
9.122 -1.333454
9.124 -1.333408
9.126 -1.333362
9.128 -1.333316
9.130 -1.333270
9.132 -1.333224
9.134 -1.333178
9.136 -1.333132
9.138 -1.333086
9.140 -1.333040
9.142 -1.332994
9.144 -1.332948
9.146 -1.332902
9.148 -1.332856
9.150 -1.332810
9.152 -1.332764
9.154 -1.332718
9.156 -1.332672
9.158 -1.332626
9.160 -1.332580
9.162 -1.332533
9.164 -1.332487
9.166 -1.332441
9.168 -1.332395
9.170 -1.332349
9.172 -1.332303
9.174 -1.332257
9.176 -1.332211
9.178 -1.332165
9.180 -1.332119
9.182 -1.332073
9.184 -1.332027
9.186 -1.331981
9.188 -1.331935
9.190 -1.331889
9.192 -1.331843
9.194 -1.331797
9.196 -1.331751
9.198 -1.331705
9.200 -1.331659
9.202 -1.331613
9.204 -1.331567
9.206 -1.331521
9.208 -1.331475
9.210 -1.331429
9.212 -1.331383
9.214 -1.331337
9.216 -1.331291
9.218 -1.331245
9.220 -1.331199
9.222 -1.331153
9.224 -1.331107
9.226 -1.331060
9.228 -1.331014
9.230 -1.330968
9.232 -1.330922
9.234 -1.330876
9.236 -1.330830
9.238 -1.330784
9.240 -1.330738
9.242 -1.330692
9.244 -1.330646
9.246 -1.330600
9.248 -1.330554
9.250 -1.330508
9.252 -1.330462
9.254 -1.330416
9.256 -1.330370
9.258 -1.330324
9.260 -1.330278
9.262 -1.330232
9.264 -1.330186
9.266 -1.330140
9.268 -1.330094
9.270 -1.330048
9.272 -1.330002
9.274 -1.329956
9.276 -1.329910
9.278 -1.329864
9.280 -1.329818
9.282 -1.329772
9.284 -1.329726
9.286 -1.329680
9.288 -1.329633
9.290 -1.329587
9.292 -1.329541
9.294 -1.329495
9.296 -1.329449
9.298 -1.329403
9.300 -1.329357
9.302 -1.329311
9.304 -1.329265
9.306 -1.329219
9.308 -1.329127
9.310 -1.329127
9.312 -1.329081
9.314 -1.329035
9.316 -1.328989
9.318 -1.328943
9.320 -1.328897
9.322 -1.328851
9.324 -1.328805
9.326 -1.328759
9.328 -1.328713
9.330 -1.328667
9.332 -1.328621
9.334 -1.328575
9.336 -1.328529
9.338 -1.328483
9.340 -1.328437
9.342 -1.328391
9.344 -1.328345
9.346 -1.328299
9.348 -1.328253
9.350 -1.328207
9.352 -1.328160
9.354 -1.328114
9.356 -1.328068
9.358 -1.328022
9.360 -1.327976
9.362 -1.327930
9.364 -1.327884
9.366 -1.327838
9.368 -1.327792
9.370 -1.327746
9.372 -1.327700
9.374 -1.327654
9.376 -1.327608
9.378 -1.327562
9.380 -1.327516
9.382 -1.327470
9.384 -1.327424
9.386 -1.327378
9.388 -1.327332
9.390 -1.327286
9.392 -1.327240
9.394 -1.327194
9.396 -1.327148
9.398 -1.327148
9.400 -1.327056
9.402 -1.327010
9.404 -1.326964
9.406 -1.326918
9.408 -1.326872
9.410 -1.326826
9.412 -1.326780
9.414 -1.326733
9.416 -1.326687
9.418 -1.326641
9.420 -1.326595
9.422 -1.326549
9.424 -1.326503
9.426 -1.326457
9.428 -1.326411
9.430 -1.326365
9.432 -1.326319
9.434 -1.326273
9.436 -1.326227
9.438 -1.326181
9.440 -1.326135
9.442 -1.326089
9.444 -1.326043
9.446 -1.325997
9.448 -1.325951
9.450 -1.325905
9.452 -1.325859
9.454 -1.325813
9.456 -1.325767
9.458 -1.325721
9.460 -1.325675
9.462 -1.325675
9.464 -1.325583
9.466 -1.325537
9.468 -1.325491
9.470 -1.325445
9.472 -1.325399
9.474 -1.325353
9.476 -1.325307
9.478 -1.325260
9.480 -1.325214
9.482 -1.325168
9.484 -1.325122
9.486 -1.325076
9.488 -1.325030
9.490 -1.324984
9.492 -1.324938
9.494 -1.324892
9.496 -1.324846
9.498 -1.324800
9.500 -1.324754
9.502 -1.324708
9.504 -1.324662
9.506 -1.324616
9.508 -1.324616
9.510 -1.324616
9.512 -1.324478
9.514 -1.324432
9.516 -1.324386
9.518 -1.324340
9.520 -1.324294
9.522 -1.324248
9.524 -1.324202
9.526 -1.324156
9.528 -1.324110
9.530 -1.324064
9.532 -1.324018
9.534 -1.323972
9.536 -1.323926
9.538 -1.323880
9.540 -1.323833
9.542 -1.323787
9.544 -1.323741
9.546 -1.323695
9.548 -1.323649
9.550 -1.323603
9.552 -1.323557
9.554 -1.323511
9.556 -1.323465
9.558 -1.323419
9.560 -1.323373
9.562 -1.323327
9.564 -1.323281
9.566 -1.323235
9.568 -1.323189
9.570 -1.323143
9.572 -1.323097
9.574 -1.323051
9.576 -1.323005
9.578 -1.322959
9.580 -1.322913
9.582 -1.322867
9.584 -1.322821
9.586 -1.322775
9.588 -1.322729
9.590 -1.322683
9.592 -1.322637
9.594 -1.322591
9.596 -1.322545
9.598 -1.322499
9.600 -1.322453
9.602 -1.322406
9.604 -1.322360
9.606 -1.322314
9.608 -1.322268
9.610 -1.322222
9.612 -1.322176
9.614 -1.322130
9.616 -1.322084
9.618 -1.322038
9.620 -1.321992
9.622 -1.321946
9.624 -1.321900
9.626 -1.321854
9.628 -1.321808
9.630 -1.321762
9.632 -1.321716
9.634 -1.321670
9.636 -1.321624
9.638 -1.321578
9.640 -1.321532
9.642 -1.321486
9.644 -1.321440
9.646 -1.321394
9.648 -1.321348
9.650 -1.321302
9.652 -1.321256
9.654 -1.321210
9.656 -1.321164
9.658 -1.321118
9.660 -1.321072
9.662 -1.321026
9.664 -1.320980
9.666 -1.320933
9.668 -1.320795
9.670 -1.320795
9.672 -1.320795
9.674 -1.320749
9.676 -1.320703
9.678 -1.320657
9.680 -1.320611
9.682 -1.320565
9.684 -1.320519
9.686 -1.320473
9.688 -1.320427
9.690 -1.320381
9.692 -1.320335
9.694 -1.320289
9.696 -1.320243
9.698 -1.320197
9.700 -1.320151
9.702 -1.320105
9.704 -1.320059
9.706 -1.320013
9.708 -1.319921
9.710 -1.319921
9.712 -1.319875
9.714 -1.319829
9.716 -1.319783
9.718 -1.319737
9.720 -1.319691
9.722 -1.319645
9.724 -1.319599
9.726 -1.319553
9.728 -1.319506
9.730 -1.319460
9.732 -1.319414
9.734 -1.319368
9.736 -1.319322
9.738 -1.319276
9.740 -1.319230
9.742 -1.319184
9.744 -1.319138
9.746 -1.319092
9.748 -1.319046
9.750 -1.319000
9.752 -1.318954
9.754 -1.318908
9.756 -1.318862
9.758 -1.318816
9.760 -1.318770
9.762 -1.318724
9.764 -1.318678
9.766 -1.318632
9.768 -1.318586
9.770 -1.318540
9.772 -1.318494
9.774 -1.318448
9.776 -1.318402
9.778 -1.318356
9.780 -1.318310
9.782 -1.318264
9.784 -1.318218
9.786 -1.318172
9.788 -1.318126
9.790 -1.318080
9.792 -1.318033
9.794 -1.317987
9.796 -1.317941
9.798 -1.317895
9.800 -1.317895
9.802 -1.317803
9.804 -1.317757
9.806 -1.317711
9.808 -1.317665
9.810 -1.317619
9.812 -1.317573
9.814 -1.317527
9.816 -1.317481
9.818 -1.317435
9.820 -1.317389
9.822 -1.317343
9.824 -1.317297
9.826 -1.317251
9.828 -1.317205
9.830 -1.317159
9.832 -1.317113
9.834 -1.317067
9.836 -1.317021
9.838 -1.316975
9.840 -1.316929
9.842 -1.316883
9.844 -1.316837
9.846 -1.316791
9.848 -1.316745
9.850 -1.316699
9.852 -1.316653
9.854 -1.316606
9.856 -1.316560
9.858 -1.316514
9.860 -1.316468
9.862 -1.316422
9.864 -1.316376
9.866 -1.316330
9.868 -1.316284
9.870 -1.316238
9.872 -1.316192
9.874 -1.316146
9.876 -1.316054
9.878 -1.316008
9.880 -1.316008
9.882 -1.315962
9.884 -1.315916
9.886 -1.315870
9.888 -1.315824
9.890 -1.315778
9.892 -1.315732
9.894 -1.315686
9.896 -1.315640
9.898 -1.315594
9.900 -1.315548
9.902 -1.315502
9.904 -1.315456
9.906 -1.315410
9.908 -1.315364
9.910 -1.315318
9.912 -1.315272
9.914 -1.315226
9.916 -1.315179
9.918 -1.315133
9.920 -1.315087
9.922 -1.315041
9.924 -1.314995
9.926 -1.314949
9.928 -1.314903
9.930 -1.314857
9.932 -1.314811
9.934 -1.314765
9.936 -1.314719
9.938 -1.314673
9.940 -1.314627
9.942 -1.314581
9.944 -1.314535
9.946 -1.314489
9.948 -1.314443
9.950 -1.314397
9.952 -1.314351
9.954 -1.314305
9.956 -1.314259
9.958 -1.314213
9.960 -1.314167
9.962 -1.314121
9.964 -1.314075
9.966 -1.314029
9.968 -1.313983
9.970 -1.313937
9.972 -1.313891
9.974 -1.313845
9.976 -1.313799
9.978 -1.313753
9.980 -1.313706
9.982 -1.313660
9.984 -1.313614
9.986 -1.313568
9.988 -1.313522
9.990 -1.313476
9.992 -1.313430
9.994 -1.313384
9.996 -1.313338
9.998 -1.313292
10.000 -1.313246
10.002 -1.313200
10.004 -1.313154
10.006 -1.313108
10.008 -1.313062
10.010 -1.313016
10.012 -1.312970
10.014 -1.312924
10.016 -1.312878
10.018 -1.312832
10.020 -1.312786
10.022 -1.312740
10.024 -1.312694
10.026 -1.312648
10.028 -1.312602
10.030 -1.312556
10.032 -1.312510
10.034 -1.312464
10.036 -1.312418
10.038 -1.312372
10.040 -1.312326
10.042 -1.312279
10.044 -1.312233
10.046 -1.312187
10.048 -1.312141
10.050 -1.312095
10.052 -1.312049
10.054 -1.312003
10.056 -1.311957
10.058 -1.311911
10.060 -1.311865
10.062 -1.311819
10.064 -1.311773
10.066 -1.311727
10.068 -1.311681
10.070 -1.311681
10.072 -1.311589
10.074 -1.311543
10.076 -1.311497
10.078 -1.311451
10.080 -1.311405
10.082 -1.311359
10.084 -1.311313
10.086 -1.311267
10.088 -1.311221
10.090 -1.311175
10.092 -1.311129
10.094 -1.311083
10.096 -1.311037
10.098 -1.310991
10.100 -1.310945
10.102 -1.310899
10.104 -1.310853
10.106 -1.310806
10.108 -1.310760
10.110 -1.310714
10.112 -1.310668
10.114 -1.310622
10.116 -1.310576
10.118 -1.310530
10.120 -1.310484
10.122 -1.310438
10.124 -1.310392
10.126 -1.310346
10.128 -1.310300
10.130 -1.310300
10.132 -1.310208
10.134 -1.310162
10.136 -1.310116
10.138 -1.310070
10.140 -1.310024
10.142 -1.309978
10.144 -1.309932
10.146 -1.309886
10.148 -1.309840
10.150 -1.309794
10.152 -1.309748
10.154 -1.309702
10.156 -1.309656
10.158 -1.309610
10.160 -1.309564
10.162 -1.309518
10.164 -1.309472
10.166 -1.309426
10.168 -1.309379
10.170 -1.309333
10.172 -1.309287
10.174 -1.309241
10.176 -1.309195
10.178 -1.309149
10.180 -1.309103
10.182 -1.309057
10.184 -1.309011
10.186 -1.308965
10.188 -1.308919
10.190 -1.308873
10.192 -1.308827
10.194 -1.308781
10.196 -1.308735
10.198 -1.308689
10.200 -1.308689
10.202 -1.308597
10.204 -1.308551
10.206 -1.308505
10.208 -1.308459
10.210 -1.308413
10.212 -1.308367
10.214 -1.308321
10.216 -1.308275
10.218 -1.308229
10.220 -1.308183
10.222 -1.308137
10.224 -1.308091
10.226 -1.308045
10.228 -1.307999
10.230 -1.307953
10.232 -1.307906
10.234 -1.307860
10.236 -1.307814
10.238 -1.307768
10.240 -1.307722
10.242 -1.307676
10.244 -1.307630
10.246 -1.307584
10.248 -1.307538
10.250 -1.307492
10.252 -1.307446
10.254 -1.307400
10.256 -1.307400
10.258 -1.307308
10.260 -1.307308
10.262 -1.307216
10.264 -1.307170
10.266 -1.307124
10.268 -1.307124
10.270 -1.307032
10.272 -1.306986
10.274 -1.306940
10.276 -1.306894
10.278 -1.306894
10.280 -1.306848
10.282 -1.306756
10.284 -1.306710
10.286 -1.306664
10.288 -1.306618
10.290 -1.306572
10.292 -1.306526
10.294 -1.306479
10.296 -1.306433
10.298 -1.306387
10.300 -1.306341
10.302 -1.306295
10.304 -1.306249
10.306 -1.306203
10.308 -1.306157
10.310 -1.306111
10.312 -1.306065
10.314 -1.305973
10.316 -1.305973
10.318 -1.305927
10.320 -1.305881
10.322 -1.305835
10.324 -1.305743
10.326 -1.305743
10.328 -1.305697
10.330 -1.305651
10.332 -1.305605
10.334 -1.305559
10.336 -1.305513
10.338 -1.305467
10.340 -1.305421
10.342 -1.305375
10.344 -1.305329
10.346 -1.305283
10.348 -1.305237
10.350 -1.305191
10.352 -1.305145
10.354 -1.305099
10.356 -1.305052
10.358 -1.305006
10.360 -1.304960
10.362 -1.304914
10.364 -1.304868
10.366 -1.304822
10.368 -1.304776
10.370 -1.304730
10.372 -1.304684
10.374 -1.304638
10.376 -1.304592
10.378 -1.304546
10.380 -1.304500
10.382 -1.304454
10.384 -1.304408
10.386 -1.304362
10.388 -1.304270
10.390 -1.304270
10.392 -1.304270
10.394 -1.304178
10.396 -1.304132
10.398 -1.304086
10.400 -1.304040
10.402 -1.303994
10.404 -1.303948
10.406 -1.303902
10.408 -1.303856
10.410 -1.303810
10.412 -1.303764
10.414 -1.303718
10.416 -1.303672
10.418 -1.303626
10.420 -1.303579
10.422 -1.303533
10.424 -1.303487
10.426 -1.303441
10.428 -1.303441
10.430 -1.303395
10.432 -1.303303
10.434 -1.303257
10.436 -1.303211
10.438 -1.303165
10.440 -1.303119
10.442 -1.303073
10.444 -1.303027
10.446 -1.302981
10.448 -1.302935
10.450 -1.302889
10.452 -1.302843
10.454 -1.302797
10.456 -1.302751
10.458 -1.302705
10.460 -1.302659
10.462 -1.302613
10.464 -1.302567
10.466 -1.302521
10.468 -1.302429
10.470 -1.302429
10.472 -1.302383
10.474 -1.302337
10.476 -1.302291
10.478 -1.302245
10.480 -1.302199
10.482 -1.302152
10.484 -1.302106
10.486 -1.302060
10.488 -1.302014
10.490 -1.301968
10.492 -1.301922
10.494 -1.301876
10.496 -1.301830
10.498 -1.301784
10.500 -1.301738
10.502 -1.301692
10.504 -1.301646
10.506 -1.301600
10.508 -1.301554
10.510 -1.301508
10.512 -1.301462
10.514 -1.301416
10.516 -1.301370
10.518 -1.301324
10.520 -1.301278
10.522 -1.301233
10.524 -1.301189
10.526 -1.301146
10.528 -1.301104
10.530 -1.301104
10.532 -1.301021
10.534 -1.300981
10.536 -1.300942
10.538 -1.300904
10.540 -1.300866
10.542 -1.300829
10.544 -1.300793
10.546 -1.300758
10.548 -1.300724
10.550 -1.300690
10.552 -1.300657
10.554 -1.300625
10.556 -1.300594
10.558 -1.300563
10.560 -1.300534
10.562 -1.300505
10.564 -1.300477
10.566 -1.300450
10.568 -1.300423
10.570 -1.300398
10.572 -1.300373
10.574 -1.300349
10.576 -1.300326
10.578 -1.300303
10.580 -1.300303
10.582 -1.300261
10.584 -1.300241
10.586 -1.300221
10.588 -1.300203
10.590 -1.300185
10.592 -1.300169
10.594 -1.300153
10.596 -1.300137
10.598 -1.300123
10.600 -1.300109
10.602 -1.300096
10.604 -1.300084
10.606 -1.300073
10.608 -1.300063
10.610 -1.300053
10.612 -1.300044
10.614 -1.300036
10.616 -1.300029
10.618 -1.300023
10.620 -1.300017
10.622 -1.300012
10.624 -1.300008
10.626 -1.300005
10.628 -1.300003
10.630 -1.300003
10.632 -1.300000
