0.000 1.133518
0.002 1.133518
0.004 1.133518
0.006 1.133517
0.008 1.133516
0.010 1.133513
0.012 1.133510
0.014 1.133509
0.016 1.133504
0.018 1.133498
0.020 1.133492
0.022 1.133486
0.024 1.133479
0.026 1.133472
0.028 1.133464
0.030 1.133455
0.032 1.133446
0.034 1.133436
0.036 1.133425
0.038 1.133414
0.040 1.133401
0.042 1.133389
0.044 1.133375
0.046 1.133361
0.048 1.133346
0.050 1.133330
0.052 1.133325
0.054 1.133303
0.056 1.133292
0.058 1.133279
0.060 1.133248
0.062 1.133233
0.064 1.133219
0.066 1.133186
0.068 1.133155
0.070 1.133131
0.072 1.133108
0.074 1.133086
0.076 1.133062
0.078 1.133036
0.080 1.133009
0.082 1.132981
0.084 1.132953
0.086 1.132923
0.088 1.132894
0.090 1.132863
0.092 1.132832
0.094 1.132799
0.096 1.132766
0.098 1.132733
0.100 1.132698
0.102 1.132663
0.104 1.132627
0.106 1.132590
0.108 1.132552
0.110 1.132513
0.112 1.132474
0.114 1.132434
0.116 1.132393
0.118 1.132351
0.120 1.132309
0.122 1.132266
0.124 1.132222
0.126 1.132178
0.128 1.132132
0.130 1.132086
0.132 1.132039
0.134 1.131992
0.136 1.131943
0.138 1.131894
0.140 1.131844
0.142 1.131793
0.144 1.131742
0.146 1.131689
0.148 1.131636
0.150 1.131582
0.152 1.131558
0.154 1.131491
0.156 1.131419
0.158 1.131355
0.160 1.131296
0.162 1.131239
0.164 1.131180
0.166 1.131120
0.168 1.131058
0.170 1.130995
0.172 1.130931
0.174 1.130867
0.176 1.130801
0.178 1.130735
0.180 1.130668
0.182 1.130633
0.184 1.130552
0.186 1.130466
0.188 1.130388
0.190 1.130315
0.192 1.130244
0.194 1.130172
0.196 1.130098
0.198 1.130023
0.200 1.129946
0.202 1.129869
0.204 1.129790
0.206 1.129711
0.208 1.129631
0.210 1.129550
0.212 1.129468
0.214 1.129386
0.216 1.129302
0.218 1.129218
0.220 1.129132
0.222 1.129046
0.224 1.128959
0.226 1.128871
0.228 1.128782
0.230 1.128692
0.232 1.128601
0.234 1.128509
0.236 1.128417
0.238 1.128323
0.240 1.128229
0.242 1.128134
0.244 1.128038
0.246 1.127941
0.248 1.127843
0.250 1.127744
0.252 1.127645
0.254 1.127544
0.256 1.127443
0.258 1.127341
0.260 1.127238
0.262 1.127134
0.264 1.127029
0.266 1.126924
0.268 1.126817
0.270 1.126710
0.272 1.126602
0.274 1.126493
0.276 1.126383
0.278 1.126272
0.280 1.126160
0.282 1.126048
0.284 1.125935
0.286 1.125820
0.288 1.125705
0.290 1.125590
0.292 1.125473
0.294 1.125355
0.296 1.125237
0.298 1.125118
0.300 1.124998
0.302 1.124877
0.304 1.124755
0.306 1.124633
0.308 1.124509
0.310 1.124385
0.312 1.124260
0.314 1.124134
0.316 1.124008
0.318 1.123880
0.320 1.123752
0.322 1.123623
0.324 1.123493
0.326 1.123362
0.328 1.123231
0.330 1.123098
0.332 1.122965
0.334 1.122831
0.336 1.122696
0.338 1.122560
0.340 1.122424
0.342 1.122287
0.344 1.122149
0.346 1.122010
0.348 1.121870
0.350 1.121776
0.352 1.121717
0.354 1.121538
0.356 1.121346
0.358 1.121174
0.360 1.121019
0.362 1.120871
0.364 1.120726
0.366 1.120580
0.368 1.120432
0.370 1.120284
0.372 1.120135
0.374 1.119985
0.376 1.119834
0.378 1.119682
0.380 1.119529
0.382 1.119375
0.384 1.119221
0.386 1.119066
0.388 1.118910
0.390 1.118753
0.392 1.118645
0.394 1.118478
0.396 1.118300
0.398 1.118127
0.400 1.117961
0.402 1.117798
0.404 1.117635
0.406 1.117422
0.408 1.117267
0.410 1.117122
0.412 1.116970
0.414 1.116810
0.416 1.116645
0.418 1.116477
0.420 1.116308
0.422 1.116139
0.424 1.115968
0.426 1.115797
0.428 1.115625
0.430 1.115453
0.432 1.115279
0.434 1.115105
0.436 1.114930
0.438 1.114649
0.440 1.114328
0.442 1.114108
0.444 1.113982
0.446 1.113908
0.448 1.113802
0.450 1.113658
0.452 1.113490
0.454 1.113311
0.456 1.113128
0.458 1.112943
0.460 1.112757
0.462 1.112571
0.464 1.112384
0.466 1.112198
0.468 1.112011
0.470 1.111823
0.472 1.111635
0.474 1.111445
0.476 1.111255
0.478 1.111064
0.480 1.110873
0.482 1.110680
0.484 1.110487
0.486 1.110293
0.488 1.110098
0.490 1.109902
0.492 1.109705
0.494 1.109508
0.496 1.109309
0.498 1.109110
0.500 1.108911
0.502 1.108710
0.504 1.108509
0.506 1.108306
0.508 1.108103
0.510 1.107899
0.512 1.107695
0.514 1.107489
0.516 1.107283
0.518 1.107076
0.520 1.106868
0.522 1.106660
0.524 1.106450
0.526 1.106240
0.528 1.106029
0.530 1.105817
0.532 1.105664
0.534 1.105444
0.536 1.105208
0.538 1.104976
0.540 1.104752
0.542 1.104531
0.544 1.104313
0.546 1.104094
0.548 1.103876
0.550 1.103656
0.552 1.103436
0.554 1.103214
0.556 1.102992
0.558 1.102769
0.560 1.102545
0.562 1.102320
0.564 1.102157
0.566 1.101925
0.568 1.101675
0.570 1.101430
0.572 1.101192
0.574 1.100958
0.576 1.100726
0.578 1.100495
0.580 1.100263
0.582 1.100031
0.584 1.099798
0.586 1.099564
0.588 1.099329
0.590 1.099093
0.592 1.098921
0.594 1.098742
0.596 1.098475
0.598 1.098195
0.600 1.097927
0.602 1.097671
0.604 1.097423
0.606 1.097179
0.608 1.096936
0.610 1.096693
0.612 1.096449
0.614 1.096204
0.616 1.095958
0.618 1.095711
0.620 1.095463
0.622 1.095214
0.624 1.094964
0.626 1.094714
0.628 1.094463
0.630 1.094211
0.632 1.093958
0.634 1.093704
0.636 1.093450
0.638 1.093195
0.640 1.092732
0.642 1.092284
0.644 1.091975
0.646 1.091788
0.648 1.091674
0.650 1.091527
0.652 1.091331
0.654 1.091099
0.656 1.090846
0.658 1.090584
0.660 1.090317
0.662 1.090049
0.664 1.089781
0.666 1.089513
0.668 1.089246
0.670 1.088908
0.672 1.088646
0.674 1.088402
0.676 1.088153
0.678 1.087895
0.680 1.087630
0.682 1.087361
0.684 1.087089
0.686 1.086815
0.688 1.086540
0.690 1.086265
0.692 1.085989
0.694 1.085712
0.696 1.085434
0.698 1.085156
0.700 1.084877
0.702 1.084597
0.704 1.084317
0.706 1.084035
0.708 1.083753
0.710 1.083470
0.712 1.083186
0.714 1.082901
0.716 1.082616
0.718 1.082329
0.720 1.082042
0.722 1.081754
0.724 1.081465
0.726 1.081176
0.728 1.080885
0.730 1.080594
0.732 1.080302
0.734 1.080009
0.736 1.079715
0.738 1.079421
0.740 1.079125
0.742 1.078829
0.744 1.078532
0.746 1.078234
0.748 1.077936
0.750 1.077636
0.752 1.077336
0.754 1.077035
0.756 1.076733
0.758 1.076430
0.760 1.076127
0.762 1.075823
0.764 1.075518
0.766 1.075212
0.768 1.074905
0.770 1.074598
0.772 1.074289
0.774 1.073980
0.776 1.073670
0.778 1.073360
0.780 1.073048
0.782 1.072736
0.784 1.072423
0.786 1.072109
0.788 1.071794
0.790 1.071478
0.792 1.071162
0.794 1.070845
0.796 1.070527
0.798 1.070208
0.800 1.069889
0.802 1.069568
0.804 1.069247
0.806 1.068925
0.808 1.068602
0.810 1.068279
0.812 1.067954
0.814 1.067629
0.816 1.067303
0.818 1.066976
0.820 1.066649
0.822 1.066321
0.824 1.065991
0.826 1.065661
0.828 1.065331
0.830 1.064999
0.832 1.064667
0.834 1.064333
0.836 1.063999
0.838 1.063665
0.840 1.063329
0.842 1.062993
0.844 1.062655
0.846 1.062317
0.848 1.061978
0.850 1.061639
0.852 1.061298
0.854 1.060957
0.856 1.060615
0.858 1.060272
0.860 1.059929
0.862 1.059584
0.864 1.059239
0.866 1.058893
0.868 1.058546
0.870 1.058285
0.872 1.057934
0.874 1.057558
0.876 1.057182
0.878 1.056815
0.880 1.056455
0.882 1.056099
0.884 1.055744
0.886 1.055391
0.888 1.055037
0.890 1.054682
0.892 1.054326
0.894 1.053969
0.896 1.053611
0.898 1.053252
0.900 1.052892
0.902 1.052531
0.904 1.052170
0.906 1.051808
0.908 1.051445
0.910 1.050991
0.912 1.050628
0.914 1.050292
0.916 1.049952
0.918 1.049602
0.920 1.049244
0.922 1.048879
0.924 1.048511
0.926 1.048140
0.928 1.047769
0.930 1.047396
0.932 1.047023
0.934 1.046650
0.936 1.046276
0.938 1.045901
0.940 1.045525
0.942 1.045149
0.944 1.044772
0.946 1.044394
0.948 1.044016
0.950 1.043543
0.952 1.043164
0.954 1.042812
0.956 1.042457
0.958 1.042093
0.960 1.041719
0.962 1.041339
0.964 1.040955
0.966 1.040569
0.968 1.040181
0.970 1.039793
0.972 1.039404
0.974 1.039014
0.976 1.038625
0.978 1.038234
0.980 1.037843
0.982 1.037451
0.984 1.037058
0.986 1.036664
0.988 1.036269
0.990 1.035874
0.992 1.035478
0.994 1.035081
0.996 1.034683
0.998 1.034284
1.000 1.033885
1.002 1.033484
1.004 1.033083
1.006 1.032681
1.008 1.032279
1.010 1.031875
1.012 1.031471
1.014 1.031066
1.016 1.030660
1.018 1.030253
1.020 1.029846
1.022 1.029437
1.024 1.029028
1.026 1.028618
1.028 1.028208
1.030 1.027796
1.032 1.027384
1.034 1.026971
1.036 1.026557
1.038 1.026142
1.040 1.025726
1.042 1.025310
1.044 1.024893
1.046 1.024475
1.048 1.024056
1.050 1.023637
1.052 1.023216
1.054 1.022795
1.056 1.022373
1.058 1.021951
1.060 1.021527
1.062 1.021103
1.064 1.020677
1.066 1.020251
1.068 1.019825
1.070 1.019397
1.072 1.018969
1.074 1.018540
1.076 1.018110
1.078 1.017679
1.080 1.017247
1.082 1.016815
1.084 1.016382
1.086 1.015948
1.088 1.015513
1.090 1.015077
1.092 1.014641
1.094 1.014204
1.096 1.013766
1.098 1.013327
1.100 1.012887
1.102 1.012447
1.104 1.012006
1.106 1.011564
1.108 1.011121
1.110 1.010572
1.112 1.010127
1.114 1.009714
1.116 1.009299
1.118 1.008874
1.120 1.008439
1.122 1.007996
1.124 1.007548
1.126 1.007098
1.128 1.006646
1.130 1.006194
1.132 1.005742
1.134 1.005290
1.136 1.004839
1.138 1.004387
1.140 1.004042
1.142 1.003591
1.144 1.003107
1.146 1.002623
1.148 1.002149
1.150 1.001684
1.152 1.001332
1.154 1.000879
1.156 1.000395
1.158 0.999911
1.160 0.999438
1.162 0.998973
1.164 0.998515
1.166 0.998060
1.168 0.997607
1.170 0.997155
1.172 0.996703
1.174 0.996250
1.176 0.995797
1.178 0.995344
1.180 0.994890
1.182 0.994436
1.184 0.993983
1.186 0.993529
1.188 0.993075
1.190 0.992622
1.192 0.992168
1.194 0.991715
1.196 0.991261
1.198 0.990808
1.200 0.990355
1.202 0.989901
1.204 0.989448
1.206 0.988995
1.208 0.988542
1.210 0.988088
1.212 0.987635
1.214 0.987182
1.216 0.986729
1.218 0.986276
1.220 0.985823
1.222 0.985370
1.224 0.984918
1.226 0.984465
1.228 0.984012
1.230 0.983666
1.232 0.983214
1.234 0.982730
1.236 0.982245
1.238 0.981771
1.240 0.981306
1.242 0.980848
1.244 0.980394
1.246 0.979943
1.248 0.979492
1.250 0.979041
1.252 0.978589
1.254 0.978138
1.256 0.977686
1.258 0.977233
1.260 0.976781
1.262 0.976329
1.264 0.975877
1.266 0.975425
1.268 0.974973
1.270 0.974628
1.272 0.974283
1.274 0.973801
1.276 0.973285
1.278 0.972780
1.280 0.972294
1.282 0.971824
1.284 0.971366
1.286 0.970913
1.288 0.970464
1.290 0.970015
1.292 0.969565
1.294 0.969115
1.296 0.968665
1.298 0.968213
1.300 0.967762
1.302 0.967310
1.304 0.966859
1.306 0.966407
1.308 0.965956
1.310 0.965505
1.312 0.965054
1.314 0.964603
1.316 0.964152
1.318 0.963701
1.320 0.963250
1.322 0.962799
1.324 0.962349
1.326 0.961898
1.328 0.961447
1.330 0.960996
1.332 0.960546
1.334 0.960095
1.336 0.959645
1.338 0.959194
1.340 0.958744
1.342 0.958294
1.344 0.957843
1.346 0.957393
1.348 0.956943
1.350 0.956493
1.352 0.956148
1.354 0.955700
1.356 0.955217
1.358 0.954735
1.360 0.954263
1.362 0.953801
1.364 0.953345
1.366 0.952894
1.368 0.952444
1.370 0.951995
1.372 0.951547
1.374 0.951098
1.376 0.950648
1.378 0.950198
1.380 0.949748
1.382 0.949298
1.384 0.948848
1.386 0.948398
1.388 0.947948
1.390 0.947604
1.392 0.947368
1.394 0.947206
1.396 0.947089
1.398 0.946992
1.400 0.946798
1.402 0.946394
1.404 0.946021
1.406 0.945428
1.408 0.944815
1.410 0.944252
1.412 0.943745
1.414 0.943279
1.416 0.942837
1.418 0.942406
1.420 0.941978
1.422 0.941548
1.424 0.941116
1.426 0.940680
1.428 0.940241
1.430 0.939801
1.432 0.939360
1.434 0.938919
1.436 0.938477
1.438 0.938035
1.440 0.937593
1.442 0.937256
1.444 0.937027
1.446 0.936660
1.448 0.936122
1.450 0.935560
1.452 0.935028
1.454 0.934531
1.456 0.934061
1.458 0.933608
1.460 0.933163
1.462 0.932722
1.464 0.932280
1.466 0.931837
1.468 0.931392
1.470 0.930945
1.472 0.930498
1.474 0.930156
1.476 0.929709
1.478 0.929229
1.480 0.928749
1.482 0.928384
1.484 0.927925
1.486 0.927439
1.488 0.926957
1.490 0.926487
1.492 0.926027
1.494 0.925574
1.496 0.925124
1.498 0.924676
1.500 0.924228
1.502 0.923780
1.504 0.923331
1.506 0.922882
1.508 0.922432
1.510 0.921876
1.512 0.921319
1.514 0.920900
1.516 0.920514
1.518 0.920118
1.520 0.919702
1.522 0.919270
1.524 0.918828
1.526 0.918379
1.528 0.917927
1.530 0.917475
1.532 0.917023
1.534 0.916572
1.536 0.916121
1.538 0.915672
1.540 0.915328
1.542 0.914880
1.544 0.914398
1.546 0.913917
1.548 0.913445
1.550 0.912983
1.552 0.912528
1.554 0.912076
1.556 0.911627
1.558 0.911072
1.560 0.910516
1.562 0.910098
1.564 0.909713
1.566 0.909317
1.568 0.908901
1.570 0.908469
1.572 0.908026
1.574 0.907577
1.576 0.907125
1.578 0.906673
1.580 0.906221
1.582 0.905770
1.584 0.905320
1.586 0.904870
1.588 0.904421
1.590 0.903972
1.592 0.903522
1.594 0.903179
1.596 0.902731
1.598 0.902249
1.600 0.901768
1.602 0.901296
1.604 0.900834
1.606 0.900379
1.608 0.899928
1.610 0.899479
1.612 0.899030
1.614 0.898582
1.616 0.898133
1.618 0.897684
1.620 0.897234
1.622 0.896785
1.624 0.896335
1.626 0.895885
1.628 0.895435
1.630 0.894985
1.632 0.894536
1.634 0.894086
1.636 0.893636
1.638 0.893186
1.640 0.892737
1.642 0.892393
1.644 0.892157
1.646 0.891996
1.648 0.891666
1.650 0.891037
1.652 0.890371
1.654 0.889760
1.656 0.889216
1.658 0.888723
1.660 0.888259
1.662 0.887812
1.664 0.887370
1.666 0.886928
1.668 0.886483
1.670 0.886035
1.672 0.885586
1.674 0.885134
1.676 0.884682
1.678 0.884231
1.680 0.883779
1.682 0.883328
1.684 0.882877
1.686 0.882426
1.688 0.881975
1.690 0.881524
1.692 0.881073
1.694 0.880623
1.696 0.880172
1.698 0.879722
1.700 0.879271
1.702 0.878821
1.704 0.878371
1.706 0.877920
1.708 0.877470
1.710 0.877020
1.712 0.876570
1.714 0.876120
1.716 0.875669
1.718 0.875219
1.720 0.874769
1.722 0.874319
1.724 0.873869
1.726 0.873420
1.728 0.872970
1.730 0.872520
1.732 0.872070
1.734 0.871620
1.736 0.871171
1.738 0.870721
1.740 0.870271
1.742 0.869822
1.744 0.869372
1.746 0.868922
1.748 0.868473
1.750 0.868023
1.752 0.867574
1.754 0.867124
1.756 0.866675
1.758 0.866225
1.760 0.865776
1.762 0.865327
1.764 0.864877
1.766 0.864428
1.768 0.863978
1.770 0.863529
1.772 0.863080
1.774 0.862630
1.776 0.862181
1.778 0.861732
1.780 0.861282
1.782 0.860833
1.784 0.860384
1.786 0.859935
1.788 0.859485
1.790 0.859036
1.792 0.858587
1.794 0.858138
1.796 0.857689
1.798 0.857240
1.800 0.856790
1.802 0.856341
1.804 0.855892
1.806 0.855443
1.808 0.854994
1.810 0.854545
1.812 0.854096
1.814 0.853646
1.816 0.853197
1.818 0.852748
1.820 0.852299
1.822 0.851850
1.824 0.851401
1.826 0.850952
1.828 0.850503
1.830 0.849736
1.832 0.849071
1.834 0.848609
1.836 0.848319
1.838 0.848032
1.840 0.847697
1.842 0.847311
1.844 0.846890
1.846 0.846449
1.848 0.845997
1.850 0.845541
1.852 0.845087
1.854 0.844634
1.856 0.844184
1.858 0.843736
1.860 0.843288
1.862 0.842841
1.864 0.842394
1.866 0.841947
1.868 0.841499
1.870 0.841051
1.872 0.840603
1.874 0.840261
1.876 0.839815
1.878 0.839335
1.880 0.838855
1.882 0.838385
1.884 0.837924
1.886 0.837470
1.888 0.837021
1.890 0.836573
1.892 0.836126
1.894 0.835679
1.896 0.835231
1.898 0.834783
1.900 0.834335
1.902 0.833886
1.904 0.833437
1.906 0.832989
1.908 0.832540
1.910 0.832091
1.912 0.831642
1.914 0.831194
1.916 0.830745
1.918 0.830296
1.920 0.829848
1.922 0.829399
1.924 0.828950
1.926 0.828501
1.928 0.828053
1.930 0.827604
1.932 0.827155
1.934 0.826706
1.936 0.826257
1.938 0.825809
1.940 0.825360
1.942 0.824911
1.944 0.824462
1.946 0.824013
1.948 0.823564
1.950 0.823116
1.952 0.822773
1.954 0.822537
1.956 0.822059
1.958 0.821514
1.960 0.820979
1.962 0.820474
1.964 0.819994
1.966 0.819533
1.968 0.819081
1.970 0.818635
1.972 0.818189
1.974 0.817743
1.976 0.817296
1.978 0.816848
1.980 0.816398
1.982 0.815949
1.984 0.815499
1.986 0.815049
1.988 0.814599
1.990 0.814150
1.992 0.813700
1.994 0.813251
1.996 0.812801
1.998 0.812352
2.000 0.811902
2.002 0.811559
2.004 0.811111
2.006 0.810630
2.008 0.810148
2.010 0.809677
2.012 0.809215
2.014 0.808760
2.016 0.808309
2.018 0.807861
2.020 0.807413
2.022 0.806964
2.024 0.806516
2.026 0.806067
2.028 0.805618
2.030 0.805168
2.032 0.804719
2.034 0.804269
2.036 0.803820
2.038 0.803370
2.040 0.802921
2.042 0.802472
2.044 0.802022
2.046 0.801573
2.048 0.801124
2.050 0.800675
2.052 0.800225
2.054 0.799776
2.056 0.799327
2.058 0.798878
2.060 0.798429
2.062 0.797979
2.064 0.797530
2.066 0.797081
2.068 0.796632
2.070 0.796077
2.072 0.795626
2.074 0.795209
2.076 0.794792
2.078 0.794365
2.080 0.793928
2.082 0.793485
2.084 0.793037
2.086 0.792588
2.088 0.792137
2.090 0.791687
2.092 0.791237
2.094 0.790788
2.096 0.790339
2.098 0.789890
2.100 0.789442
2.102 0.788993
2.104 0.788544
2.106 0.788095
2.108 0.787646
2.110 0.787198
2.112 0.786749
2.114 0.786300
2.116 0.785851
2.118 0.785402
2.120 0.784953
2.122 0.784504
2.124 0.783950
2.126 0.783499
2.128 0.783083
2.130 0.782666
2.132 0.782239
2.134 0.781803
2.136 0.781465
2.138 0.781019
2.140 0.780538
2.142 0.780056
2.144 0.779584
2.146 0.779122
2.148 0.778667
2.150 0.778217
2.152 0.777768
2.154 0.777321
2.156 0.776874
2.158 0.776426
2.160 0.775977
2.162 0.775529
2.164 0.775080
2.166 0.774631
2.168 0.774287
2.170 0.773840
2.172 0.773359
2.174 0.772878
2.176 0.772407
2.178 0.771945
2.180 0.771491
2.182 0.771040
2.184 0.770592
2.186 0.770144
2.188 0.769696
2.190 0.769248
2.192 0.768799
2.194 0.768350
2.196 0.767901
2.198 0.767452
2.200 0.767003
2.202 0.766554
2.204 0.766104
2.206 0.765655
2.208 0.765206
2.210 0.764757
2.212 0.764308
2.214 0.763859
2.216 0.763410
2.218 0.762961
2.220 0.762511
2.222 0.762062
2.224 0.761613
2.226 0.761164
2.228 0.760715
2.230 0.760266
2.232 0.759817
2.234 0.759368
2.236 0.758919
2.238 0.758470
2.240 0.758021
2.242 0.757572
2.244 0.757123
2.246 0.756674
2.248 0.756225
2.250 0.755776
2.252 0.755327
2.254 0.754878
2.256 0.754429
2.258 0.753980
2.260 0.753531
2.262 0.753082
2.264 0.752633
2.266 0.752184
2.268 0.751735
2.270 0.751286
2.272 0.750837
2.274 0.750388
2.276 0.749939
2.278 0.749490
2.280 0.749041
2.282 0.748592
2.284 0.748143
2.286 0.747694
2.288 0.747245
2.290 0.746796
2.292 0.746347
2.294 0.745898
2.296 0.745449
2.298 0.745000
2.300 0.744551
2.302 0.744102
2.304 0.743653
2.306 0.743204
2.308 0.742755
2.310 0.742306
2.312 0.741857
2.314 0.741515
2.316 0.741067
2.318 0.740586
2.320 0.740105
2.322 0.739634
2.324 0.739173
2.326 0.738718
2.328 0.738268
2.330 0.737819
2.332 0.737371
2.334 0.736924
2.336 0.736475
2.338 0.736027
2.340 0.735578
2.342 0.735128
2.344 0.734679
2.346 0.734230
2.348 0.733781
2.350 0.733331
2.352 0.732882
2.354 0.732433
2.356 0.731984
2.358 0.731535
2.360 0.731086
2.362 0.730637
2.364 0.730188
2.366 0.729739
2.368 0.729289
2.370 0.728840
2.372 0.728391
2.374 0.727942
2.376 0.727493
2.378 0.727044
2.380 0.726595
2.382 0.726146
2.384 0.725697
2.386 0.725248
2.388 0.724799
2.390 0.724456
2.392 0.724008
2.394 0.723527
2.396 0.723046
2.398 0.722575
2.400 0.722114
2.402 0.721659
2.404 0.721209
2.406 0.720760
2.408 0.720312
2.410 0.719864
2.412 0.719416
2.414 0.718967
2.416 0.718518
2.418 0.718069
2.420 0.717620
2.422 0.717171
2.424 0.716721
2.426 0.716272
2.428 0.715823
2.430 0.715374
2.432 0.714925
2.434 0.714476
2.436 0.714026
2.438 0.713577
2.440 0.713128
2.442 0.712679
2.444 0.712230
2.446 0.711781
2.448 0.711332
2.450 0.710883
2.452 0.710434
2.454 0.709985
2.456 0.709536
2.458 0.709087
2.460 0.708638
2.462 0.708188
2.464 0.707739
2.466 0.707290
2.468 0.706841
2.470 0.706392
2.472 0.705943
2.474 0.705494
2.476 0.705045
2.478 0.704596
2.480 0.704147
2.482 0.703698
2.484 0.703249
2.486 0.702800
2.488 0.702351
2.490 0.701902
2.492 0.701453
2.494 0.701004
2.496 0.700555
2.498 0.700106
2.500 0.699657
2.502 0.699208
2.504 0.698759
2.506 0.698310
2.508 0.697861
2.510 0.697518
2.512 0.697071
2.514 0.696590
2.516 0.696109
2.518 0.695638
2.520 0.695176
2.522 0.694722
2.524 0.694271
2.526 0.693823
2.528 0.693375
2.530 0.692927
2.532 0.692479
2.534 0.692030
2.536 0.691581
2.538 0.691132
2.540 0.690683
2.542 0.690234
2.544 0.689784
2.546 0.689335
2.548 0.688886
2.550 0.688437
2.552 0.687988
2.554 0.687539
2.556 0.687090
2.558 0.686640
2.560 0.686191
2.562 0.685742
2.564 0.685293
2.566 0.684844
2.568 0.684395
2.570 0.683946
2.572 0.683497
2.574 0.683048
2.576 0.682599
2.578 0.682150
2.580 0.681701
2.582 0.681252
2.584 0.680803
2.586 0.680354
2.588 0.679905
2.590 0.679562
2.592 0.679326
2.594 0.679166
2.596 0.678943
2.598 0.678633
2.600 0.678364
2.602 0.677843
2.604 0.677056
2.606 0.676398
2.608 0.675742
2.610 0.675150
2.612 0.674625
2.614 0.674147
2.616 0.673694
2.618 0.673251
2.620 0.672810
2.622 0.672365
2.624 0.672023
2.626 0.671574
2.628 0.671089
2.630 0.670603
2.632 0.670128
2.634 0.669662
2.636 0.669203
2.638 0.668749
2.640 0.668297
2.642 0.667846
2.644 0.667395
2.646 0.666944
2.648 0.666599
2.650 0.666148
2.652 0.665664
2.654 0.665181
2.656 0.664707
2.658 0.664243
2.660 0.663786
2.662 0.663333
2.664 0.662883
2.666 0.662433
2.668 0.661983
2.670 0.661639
2.672 0.661401
2.674 0.661027
2.676 0.660482
2.678 0.660019
2.680 0.659586
2.682 0.659158
2.684 0.658620
2.686 0.658075
2.688 0.657559
2.690 0.657072
2.692 0.656607
2.694 0.656153
2.696 0.655704
2.698 0.655256
2.700 0.654809
2.702 0.654359
2.704 0.653909
2.706 0.653458
2.708 0.653007
2.710 0.652555
2.712 0.652104
2.714 0.651652
2.716 0.651201
2.718 0.650750
2.720 0.650300
2.722 0.649849
2.724 0.649398
2.726 0.648948
2.728 0.648497
2.730 0.648047
2.732 0.647597
2.734 0.647146
2.736 0.646696
2.738 0.646246
2.740 0.645796
2.742 0.645346
2.744 0.644896
2.746 0.644446
2.748 0.643996
2.750 0.643546
2.752 0.643096
2.754 0.642646
2.756 0.642197
2.758 0.641747
2.760 0.641297
2.762 0.640848
2.764 0.640398
2.766 0.639949
2.768 0.639499
2.770 0.639050
2.772 0.638600
2.774 0.638151
2.776 0.637702
2.778 0.637252
2.780 0.636803
2.782 0.636354
2.784 0.635904
2.786 0.635455
2.788 0.635006
2.790 0.634557
2.792 0.634107
2.794 0.633658
2.796 0.633209
2.798 0.632760
2.800 0.632311
2.802 0.631862
2.804 0.631413
2.806 0.630964
2.808 0.630514
2.810 0.630065
2.812 0.629616
2.814 0.629167
2.816 0.628718
2.818 0.628269
2.820 0.627820
2.822 0.627371
2.824 0.626922
2.826 0.626473
2.828 0.626024
2.830 0.625575
2.832 0.625127
2.834 0.624678
2.836 0.624229
2.838 0.623780
2.840 0.623331
2.842 0.622882
2.844 0.622433
2.846 0.621984
2.848 0.621535
2.850 0.621086
2.852 0.620637
2.854 0.620188
2.856 0.619739
2.858 0.619291
2.860 0.618842
2.862 0.618393
2.864 0.617944
2.866 0.617495
2.868 0.617046
2.870 0.616491
2.872 0.616041
2.874 0.615624
2.876 0.615207
2.878 0.614780
2.880 0.614344
2.882 0.613901
2.884 0.613453
2.886 0.613004
2.888 0.612554
2.890 0.612104
2.892 0.611654
2.894 0.611205
2.896 0.610756
2.898 0.610308
2.900 0.609859
2.902 0.609411
2.904 0.608962
2.906 0.608514
2.908 0.608065
2.910 0.607616
2.912 0.607168
2.914 0.606719
2.916 0.606270
2.918 0.605822
2.920 0.605373
2.922 0.604924
2.924 0.604475
2.926 0.604027
2.928 0.603578
2.930 0.603129
2.932 0.602786
2.934 0.602339
2.936 0.601858
2.938 0.601377
2.940 0.600907
2.942 0.600445
2.944 0.599991
2.946 0.599541
2.948 0.599092
2.950 0.598645
2.952 0.598197
2.954 0.597749
2.956 0.597300
2.958 0.596640
2.960 0.596082
2.962 0.595695
2.964 0.595342
2.966 0.594969
2.968 0.594567
2.970 0.594142
2.972 0.593701
2.974 0.593253
2.976 0.592801
2.978 0.592349
2.980 0.591897
2.982 0.591447
2.984 0.590998
2.986 0.590549
2.988 0.590101
2.990 0.589653
2.992 0.589205
2.994 0.588863
2.996 0.588416
2.998 0.587935
3.000 0.587455
3.002 0.586984
3.004 0.586523
3.006 0.586069
3.008 0.585619
3.010 0.585171
3.012 0.584724
3.014 0.584277
3.016 0.583829
3.018 0.583380
3.020 0.582932
3.022 0.582483
3.024 0.582034
3.026 0.581585
3.028 0.581136
3.030 0.580687
3.032 0.580238
3.034 0.579789
3.036 0.579340
3.038 0.578892
3.040 0.578443
3.042 0.578100
3.044 0.577864
3.046 0.577704
3.048 0.577163
3.050 0.576532
3.052 0.575930
3.054 0.575385
3.056 0.574886
3.058 0.574418
3.060 0.573966
3.062 0.573522
3.064 0.573080
3.066 0.572636
3.068 0.572190
3.070 0.571741
3.072 0.571292
3.074 0.570841
3.076 0.570390
3.078 0.569940
3.080 0.569489
3.082 0.569039
3.084 0.568589
3.086 0.568139
3.088 0.567689
3.090 0.567239
3.092 0.566789
3.094 0.566339
3.096 0.565889
3.098 0.565440
3.100 0.564990
3.102 0.564540
3.104 0.564091
3.106 0.563641
3.108 0.563191
3.110 0.562742
3.112 0.562292
3.114 0.561843
3.116 0.561393
3.118 0.560944
3.120 0.560494
3.122 0.560045
3.124 0.559595
3.126 0.559146
3.128 0.558697
3.130 0.558247
3.132 0.557798
3.134 0.557349
3.136 0.556899
3.138 0.556450
3.140 0.556001
3.142 0.555552
3.144 0.555102
3.146 0.554653
3.148 0.554204
3.150 0.553755
3.152 0.553305
3.154 0.552856
3.156 0.552407
3.158 0.551958
3.160 0.551509
3.162 0.551060
3.164 0.550611
3.166 0.550161
3.168 0.549712
3.170 0.549263
3.172 0.548814
3.174 0.548365
3.176 0.547916
3.178 0.547467
3.180 0.547018
3.182 0.546569
3.184 0.546120
3.186 0.545671
3.188 0.545222
3.190 0.544773
3.192 0.544324
3.194 0.543875
3.196 0.543426
3.198 0.542977
3.200 0.542528
3.202 0.542079
3.204 0.541630
3.206 0.541181
3.208 0.540732
3.210 0.540283
3.212 0.539834
3.214 0.539385
3.216 0.538936
3.218 0.538487
3.220 0.538038
3.222 0.537483
3.224 0.537032
3.226 0.536616
3.228 0.536199
3.230 0.535666
3.232 0.535228
3.234 0.534817
3.236 0.534401
3.238 0.533974
3.240 0.533536
3.242 0.533092
3.244 0.532644
3.246 0.532194
3.248 0.531744
3.250 0.531294
3.252 0.530845
3.254 0.530396
3.256 0.529947
3.258 0.529499
3.260 0.529050
3.262 0.528602
3.264 0.528153
3.266 0.527705
3.268 0.527256
3.270 0.526914
3.272 0.526466
3.274 0.525986
3.276 0.525505
3.278 0.525034
3.280 0.524573
3.282 0.524119
3.284 0.523669
3.286 0.523221
3.288 0.522773
3.290 0.522326
3.292 0.521878
3.294 0.521429
3.296 0.520980
3.298 0.520531
3.300 0.520082
3.302 0.519633
3.304 0.519184
3.306 0.518735
3.308 0.518286
3.310 0.517943
3.312 0.517496
3.314 0.517015
3.316 0.516534
3.318 0.516063
3.320 0.515601
3.322 0.515147
3.324 0.514696
3.326 0.514248
3.328 0.513800
3.330 0.513352
3.332 0.512904
3.334 0.512455
3.336 0.512006
3.338 0.511557
3.340 0.511108
3.342 0.510765
3.344 0.510317
3.346 0.509835
3.348 0.509354
3.350 0.508989
3.352 0.508529
3.354 0.508042
3.356 0.507559
3.358 0.507089
3.360 0.506628
3.362 0.506175
3.364 0.505725
3.366 0.505277
3.368 0.504829
3.370 0.504380
3.372 0.503932
3.374 0.503483
3.376 0.503033
3.378 0.502584
3.380 0.502134
3.382 0.501685
3.384 0.501235
3.386 0.500786
3.388 0.500336
3.390 0.499887
3.392 0.499438
3.394 0.498988
3.396 0.498539
3.398 0.498090
3.400 0.497640
3.402 0.497297
3.404 0.496849
3.406 0.496368
3.408 0.495887
3.410 0.495415
3.412 0.494954
3.414 0.494605
3.416 0.494262
3.418 0.493782
3.420 0.493270
3.422 0.492768
3.424 0.492285
3.426 0.491818
3.428 0.491362
3.430 0.490911
3.432 0.490464
3.434 0.490017
3.436 0.489569
3.438 0.489121
3.440 0.488672
3.442 0.488222
3.444 0.487772
3.446 0.487322
3.448 0.486979
3.450 0.486530
3.452 0.486154
3.454 0.485674
3.456 0.485171
3.458 0.484677
3.460 0.484200
3.462 0.483736
3.464 0.483282
3.466 0.482832
3.468 0.482384
3.470 0.481937
3.472 0.481489
3.474 0.481040
3.476 0.480591
3.478 0.480141
3.480 0.479691
3.482 0.479241
3.484 0.478792
3.486 0.478342
3.488 0.477892
3.490 0.477443
3.492 0.476993
3.494 0.476543
3.496 0.476094
3.498 0.475645
3.500 0.475195
3.502 0.474746
3.504 0.474296
3.506 0.473847
3.508 0.473397
3.510 0.472948
3.512 0.472499
3.514 0.472049
3.516 0.471600
3.518 0.471151
3.520 0.470702
3.522 0.470252
3.524 0.469803
3.526 0.469354
3.528 0.468905
3.530 0.468455
3.532 0.468006
3.534 0.467557
3.536 0.467108
3.538 0.466659
3.540 0.466210
3.542 0.465761
3.544 0.465311
3.546 0.464862
3.548 0.464413
3.550 0.463964
3.552 0.463621
3.554 0.463173
3.556 0.462692
3.558 0.462211
3.560 0.461740
3.562 0.461279
3.564 0.460824
3.566 0.460373
3.568 0.459925
3.570 0.459477
3.572 0.459029
3.574 0.458581
3.576 0.458132
3.578 0.457683
3.580 0.457234
3.582 0.456784
3.584 0.456335
3.586 0.455886
3.588 0.455437
3.590 0.454987
3.592 0.454538
3.594 0.454089
3.596 0.453640
3.598 0.453191
3.600 0.452742
3.602 0.452293
3.604 0.451844
3.606 0.451394
3.608 0.450945
3.610 0.450496
3.612 0.450047
3.614 0.449598
3.616 0.449149
3.618 0.448700
3.620 0.448251
3.622 0.447802
3.624 0.447353
3.626 0.446904
3.628 0.446455
3.630 0.446006
3.632 0.445557
3.634 0.445108
3.636 0.444659
3.638 0.444210
3.640 0.443867
3.642 0.443419
3.644 0.443044
3.646 0.442565
3.648 0.442061
3.650 0.441568
3.652 0.441091
3.654 0.440628
3.656 0.440174
3.658 0.439725
3.660 0.439278
3.662 0.438831
3.664 0.438383
3.666 0.437935
3.668 0.437486
3.670 0.437037
3.672 0.436587
3.674 0.436138
3.676 0.435688
3.678 0.435239
3.680 0.434789
3.682 0.434340
3.684 0.433891
3.686 0.433441
3.688 0.432992
3.690 0.432543
3.692 0.432094
3.694 0.431644
3.696 0.431195
3.698 0.430746
3.700 0.430297
3.702 0.429848
3.704 0.429398
3.706 0.428949
3.708 0.428500
3.710 0.428051
3.712 0.427602
3.714 0.427153
3.716 0.426704
3.718 0.426255
3.720 0.425805
3.722 0.425356
3.724 0.424907
3.726 0.424458
3.728 0.424009
3.730 0.423560
3.732 0.423111
3.734 0.422662
3.736 0.422213
3.738 0.421764
3.740 0.421315
3.742 0.420866
3.744 0.420417
3.746 0.419968
3.748 0.419519
3.750 0.418964
3.752 0.418514
3.754 0.418097
3.756 0.417680
3.758 0.417253
3.760 0.416816
3.762 0.416373
3.764 0.415925
3.766 0.415582
3.768 0.415133
3.770 0.414651
3.772 0.414169
3.774 0.413698
3.776 0.413236
3.778 0.412782
3.780 0.412332
3.782 0.411884
3.784 0.411436
3.786 0.410989
3.788 0.410541
3.790 0.410092
3.792 0.409643
3.794 0.409194
3.796 0.408851
3.798 0.408403
3.800 0.407922
3.802 0.407441
3.804 0.406970
3.806 0.406509
3.808 0.406054
3.810 0.405604
3.812 0.405155
3.814 0.404707
3.816 0.404259
3.818 0.403811
3.820 0.403362
3.822 0.402913
3.824 0.402464
3.826 0.402015
3.828 0.401566
3.830 0.401010
3.832 0.400560
3.834 0.400143
3.836 0.399726
3.838 0.399299
3.840 0.398862
3.842 0.398418
3.844 0.397971
3.846 0.397521
3.848 0.397071
3.850 0.396621
3.852 0.396171
3.854 0.395722
3.856 0.395273
3.858 0.394824
3.860 0.394375
3.862 0.393926
3.864 0.393584
3.866 0.393136
3.868 0.392655
3.870 0.392174
3.872 0.391703
3.874 0.391242
3.876 0.390788
3.878 0.390337
3.880 0.389889
3.882 0.389441
3.884 0.388993
3.886 0.388545
3.888 0.388097
3.890 0.387648
3.892 0.387199
3.894 0.386749
3.896 0.386300
3.898 0.385851
3.900 0.385402
3.902 0.384953
3.904 0.384504
3.906 0.384055
3.908 0.383606
3.910 0.383157
3.912 0.382708
3.914 0.382259
3.916 0.381810
3.918 0.381361
3.920 0.380912
3.922 0.380463
3.924 0.380014
3.926 0.379564
3.928 0.379221
3.930 0.378774
3.932 0.378293
3.934 0.377812
3.936 0.377341
3.938 0.376879
3.940 0.376425
3.942 0.375974
3.944 0.375526
3.946 0.375078
3.948 0.374630
3.950 0.374182
3.952 0.373733
3.954 0.373284
3.956 0.372835
3.958 0.372491
3.960 0.372043
3.962 0.371562
3.964 0.371081
3.966 0.370610
3.968 0.370148
3.970 0.369693
3.972 0.369243
3.974 0.368794
3.976 0.368346
3.978 0.367898
3.980 0.367450
3.982 0.367001
3.984 0.366552
3.986 0.366102
3.988 0.365653
3.990 0.365310
3.992 0.365074
3.994 0.364913
3.996 0.364583
3.998 0.363955
4.000 0.363289
4.002 0.362679
4.004 0.362135
4.006 0.361642
4.008 0.361179
4.010 0.360732
4.012 0.360290
4.014 0.359849
4.016 0.359404
4.018 0.358957
4.020 0.358508
4.022 0.358057
4.024 0.357605
4.026 0.357154
4.028 0.356703
4.030 0.356252
4.032 0.355801
4.034 0.355350
4.036 0.354900
4.038 0.354449
4.040 0.353999
4.042 0.353549
4.044 0.353099
4.046 0.352649
4.048 0.352198
4.050 0.351748
4.052 0.351298
4.054 0.350848
4.056 0.350398
4.058 0.349948
4.060 0.349499
4.062 0.349049
4.064 0.348599
4.066 0.348149
4.068 0.347700
4.070 0.347250
4.072 0.346800
4.074 0.346351
4.076 0.345901
4.078 0.345451
4.080 0.345002
4.082 0.344552
4.084 0.344103
4.086 0.343654
4.088 0.343204
4.090 0.342755
4.092 0.342305
4.094 0.341856
4.096 0.341407
4.098 0.340957
4.100 0.340508
4.102 0.340059
4.104 0.339610
4.106 0.339160
4.108 0.338711
4.110 0.338262
4.112 0.337813
4.114 0.337363
4.116 0.336914
4.118 0.336465
4.120 0.336016
4.122 0.335567
4.124 0.335118
4.126 0.334669
4.128 0.334220
4.130 0.333770
4.132 0.333321
4.134 0.332872
4.136 0.332423
4.138 0.331974
4.140 0.331525
4.142 0.331076
4.144 0.330627
4.146 0.330178
4.148 0.329729
4.150 0.329280
4.152 0.328831
4.154 0.328382
4.156 0.327933
4.158 0.327484
4.160 0.327035
4.162 0.326586
4.164 0.326137
4.166 0.325688
4.168 0.325239
4.170 0.324790
4.172 0.324341
4.174 0.323892
4.176 0.323443
4.178 0.322994
4.180 0.322545
4.182 0.322096
4.184 0.321648
4.186 0.321199
4.188 0.320750
4.190 0.320301
4.192 0.319852
4.194 0.319403
4.196 0.318954
4.198 0.318505
4.200 0.318056
4.202 0.317607
4.204 0.317158
4.206 0.316709
4.208 0.316260
4.210 0.315811
4.212 0.315363
4.214 0.314914
4.216 0.314465
4.218 0.314016
4.220 0.313567
4.222 0.313118
4.224 0.312669
4.226 0.312220
4.228 0.311771
4.230 0.311322
4.232 0.310873
4.234 0.310425
4.236 0.309976
4.238 0.309527
4.240 0.309078
4.242 0.308629
4.244 0.308180
4.246 0.307731
4.248 0.307282
4.250 0.306833
4.252 0.306384
4.254 0.305936
4.256 0.305487
4.258 0.305038
4.260 0.304589
4.262 0.304140
4.264 0.303691
4.266 0.303242
4.268 0.302793
4.270 0.302344
4.272 0.301895
4.274 0.301446
4.276 0.300997
4.278 0.300655
4.280 0.300207
4.282 0.299726
4.284 0.299245
4.286 0.298774
4.288 0.298313
4.290 0.297858
4.292 0.297408
4.294 0.296959
4.296 0.296512
4.298 0.296064
4.300 0.295616
4.302 0.295167
4.304 0.294718
4.306 0.294269
4.308 0.293820
4.310 0.293370
4.312 0.292921
4.314 0.292472
4.316 0.292023
4.318 0.291574
4.320 0.291125
4.322 0.290676
4.324 0.290226
4.326 0.289777
4.328 0.289328
4.330 0.288879
4.332 0.288430
4.334 0.287981
4.336 0.287532
4.338 0.287083
4.340 0.286634
4.342 0.286185
4.344 0.285736
4.346 0.285287
4.348 0.284838
4.350 0.284389
4.352 0.284046
4.354 0.283810
4.356 0.283332
4.358 0.282787
4.360 0.282252
4.362 0.281746
4.364 0.281267
4.366 0.280805
4.368 0.280353
4.370 0.279907
4.372 0.279461
4.374 0.279015
4.376 0.278568
4.378 0.278119
4.380 0.277670
4.382 0.277220
4.384 0.276770
4.386 0.276320
4.388 0.275871
4.390 0.275421
4.392 0.274971
4.394 0.274522
4.396 0.274072
4.398 0.273623
4.400 0.273173
4.402 0.272724
4.404 0.272275
4.406 0.271825
4.408 0.271376
4.410 0.270927
4.412 0.270477
4.414 0.270028
4.416 0.269579
4.418 0.269129
4.420 0.268680
4.422 0.268231
4.424 0.267782
4.426 0.267332
4.428 0.266883
4.430 0.266434
4.432 0.265985
4.434 0.265536
4.436 0.265086
4.438 0.264637
4.440 0.264188
4.442 0.263739
4.444 0.263290
4.446 0.262841
4.448 0.262392
4.450 0.261943
4.452 0.261600
4.454 0.261152
4.456 0.260671
4.458 0.260190
4.460 0.259718
4.462 0.259257
4.464 0.258802
4.466 0.258352
4.468 0.257903
4.470 0.257561
4.472 0.257327
4.474 0.257167
4.476 0.256626
4.478 0.255995
4.480 0.255499
4.482 0.255060
4.484 0.254530
4.486 0.253998
4.488 0.253492
4.490 0.253013
4.492 0.252552
4.494 0.252101
4.496 0.251654
4.498 0.251207
4.500 0.250759
4.502 0.250310
4.504 0.249860
4.506 0.249409
4.508 0.248958
4.510 0.248507
4.512 0.248056
4.514 0.247606
4.516 0.247155
4.518 0.246705
4.520 0.246254
4.522 0.245804
4.524 0.245354
4.526 0.244903
4.528 0.244453
4.530 0.244003
4.532 0.243553
4.534 0.242997
4.536 0.242546
4.538 0.242128
4.540 0.241710
4.542 0.241282
4.544 0.240845
4.546 0.240401
4.548 0.239953
4.550 0.239502
4.552 0.239051
4.554 0.238601
4.556 0.238150
4.558 0.237701
4.560 0.237251
4.562 0.236802
4.564 0.236353
4.566 0.235904
4.568 0.235454
4.570 0.235005
4.572 0.234556
4.574 0.234107
4.576 0.233658
4.578 0.233209
4.580 0.232759
4.582 0.232098
4.584 0.231540
4.586 0.231154
4.588 0.230801
4.590 0.230216
4.592 0.229493
4.594 0.228916
4.596 0.228527
4.598 0.228281
4.600 0.228017
4.602 0.227689
4.604 0.227304
4.606 0.226881
4.608 0.226437
4.610 0.225983
4.612 0.225527
4.614 0.225073
4.616 0.224622
4.618 0.224173
4.620 0.223726
4.622 0.223279
4.624 0.222833
4.626 0.222387
4.628 0.221941
4.630 0.221494
4.632 0.221153
4.634 0.220919
4.636 0.220443
4.638 0.219900
4.640 0.219366
4.642 0.218862
4.644 0.218384
4.646 0.217924
4.648 0.217474
4.650 0.217029
4.652 0.216585
4.654 0.216140
4.656 0.215694
4.658 0.215246
4.660 0.214798
4.662 0.214350
4.664 0.213901
4.666 0.213452
4.668 0.213003
4.670 0.212554
4.672 0.212106
4.674 0.211763
4.676 0.211316
4.678 0.210835
4.680 0.210460
4.682 0.209991
4.684 0.209498
4.686 0.209011
4.688 0.208539
4.690 0.208078
4.692 0.207625
4.694 0.207176
4.696 0.206728
4.698 0.206281
4.700 0.205833
4.702 0.205385
4.704 0.204936
4.706 0.204487
4.708 0.204037
4.710 0.203588
4.712 0.203139
4.714 0.202689
4.716 0.202240
4.718 0.201791
4.720 0.201342
4.722 0.200893
4.724 0.200443
4.726 0.199994
4.728 0.199545
4.730 0.199096
4.732 0.198647
4.734 0.198198
4.736 0.197748
4.738 0.197299
4.740 0.196850
4.742 0.196401
4.744 0.195952
4.746 0.195503
4.748 0.195054
4.750 0.194605
4.752 0.194156
4.754 0.193707
4.756 0.193258
4.758 0.192808
4.760 0.192359
4.762 0.191910
4.764 0.191461
4.766 0.191012
4.768 0.190563
4.770 0.190114
4.772 0.189665
4.774 0.189216
4.776 0.188767
4.778 0.188318
4.780 0.187869
4.782 0.187420
4.784 0.186971
4.786 0.186522
4.788 0.186073
4.790 0.185624
4.792 0.185175
4.794 0.184726
4.796 0.184277
4.798 0.183828
4.800 0.183379
4.802 0.182930
4.804 0.182481
4.806 0.182032
4.808 0.181583
4.810 0.181134
4.812 0.180685
4.814 0.180236
4.816 0.179787
4.818 0.179338
4.820 0.178889
4.822 0.178440
4.824 0.177991
4.826 0.177542
4.828 0.177093
4.830 0.176644
4.832 0.176195
4.834 0.175746
4.836 0.175297
4.838 0.174848
4.840 0.174399
4.842 0.173950
4.844 0.173501
4.846 0.173052
4.848 0.172603
4.850 0.172154
4.852 0.171705
4.854 0.171256
4.856 0.170807
4.858 0.170358
4.860 0.169909
4.862 0.169460
4.864 0.169011
4.866 0.168562
4.868 0.168113
4.870 0.167664
4.872 0.167215
4.874 0.166766
4.876 0.166318
4.878 0.165869
4.880 0.165420
4.882 0.164971
4.884 0.164522
4.886 0.164073
4.888 0.163624
4.890 0.163175
4.892 0.162726
4.894 0.162277
4.896 0.161828
4.898 0.161379
4.900 0.160930
4.902 0.160481
4.904 0.160032
4.906 0.159583
4.908 0.159134
4.910 0.158685
4.912 0.158342
4.914 0.157895
4.916 0.157414
4.918 0.156933
4.920 0.156462
4.922 0.156001
4.924 0.155546
4.926 0.155096
4.928 0.154647
4.930 0.154199
4.932 0.153751
4.934 0.153303
4.936 0.152855
4.938 0.152406
4.940 0.151956
4.942 0.151507
4.944 0.151058
4.946 0.150609
4.948 0.150159
4.950 0.149710
4.952 0.149367
4.954 0.148919
4.956 0.148438
4.958 0.147957
4.960 0.147486
4.962 0.147024
4.964 0.146570
4.966 0.146119
4.968 0.145671
4.970 0.145223
4.972 0.144775
4.974 0.144326
4.976 0.143878
4.978 0.143429
4.980 0.142979
4.982 0.142530
4.984 0.142081
4.986 0.141631
4.988 0.141182
4.990 0.140839
4.992 0.140391
4.994 0.139910
4.996 0.139428
4.998 0.138957
5.000 0.138496
5.002 0.138041
5.004 0.137590
5.006 0.137142
5.008 0.136694
5.010 0.136246
5.012 0.135797
5.014 0.135348
5.016 0.134899
5.018 0.134450
5.020 0.134000
5.022 0.133551
5.024 0.133102
5.026 0.132652
5.028 0.132203
5.030 0.131754
5.032 0.131305
5.034 0.130855
5.036 0.130406
5.038 0.129957
5.040 0.129508
5.042 0.129059
5.044 0.128610
5.046 0.128160
5.048 0.127711
5.050 0.127262
5.052 0.126813
5.054 0.126364
5.056 0.125915
5.058 0.125466
5.060 0.125017
5.062 0.124568
5.064 0.124118
5.066 0.123669
5.068 0.123220
5.070 0.122771
5.072 0.122322
5.074 0.121873
5.076 0.121424
5.078 0.121081
5.080 0.120633
5.082 0.120152
5.084 0.119671
5.086 0.119200
5.088 0.118739
5.090 0.118284
5.092 0.117834
5.094 0.117385
5.096 0.116937
5.098 0.116489
5.100 0.116041
5.102 0.115592
5.104 0.115143
5.106 0.114694
5.108 0.114245
5.110 0.113796
5.112 0.113346
5.114 0.112897
5.116 0.112448
5.118 0.111999
5.120 0.111550
5.122 0.111100
5.124 0.110651
5.126 0.110202
5.128 0.109753
5.130 0.109304
5.132 0.108855
5.134 0.108406
5.136 0.107957
5.138 0.107508
5.140 0.107059
5.142 0.106609
5.144 0.106160
5.146 0.105711
5.148 0.105262
5.150 0.104813
5.152 0.104364
5.154 0.103915
5.156 0.103466
5.158 0.103017
5.160 0.102568
5.162 0.102119
5.164 0.101670
5.166 0.101221
5.168 0.100772
5.170 0.100323
5.172 0.099874
5.174 0.099425
5.176 0.098976
5.178 0.098527
5.180 0.098078
5.182 0.097629
5.184 0.097180
5.186 0.096731
5.188 0.096282
5.190 0.095833
5.192 0.095384
5.194 0.094935
5.196 0.094486
5.198 0.094037
5.200 0.093589
5.202 0.093140
5.204 0.092691
5.206 0.092242
5.208 0.091793
5.210 0.091344
5.212 0.090895
5.214 0.090446
5.216 0.089997
5.218 0.089548
5.220 0.089099
5.222 0.088650
5.224 0.088201
5.226 0.087752
5.228 0.087303
5.230 0.086854
5.232 0.086405
5.234 0.085956
5.236 0.085507
5.238 0.085059
5.240 0.084610
5.242 0.084161
5.244 0.083712
5.246 0.083263
5.248 0.082814
5.250 0.082365
5.252 0.081916
5.254 0.081467
5.256 0.081018
5.258 0.080569
5.260 0.080120
5.262 0.079671
5.264 0.079222
5.266 0.078773
5.268 0.078325
5.270 0.077982
5.272 0.077746
5.274 0.077586
5.276 0.077044
5.278 0.076413
5.280 0.075812
5.282 0.075266
5.284 0.074767
5.286 0.074299
5.288 0.073848
5.290 0.073404
5.292 0.072961
5.294 0.072517
5.296 0.072071
5.298 0.071623
5.300 0.071173
5.302 0.070828
5.304 0.070379
5.306 0.069896
5.308 0.069413
5.310 0.068941
5.312 0.068479
5.314 0.068129
5.316 0.067679
5.318 0.067197
5.320 0.066717
5.322 0.066246
5.324 0.065784
5.326 0.065329
5.328 0.064878
5.330 0.064428
5.332 0.063980
5.334 0.063531
5.336 0.063082
5.338 0.062632
5.340 0.062182
5.342 0.061732
5.344 0.061282
5.346 0.060832
5.348 0.060382
5.350 0.059933
5.352 0.059483
5.354 0.059033
5.356 0.058583
5.358 0.058134
5.360 0.057684
5.362 0.057235
5.364 0.056785
5.366 0.056229
5.368 0.055779
5.370 0.055361
5.372 0.054944
5.374 0.054516
5.376 0.054079
5.378 0.053636
5.380 0.053294
5.382 0.052845
5.384 0.052363
5.386 0.051880
5.388 0.051408
5.390 0.050734
5.392 0.050171
5.394 0.049783
5.396 0.049430
5.398 0.049059
5.400 0.048764
5.402 0.048341
5.404 0.047869
5.406 0.047388
5.408 0.046914
5.410 0.046449
5.412 0.045991
5.414 0.045539
5.416 0.045091
5.418 0.044643
5.420 0.044196
5.422 0.043748
5.424 0.043300
5.426 0.042852
5.428 0.042403
5.430 0.041955
5.432 0.041612
5.434 0.041164
5.436 0.040683
5.438 0.040203
5.440 0.039732
5.442 0.039271
5.444 0.038816
5.446 0.038366
5.448 0.037918
5.450 0.037470
5.452 0.037022
5.454 0.036574
5.456 0.036126
5.458 0.035677
5.460 0.035228
5.462 0.034885
5.464 0.034437
5.466 0.033956
5.468 0.033475
5.470 0.033003
5.472 0.032542
5.474 0.032087
5.476 0.031637
5.478 0.031188
5.480 0.030740
5.482 0.030293
5.484 0.029844
5.486 0.029396
5.488 0.028947
5.490 0.028497
5.492 0.028048
5.494 0.027599
5.496 0.027149
5.498 0.026700
5.500 0.026251
5.502 0.025802
5.504 0.025353
5.506 0.024904
5.508 0.024455
5.510 0.024111
5.512 0.023770
5.514 0.023396
5.516 0.022990
5.518 0.022668
5.520 0.022123
5.522 0.021538
5.524 0.020983
5.526 0.020471
5.528 0.019992
5.530 0.019533
5.532 0.019084
5.534 0.018639
5.536 0.018195
5.538 0.017748
5.540 0.017301
5.542 0.016851
5.544 0.016401
5.546 0.015950
5.548 0.015500
5.550 0.015155
5.552 0.014706
5.554 0.014224
5.556 0.013742
5.558 0.013164
5.560 0.012700
5.562 0.012276
5.564 0.011857
5.566 0.011430
5.568 0.010993
5.570 0.010550
5.572 0.010103
5.574 0.009653
5.576 0.009202
5.578 0.008751
5.580 0.008300
5.582 0.007850
5.584 0.007400
5.586 0.006951
5.588 0.006501
5.590 0.006052
5.592 0.005709
5.594 0.005261
5.596 0.004779
5.598 0.004298
5.600 0.003826
5.602 0.003365
5.604 0.002910
5.606 0.002459
5.608 0.002010
5.610 0.001562
5.612 0.001114
5.614 0.000665
5.616 0.000217
5.618 -0.000233
5.620 -0.000682
5.622 -0.001132
5.624 -0.001581
5.626 -0.002030
5.628 -0.002480
5.630 -0.002929
5.632 -0.003378
5.634 -0.003828
5.636 -0.004277
5.638 -0.004726
5.640 -0.005175
5.642 -0.005625
5.644 -0.006074
5.646 -0.006523
5.648 -0.006972
5.650 -0.007421
5.652 -0.007977
5.654 -0.008427
5.656 -0.008844
5.658 -0.009261
5.660 -0.009688
5.662 -0.010125
5.664 -0.010568
5.666 -0.011016
5.668 -0.011466
5.670 -0.011916
5.672 -0.012366
5.674 -0.012816
5.676 -0.013265
5.678 -0.013714
5.680 -0.014163
5.682 -0.014611
5.684 -0.015060
5.686 -0.015509
5.688 -0.015958
5.690 -0.016406
5.692 -0.016855
5.694 -0.017304
5.696 -0.017753
5.698 -0.018202
5.700 -0.018651
5.702 -0.019099
5.704 -0.019548
5.706 -0.019997
5.708 -0.020446
5.710 -0.020895
5.712 -0.021343
5.714 -0.021686
5.716 -0.022134
5.718 -0.022615
5.720 -0.023096
5.722 -0.023567
5.724 -0.024028
5.726 -0.024482
5.728 -0.024933
5.730 -0.025381
5.732 -0.025829
5.734 -0.026276
5.736 -0.026725
5.738 -0.027173
5.740 -0.027622
5.742 -0.028071
5.744 -0.028520
5.746 -0.028970
5.748 -0.029419
5.750 -0.029762
5.752 -0.029998
5.754 -0.030476
5.756 -0.031021
5.758 -0.031556
5.760 -0.032062
5.762 -0.032542
5.764 -0.033003
5.766 -0.033455
5.768 -0.033902
5.770 -0.034347
5.772 -0.034793
5.774 -0.035241
5.776 -0.035689
5.778 -0.036139
5.780 -0.036588
5.782 -0.037038
5.784 -0.037488
5.786 -0.037938
5.788 -0.038388
5.790 -0.039049
5.792 -0.039713
5.794 -0.040313
5.796 -0.040744
5.798 -0.041022
5.800 -0.041306
5.802 -0.041644
5.804 -0.042032
5.806 -0.042455
5.808 -0.042900
5.810 -0.043353
5.812 -0.043809
5.814 -0.044263
5.816 -0.044716
5.818 -0.045166
5.820 -0.045614
5.822 -0.046061
5.824 -0.046509
5.826 -0.046956
5.828 -0.047403
5.830 -0.047851
5.832 -0.048299
5.834 -0.048641
5.836 -0.049087
5.838 -0.049567
5.840 -0.050047
5.842 -0.050411
5.844 -0.050871
5.846 -0.051356
5.848 -0.051838
5.850 -0.052308
5.852 -0.052767
5.854 -0.053220
5.856 -0.053669
5.858 -0.054117
5.860 -0.054564
5.862 -0.055011
5.864 -0.055459
5.866 -0.055908
5.868 -0.056357
5.870 -0.056805
5.872 -0.057254
5.874 -0.057703
5.876 -0.058152
5.878 -0.058495
5.880 -0.058837
5.882 -0.059316
5.884 -0.059829
5.886 -0.060332
5.888 -0.060816
5.890 -0.061283
5.892 -0.061739
5.894 -0.062189
5.896 -0.062636
5.898 -0.063083
5.900 -0.063530
5.902 -0.063978
5.904 -0.064426
5.906 -0.064875
5.908 -0.065325
5.910 -0.065774
5.912 -0.066224
5.914 -0.066567
5.916 -0.067016
5.918 -0.067497
5.920 -0.067978
5.922 -0.068450
5.924 -0.068911
5.926 -0.069366
5.928 -0.069817
5.930 -0.070266
5.932 -0.070714
5.934 -0.071162
5.936 -0.071610
5.938 -0.072059
5.940 -0.072508
5.942 -0.072958
5.944 -0.073407
5.946 -0.073857
5.948 -0.074306
5.950 -0.074755
5.952 -0.075205
5.954 -0.075654
5.956 -0.076103
5.958 -0.076553
5.960 -0.077002
5.962 -0.077451
5.964 -0.077794
5.966 -0.078242
5.968 -0.078724
5.970 -0.079205
5.972 -0.079676
5.974 -0.080032
5.976 -0.080485
5.978 -0.080968
5.980 -0.081448
5.982 -0.081919
5.984 -0.082379
5.986 -0.082833
5.988 -0.083283
5.990 -0.083732
5.992 -0.084180
5.994 -0.084628
5.996 -0.085077
5.998 -0.085526
6.000 -0.085976
6.002 -0.086425
6.004 -0.086875
6.006 -0.087324
6.008 -0.087774
6.010 -0.088223
6.012 -0.088673
6.014 -0.089122
6.016 -0.089571
6.018 -0.090021
6.020 -0.090470
6.022 -0.090919
6.024 -0.091369
6.026 -0.091818
6.028 -0.092267
6.030 -0.092610
6.032 -0.093371
6.034 -0.094066
6.036 -0.094559
6.038 -0.094872
6.040 -0.095172
6.042 -0.095514
6.044 -0.095902
6.046 -0.096323
6.048 -0.096764
6.050 -0.097215
6.052 -0.097670
6.054 -0.098125
6.056 -0.098578
6.058 -0.099028
6.060 -0.099478
6.062 -0.099926
6.064 -0.100373
6.066 -0.100821
6.068 -0.101269
6.070 -0.101717
6.072 -0.102165
6.074 -0.102613
6.076 -0.103062
6.078 -0.103510
6.080 -0.103959
6.082 -0.104407
6.084 -0.104855
6.086 -0.105304
6.088 -0.105752
6.090 -0.106201
6.092 -0.106649
6.094 -0.107098
6.096 -0.107546
6.098 -0.107995
6.100 -0.108443
6.102 -0.108786
6.104 -0.109127
6.106 -0.109606
6.108 -0.110119
6.110 -0.110622
6.112 -0.111105
6.114 -0.111571
6.116 -0.112027
6.118 -0.112477
6.120 -0.112924
6.122 -0.113370
6.124 -0.113817
6.126 -0.114265
6.128 -0.114713
6.130 -0.115162
6.132 -0.115612
6.134 -0.116061
6.136 -0.116510
6.138 -0.116959
6.140 -0.117409
6.142 -0.117858
6.144 -0.118307
6.146 -0.118756
6.148 -0.119205
6.150 -0.119654
6.152 -0.120103
6.154 -0.120552
6.156 -0.121001
6.158 -0.121451
6.160 -0.121900
6.162 -0.122349
6.164 -0.122798
6.166 -0.123247
6.168 -0.123696
6.170 -0.124145
6.172 -0.124594
6.174 -0.125043
6.176 -0.125492
6.178 -0.125941
6.180 -0.126390
6.182 -0.126839
6.184 -0.127288
6.186 -0.127737
6.188 -0.128186
6.190 -0.128635
6.192 -0.129084
6.194 -0.129533
6.196 -0.129982
6.198 -0.130431
6.200 -0.130880
6.202 -0.131329
6.204 -0.131778
6.206 -0.132227
6.208 -0.132676
6.210 -0.133125
6.212 -0.133574
6.214 -0.134023
6.216 -0.134472
6.218 -0.134921
6.220 -0.135370
6.222 -0.135819
6.224 -0.136268
6.226 -0.136717
6.228 -0.137166
6.230 -0.137615
6.232 -0.137958
6.234 -0.138299
6.236 -0.138779
6.238 -0.139292
6.240 -0.139795
6.242 -0.140596
6.244 -0.141385
6.246 -0.141961
6.248 -0.142328
6.250 -0.142550
6.252 -0.142797
6.254 -0.143114
6.256 -0.143494
6.258 -0.143916
6.260 -0.144361
6.262 -0.144817
6.264 -0.145275
6.266 -0.145731
6.268 -0.146184
6.270 -0.146634
6.272 -0.147081
6.274 -0.147528
6.276 -0.148081
6.278 -0.148635
6.280 -0.149157
6.282 -0.149542
6.284 -0.149903
6.286 -0.150284
6.288 -0.150692
6.290 -0.151120
6.292 -0.151561
6.294 -0.152009
6.296 -0.152460
6.298 -0.152911
6.300 -0.153361
6.302 -0.153704
6.304 -0.154150
6.306 -0.154630
6.308 -0.155109
6.310 -0.155578
6.312 -0.156038
6.314 -0.156491
6.316 -0.156940
6.318 -0.157388
6.320 -0.157834
6.322 -0.158281
6.324 -0.158728
6.326 -0.159176
6.328 -0.159624
6.330 -0.160072
6.332 -0.160414
6.334 -0.160861
6.336 -0.161342
6.338 -0.161822
6.340 -0.162292
6.342 -0.162753
6.344 -0.163207
6.346 -0.163657
6.348 -0.164105
6.350 -0.164552
6.352 -0.165000
6.354 -0.165448
6.356 -0.165896
6.358 -0.166344
6.360 -0.166793
6.362 -0.167242
6.364 -0.167585
6.366 -0.168033
6.368 -0.168514
6.370 -0.168995
6.372 -0.169466
6.374 -0.169927
6.376 -0.170381
6.378 -0.170832
6.380 -0.171280
6.382 -0.171728
6.384 -0.172176
6.386 -0.172624
6.388 -0.173072
6.390 -0.173521
6.392 -0.173865
6.394 -0.174312
6.396 -0.174794
6.398 -0.175275
6.400 -0.175746
6.402 -0.176102
6.404 -0.176555
6.406 -0.177038
6.408 -0.177518
6.410 -0.177989
6.412 -0.178449
6.414 -0.178903
6.416 -0.179353
6.418 -0.179802
6.420 -0.180250
6.422 -0.180698
6.424 -0.181147
6.426 -0.181596
6.428 -0.182045
6.430 -0.182495
6.432 -0.182945
6.434 -0.183394
6.436 -0.183844
6.438 -0.184293
6.440 -0.184742
6.442 -0.185192
6.444 -0.185641
6.446 -0.186091
6.448 -0.186540
6.450 -0.186989
6.452 -0.187439
6.454 -0.187888
6.456 -0.188337
6.458 -0.188786
6.460 -0.189236
6.462 -0.189685
6.464 -0.190134
6.466 -0.190583
6.468 -0.191032
6.470 -0.191482
6.472 -0.191825
6.474 -0.192273
6.476 -0.192754
6.478 -0.193235
6.480 -0.193706
6.482 -0.194168
6.484 -0.194517
6.486 -0.194966
6.488 -0.195447
6.490 -0.195927
6.492 -0.196397
6.494 -0.196858
6.496 -0.197312
6.498 -0.197763
6.500 -0.198212
6.502 -0.198660
6.504 -0.199108
6.506 -0.199557
6.508 -0.200006
6.510 -0.200455
6.512 -0.200904
6.514 -0.201354
6.516 -0.201804
6.518 -0.202253
6.520 -0.202702
6.522 -0.203152
6.524 -0.203601
6.526 -0.204051
6.528 -0.204500
6.530 -0.204949
6.532 -0.205398
6.534 -0.205848
6.536 -0.206297
6.538 -0.206746
6.540 -0.207195
6.542 -0.207645
6.544 -0.208094
6.546 -0.208543
6.548 -0.208992
6.550 -0.209441
6.552 -0.209891
6.554 -0.210340
6.556 -0.210789
6.558 -0.211344
6.560 -0.211795
6.562 -0.212212
6.564 -0.212629
6.566 -0.213056
6.568 -0.213492
6.570 -0.213936
6.572 -0.214384
6.574 -0.214833
6.576 -0.215283
6.578 -0.215734
6.580 -0.216183
6.582 -0.216633
6.584 -0.217082
6.586 -0.217530
6.588 -0.217979
6.590 -0.218322
6.592 -0.218769
6.594 -0.219250
6.596 -0.219731
6.598 -0.220202
6.600 -0.220663
6.602 -0.221117
6.604 -0.221568
6.606 -0.222016
6.608 -0.222464
6.610 -0.222912
6.612 -0.223360
6.614 -0.223808
6.616 -0.224257
6.618 -0.224706
6.620 -0.225156
6.622 -0.225605
6.624 -0.226054
6.626 -0.226503
6.628 -0.226952
6.630 -0.227401
6.632 -0.227850
6.634 -0.228299
6.636 -0.228748
6.638 -0.229197
6.640 -0.229646
6.642 -0.230095
6.644 -0.230544
6.646 -0.231099
6.648 -0.231550
6.650 -0.231967
6.652 -0.232384
6.654 -0.232811
6.656 -0.233247
6.658 -0.233691
6.660 -0.234138
6.662 -0.234587
6.664 -0.235038
6.666 -0.235488
6.668 -0.235937
6.670 -0.236387
6.672 -0.236836
6.674 -0.237284
6.676 -0.237839
6.678 -0.238607
6.680 -0.239240
6.682 -0.239775
6.684 -0.240150
6.686 -0.240394
6.688 -0.240659
6.690 -0.240989
6.692 -0.241375
6.694 -0.241800
6.696 -0.242246
6.698 -0.242700
6.700 -0.243157
6.702 -0.243611
6.704 -0.244063
6.706 -0.244512
6.708 -0.244959
6.710 -0.245405
6.712 -0.245852
6.714 -0.246298
6.716 -0.246745
6.718 -0.247192
6.720 -0.247639
6.722 -0.248086
6.724 -0.248533
6.726 -0.248981
6.728 -0.249428
6.730 -0.249876
6.732 -0.250323
6.734 -0.250771
6.736 -0.251219
6.738 -0.251666
6.740 -0.252114
6.742 -0.252562
6.744 -0.253010
6.746 -0.253458
6.748 -0.253906
6.750 -0.254354
6.752 -0.254802
6.754 -0.255250
6.756 -0.255698
6.758 -0.256146
6.760 -0.256594
6.762 -0.257043
6.764 -0.257491
6.766 -0.257833
6.768 -0.258280
6.770 -0.258761
6.772 -0.259241
6.774 -0.259711
6.776 -0.260172
6.778 -0.260626
6.780 -0.261076
6.782 -0.261524
6.784 -0.261972
6.786 -0.262419
6.788 -0.262867
6.790 -0.263315
6.792 -0.263764
6.794 -0.264213
6.796 -0.264662
6.798 -0.265111
6.800 -0.265559
6.802 -0.266008
6.804 -0.266457
6.806 -0.266906
6.808 -0.267355
6.810 -0.267804
6.812 -0.268253
6.814 -0.268702
6.816 -0.269151
6.818 -0.269600
6.820 -0.270048
6.822 -0.270497
6.824 -0.270946
6.826 -0.271395
6.828 -0.271844
6.830 -0.272293
6.832 -0.272742
6.834 -0.273191
6.836 -0.273640
6.838 -0.274089
6.840 -0.274538
6.842 -0.274987
6.844 -0.275436
6.846 -0.275885
6.848 -0.276334
6.850 -0.276677
6.852 -0.277124
6.854 -0.277605
6.856 -0.278086
6.858 -0.278557
6.860 -0.279019
6.862 -0.279473
6.864 -0.279924
6.866 -0.280372
6.868 -0.280820
6.870 -0.281268
6.872 -0.281716
6.874 -0.282165
6.876 -0.282614
6.878 -0.283063
6.880 -0.283512
6.882 -0.283962
6.884 -0.284411
6.886 -0.284860
6.888 -0.285309
6.890 -0.285758
6.892 -0.286208
6.894 -0.286657
6.896 -0.287106
6.898 -0.287555
6.900 -0.288004
6.902 -0.288347
6.904 -0.288795
6.906 -0.289276
6.908 -0.289757
6.910 -0.290228
6.912 -0.290690
6.914 -0.291145
6.916 -0.291595
6.918 -0.292044
6.920 -0.292492
6.922 -0.292940
6.924 -0.293388
6.926 -0.293837
6.928 -0.294286
6.930 -0.294735
6.932 -0.295185
6.934 -0.295634
6.936 -0.296083
6.938 -0.296533
6.940 -0.296982
6.942 -0.297431
6.944 -0.297880
6.946 -0.298329
6.948 -0.298779
6.950 -0.299228
6.952 -0.299571
6.954 -0.299913
6.956 -0.300393
6.958 -0.300906
6.960 -0.301409
6.962 -0.301893
6.964 -0.302360
6.966 -0.302816
6.968 -0.303160
6.970 -0.303606
6.972 -0.304085
6.974 -0.304564
6.976 -0.305035
6.978 -0.305496
6.980 -0.305951
6.982 -0.306402
6.984 -0.306851
6.986 -0.307300
6.988 -0.307748
6.990 -0.308091
6.992 -0.308539
6.994 -0.309020
6.996 -0.309502
6.998 -0.309974
7.000 -0.310436
7.002 -0.310785
7.004 -0.311235
7.006 -0.311716
7.008 -0.312196
7.010 -0.312666
7.012 -0.313128
7.014 -0.313582
7.016 -0.314033
7.018 -0.314482
7.020 -0.314931
7.022 -0.315379
7.024 -0.315828
7.026 -0.316278
7.028 -0.316727
7.030 -0.317177
7.032 -0.317627
7.034 -0.318076
7.036 -0.318526
7.038 -0.318976
7.040 -0.319425
7.042 -0.319875
7.044 -0.320324
7.046 -0.320774
7.048 -0.321223
7.050 -0.321672
7.052 -0.322122
7.054 -0.322571
7.056 -0.323021
7.058 -0.323470
7.060 -0.323919
7.062 -0.324369
7.064 -0.324818
7.066 -0.325267
7.068 -0.325716
7.070 -0.326166
7.072 -0.326509
7.074 -0.326745
7.076 -0.326906
7.078 -0.327235
7.080 -0.327758
7.082 -0.328316
7.084 -0.328957
7.086 -0.329564
7.088 -0.330111
7.090 -0.330609
7.092 -0.331074
7.094 -0.331523
7.096 -0.331966
7.098 -0.332408
7.100 -0.332853
7.102 -0.333301
7.104 -0.333750
7.106 -0.334202
7.108 -0.334653
7.110 -0.334999
7.112 -0.335449
7.114 -0.335933
7.116 -0.336416
7.118 -0.336889
7.120 -0.337352
7.122 -0.337808
7.124 -0.338260
7.126 -0.338710
7.128 -0.339159
7.130 -0.339609
7.132 -0.340058
7.134 -0.340508
7.136 -0.340959
7.138 -0.341409
7.140 -0.341860
7.142 -0.342310
7.144 -0.342760
7.146 -0.343210
7.148 -0.343661
7.150 -0.344111
7.152 -0.344561
7.154 -0.345011
7.156 -0.345460
7.158 -0.345910
7.160 -0.346360
7.162 -0.346810
7.164 -0.347260
7.166 -0.347709
7.168 -0.348159
7.170 -0.348609
7.172 -0.349058
7.174 -0.349508
7.176 -0.349958
7.178 -0.350407
7.180 -0.350857
7.182 -0.351306
7.184 -0.351755
7.186 -0.352205
7.188 -0.352654
7.190 -0.353104
7.192 -0.353447
7.194 -0.353789
7.196 -0.354269
7.198 -0.354782
7.200 -0.355286
7.202 -0.355769
7.204 -0.356237
7.206 -0.356693
7.208 -0.357143
7.210 -0.357591
7.212 -0.358038
7.214 -0.358485
7.216 -0.358933
7.218 -0.359382
7.220 -0.359831
7.222 -0.360281
7.224 -0.360731
7.226 -0.361180
7.228 -0.361630
7.230 -0.362080
7.232 -0.362529
7.234 -0.362978
7.236 -0.363428
7.238 -0.363877
7.240 -0.364539
7.242 -0.365097
7.244 -0.365483
7.246 -0.365836
7.248 -0.366209
7.250 -0.366612
7.252 -0.367037
7.254 -0.367478
7.256 -0.367927
7.258 -0.368379
7.260 -0.368831
7.262 -0.369283
7.264 -0.369733
7.266 -0.370183
7.268 -0.370631
7.270 -0.371079
7.272 -0.371528
7.274 -0.371976
7.276 -0.372424
7.278 -0.372872
7.280 -0.373321
7.282 -0.373770
7.284 -0.374218
7.286 -0.374773
7.288 -0.375223
7.290 -0.375639
7.292 -0.376056
7.294 -0.376482
7.296 -0.376918
7.298 -0.377361
7.300 -0.377808
7.302 -0.378257
7.304 -0.378707
7.306 -0.379157
7.308 -0.379606
7.310 -0.380055
7.312 -0.380504
7.314 -0.380952
7.316 -0.381401
7.318 -0.381849
7.320 -0.382298
7.322 -0.382746
7.324 -0.383195
7.326 -0.383643
7.328 -0.384092
7.330 -0.384540
7.332 -0.384989
7.334 -0.385437
7.336 -0.385886
7.338 -0.386335
7.340 -0.386783
7.342 -0.387232
7.344 -0.387681
7.346 -0.388129
7.348 -0.388578
7.350 -0.389027
7.352 -0.389475
7.354 -0.389924
7.356 -0.390373
7.358 -0.390821
7.360 -0.391270
7.362 -0.391719
7.364 -0.392168
7.366 -0.392616
7.368 -0.393065
7.370 -0.393514
7.372 -0.393963
7.374 -0.394411
7.376 -0.394860
7.378 -0.395309
7.380 -0.395758
7.382 -0.396207
7.384 -0.396655
7.386 -0.397104
7.388 -0.397553
7.390 -0.398002
7.392 -0.398345
7.394 -0.398580
7.396 -0.398741
7.398 -0.398858
7.400 -0.398953
7.402 -0.399589
7.404 -0.400376
7.406 -0.401108
7.408 -0.401742
7.410 -0.402292
7.412 -0.402786
7.414 -0.403248
7.416 -0.403695
7.418 -0.404139
7.420 -0.404585
7.422 -0.405036
7.424 -0.405490
7.426 -0.405946
7.428 -0.406403
7.430 -0.406861
7.432 -0.407318
7.434 -0.407775
7.436 -0.408231
7.438 -0.408686
7.440 -0.409141
7.442 -0.409596
7.444 -0.409945
7.446 -0.410397
7.448 -0.410883
7.450 -0.411369
7.452 -0.411845
7.454 -0.412311
7.456 -0.412769
7.458 -0.413224
7.460 -0.413676
7.462 -0.414127
7.464 -0.414579
7.466 -0.415030
7.468 -0.415482
7.470 -0.415934
7.472 -0.416386
7.474 -0.416838
7.476 -0.417289
7.478 -0.417741
7.480 -0.418192
7.482 -0.418644
7.484 -0.419095
7.486 -0.419546
7.488 -0.419996
7.490 -0.420447
7.492 -0.420898
7.494 -0.421348
7.496 -0.421799
7.498 -0.422249
7.500 -0.422700
7.502 -0.423150
7.504 -0.423600
7.506 -0.424050
7.508 -0.424500
7.510 -0.424950
7.512 -0.425400
7.514 -0.425849
7.516 -0.426299
7.518 -0.426749
7.520 -0.427198
7.522 -0.427648
7.524 -0.428097
7.526 -0.428547
7.528 -0.428996
7.530 -0.429445
7.532 -0.429789
7.534 -0.430237
7.536 -0.430718
7.538 -0.431199
7.540 -0.431670
7.542 -0.432132
7.544 -0.432587
7.546 -0.433037
7.548 -0.433486
7.550 -0.433934
7.552 -0.434381
7.554 -0.434830
7.556 -0.435278
7.558 -0.435727
7.560 -0.436070
7.562 -0.436518
7.564 -0.437000
7.566 -0.437481
7.568 -0.437952
7.570 -0.438413
7.572 -0.438868
7.574 -0.439318
7.576 -0.439767
7.578 -0.440215
7.580 -0.440662
7.582 -0.441111
7.584 -0.441559
7.586 -0.442008
7.588 -0.442457
7.590 -0.442906
7.592 -0.443356
7.594 -0.443805
7.596 -0.444254
7.598 -0.444703
7.600 -0.445152
7.602 -0.445601
7.604 -0.446050
7.606 -0.446499
7.608 -0.446948
7.610 -0.447397
7.612 -0.447845
7.614 -0.448294
7.616 -0.448743
7.618 -0.449192
7.620 -0.449641
7.622 -0.450090
7.624 -0.450539
7.626 -0.450987
7.628 -0.451436
7.630 -0.451885
7.632 -0.452334
7.634 -0.452783
7.636 -0.453232
7.638 -0.453681
7.640 -0.454129
7.642 -0.454578
7.644 -0.455027
7.646 -0.455476
7.648 -0.455819
7.650 -0.456160
7.652 -0.456534
7.654 -0.457045
7.656 -0.457580
7.658 -0.458095
7.660 -0.458584
7.662 -0.459052
7.664 -0.459508
7.666 -0.459957
7.668 -0.460403
7.670 -0.460848
7.672 -0.461295
7.674 -0.461743
7.676 -0.462192
7.678 -0.462641
7.680 -0.463091
7.682 -0.463540
7.684 -0.463990
7.686 -0.464440
7.688 -0.464889
7.690 -0.465338
7.692 -0.465788
7.694 -0.466237
7.696 -0.466686
7.698 -0.467135
7.700 -0.467479
7.702 -0.467821
7.704 -0.468301
7.706 -0.468814
7.708 -0.469317
7.710 -0.469801
7.712 -0.470268
7.714 -0.470724
7.716 -0.471174
7.718 -0.471622
7.720 -0.472069
7.722 -0.472516
7.724 -0.472964
7.726 -0.473413
7.728 -0.473862
7.730 -0.474312
7.732 -0.474762
7.734 -0.475317
7.736 -0.475768
7.738 -0.476186
7.740 -0.476603
7.742 -0.477030
7.744 -0.477467
7.746 -0.477911
7.748 -0.478359
7.750 -0.478702
7.752 -0.479046
7.754 -0.479527
7.756 -0.480041
7.758 -0.480544
7.760 -0.481028
7.762 -0.481495
7.764 -0.481951
7.766 -0.482401
7.768 -0.482848
7.770 -0.483295
7.772 -0.483742
7.774 -0.484190
7.776 -0.484638
7.778 -0.485088
7.780 -0.485537
7.782 -0.485987
7.784 -0.486436
7.786 -0.486886
7.788 -0.487335
7.790 -0.487784
7.792 -0.488233
7.794 -0.488683
7.796 -0.489132
7.798 -0.489581
7.800 -0.490030
7.802 -0.490480
7.804 -0.490929
7.806 -0.491378
7.808 -0.491827
7.810 -0.492276
7.812 -0.492725
7.814 -0.493174
7.816 -0.493624
7.818 -0.494073
7.820 -0.494522
7.822 -0.494971
7.824 -0.495420
7.826 -0.495869
7.828 -0.496318
7.830 -0.496767
7.832 -0.497322
7.834 -0.497772
7.836 -0.498189
7.838 -0.498607
7.840 -0.499033
7.842 -0.499470
7.844 -0.499913
7.846 -0.500361
7.848 -0.500810
7.850 -0.501261
7.852 -0.501711
7.854 -0.502160
7.856 -0.502610
7.858 -0.503059
7.860 -0.503507
7.862 -0.503956
7.864 -0.504405
7.866 -0.504853
7.868 -0.505302
7.870 -0.505751
7.872 -0.506200
7.874 -0.506648
7.876 -0.507097
7.878 -0.507546
7.880 -0.507995
7.882 -0.508443
7.884 -0.508892
7.886 -0.509341
7.888 -0.509790
7.890 -0.510239
7.892 -0.510687
7.894 -0.511136
7.896 -0.511585
7.898 -0.512034
7.900 -0.512483
7.902 -0.512932
7.904 -0.513380
7.906 -0.513829
7.908 -0.514278
7.910 -0.514727
7.912 -0.515176
7.914 -0.515625
7.916 -0.516074
7.918 -0.516522
7.920 -0.516971
7.922 -0.517420
7.924 -0.517869
7.926 -0.518318
7.928 -0.518767
7.930 -0.519110
7.932 -0.519557
7.934 -0.520038
7.936 -0.520519
7.938 -0.520990
7.940 -0.521451
7.942 -0.521906
7.944 -0.522356
7.946 -0.522804
7.948 -0.523146
7.950 -0.523593
7.952 -0.524073
7.954 -0.524553
7.956 -0.525024
7.958 -0.525486
7.960 -0.525941
7.962 -0.526392
7.964 -0.526840
7.966 -0.527182
7.968 -0.527629
7.970 -0.528109
7.972 -0.528590
7.974 -0.529061
7.976 -0.529523
7.978 -0.529978
7.980 -0.530429
7.982 -0.530878
7.984 -0.531326
7.986 -0.531774
7.988 -0.532222
7.990 -0.532671
7.992 -0.533121
7.994 -0.533570
7.996 -0.534020
7.998 -0.534469
8.000 -0.534918
8.002 -0.535368
8.004 -0.535817
8.006 -0.536267
8.008 -0.536716
8.010 -0.537165
8.012 -0.537614
8.014 -0.538064
8.016 -0.538513
8.018 -0.538962
8.020 -0.539411
8.022 -0.539860
8.024 -0.540310
8.026 -0.540759
8.028 -0.541208
8.030 -0.541657
8.032 -0.542000
8.034 -0.542448
8.036 -0.542929
8.038 -0.543410
8.040 -0.543882
8.042 -0.544343
8.044 -0.544798
8.046 -0.545249
8.048 -0.545697
8.050 -0.546145
8.052 -0.546593
8.054 -0.547041
8.056 -0.547490
8.058 -0.547939
8.060 -0.548388
8.062 -0.548838
8.064 -0.549287
8.066 -0.549736
8.068 -0.550186
8.070 -0.550635
8.072 -0.551084
8.074 -0.551533
8.076 -0.551983
8.078 -0.552326
8.080 -0.552668
8.082 -0.553041
8.084 -0.553553
8.086 -0.553983
8.088 -0.554285
8.090 -0.554592
8.092 -0.555048
8.094 -0.555652
8.096 -0.556254
8.098 -0.556807
8.100 -0.557313
8.102 -0.557786
8.104 -0.558240
8.106 -0.558686
8.108 -0.559130
8.110 -0.559575
8.112 -0.559916
8.114 -0.560364
8.116 -0.560846
8.118 -0.561435
8.120 -0.561910
8.122 -0.562342
8.124 -0.562766
8.126 -0.563197
8.128 -0.563634
8.130 -0.564078
8.132 -0.564526
8.134 -0.564976
8.136 -0.565427
8.138 -0.565879
8.140 -0.566330
8.142 -0.566781
8.144 -0.567231
8.146 -0.567681
8.148 -0.568131
8.150 -0.568581
8.152 -0.569031
8.154 -0.569481
8.156 -0.569931
8.158 -0.570380
8.160 -0.570830
8.162 -0.571280
8.164 -0.571624
8.166 -0.572072
8.168 -0.572554
8.170 -0.573035
8.172 -0.573507
8.174 -0.573969
8.176 -0.574424
8.178 -0.574875
8.180 -0.575324
8.182 -0.575772
8.184 -0.576220
8.186 -0.576669
8.188 -0.577118
8.190 -0.577567
8.192 -0.578017
8.194 -0.578361
8.196 -0.578809
8.198 -0.579290
8.200 -0.579772
8.202 -0.580243
8.204 -0.580705
8.206 -0.581160
8.208 -0.581611
8.210 -0.582060
8.212 -0.582508
8.214 -0.582956
8.216 -0.583405
8.218 -0.583854
8.220 -0.584303
8.222 -0.584753
8.224 -0.585202
8.226 -0.585652
8.228 -0.586101
8.230 -0.586550
8.232 -0.587000
8.234 -0.587449
8.236 -0.587898
8.238 -0.588348
8.240 -0.588797
8.242 -0.589246
8.244 -0.589695
8.246 -0.590145
8.248 -0.590488
8.250 -0.590936
8.252 -0.591311
8.254 -0.591791
8.256 -0.592294
8.258 -0.592788
8.260 -0.593265
8.262 -0.593728
8.264 -0.594076
8.266 -0.594524
8.268 -0.595004
8.270 -0.595483
8.272 -0.595952
8.274 -0.596625
8.276 -0.597295
8.278 -0.597790
8.280 -0.598112
8.282 -0.598421
8.284 -0.598768
8.286 -0.599159
8.288 -0.599581
8.290 -0.599917
8.292 -0.600367
8.294 -0.600854
8.296 -0.601340
8.298 -0.601815
8.300 -0.602278
8.302 -0.602733
8.304 -0.603183
8.306 -0.603630
8.308 -0.604077
8.310 -0.604630
8.312 -0.605078
8.314 -0.605494
8.316 -0.605911
8.318 -0.606337
8.320 -0.606774
8.322 -0.607217
8.324 -0.607664
8.326 -0.608113
8.328 -0.608563
8.330 -0.609013
8.332 -0.609462
8.334 -0.609911
8.336 -0.610360
8.338 -0.610809
8.340 -0.611257
8.342 -0.611599
8.344 -0.612047
8.346 -0.612527
8.348 -0.613008
8.350 -0.613478
8.352 -0.613939
8.354 -0.614394
8.356 -0.614844
8.358 -0.615504
8.360 -0.616166
8.362 -0.616658
8.364 -0.616979
8.366 -0.617287
8.368 -0.617635
8.370 -0.618026
8.372 -0.618448
8.374 -0.618890
8.376 -0.619340
8.378 -0.619794
8.380 -0.620248
8.382 -0.620700
8.384 -0.621150
8.386 -0.621599
8.388 -0.622047
8.390 -0.622494
8.392 -0.622941
8.394 -0.623389
8.396 -0.623837
8.398 -0.624285
8.400 -0.624733
8.402 -0.625181
8.404 -0.625629
8.406 -0.626077
8.408 -0.626525
8.410 -0.626973
8.412 -0.627421
8.414 -0.627870
8.416 -0.628318
8.418 -0.628766
8.420 -0.629214
8.422 -0.629663
8.424 -0.630111
8.426 -0.630560
8.428 -0.631008
8.430 -0.631562
8.432 -0.632012
8.434 -0.632429
8.436 -0.632845
8.438 -0.633272
8.440 -0.633708
8.442 -0.634151
8.444 -0.634598
8.446 -0.635047
8.448 -0.635496
8.450 -0.635946
8.452 -0.636396
8.454 -0.636844
8.456 -0.637293
8.458 -0.637741
8.460 -0.638190
8.462 -0.638638
8.464 -0.639087
8.466 -0.639535
8.468 -0.639984
8.470 -0.640432
8.472 -0.640881
8.474 -0.641329
8.476 -0.641778
8.478 -0.642227
8.480 -0.642569
8.482 -0.643017
8.484 -0.643497
8.486 -0.643978
8.488 -0.644449
8.490 -0.644910
8.492 -0.645258
8.494 -0.645707
8.496 -0.646187
8.498 -0.646667
8.500 -0.647137
8.502 -0.647597
8.504 -0.648051
8.506 -0.648502
8.508 -0.648950
8.510 -0.649398
8.512 -0.649846
8.514 -0.650294
8.516 -0.650743
8.518 -0.651192
8.520 -0.651642
8.522 -0.652091
8.524 -0.652540
8.526 -0.652989
8.528 -0.653439
8.530 -0.653888
8.532 -0.654337
8.534 -0.654786
8.536 -0.655235
8.538 -0.655685
8.540 -0.656134
8.542 -0.656583
8.544 -0.657032
8.546 -0.657481
8.548 -0.657930
8.550 -0.658379
8.552 -0.658828
8.554 -0.659278
8.556 -0.659727
8.558 -0.660176
8.560 -0.660625
8.562 -0.661074
8.564 -0.661523
8.566 -0.661866
8.568 -0.662314
8.570 -0.662795
8.572 -0.663276
8.574 -0.663747
8.576 -0.664209
8.578 -0.664663
8.580 -0.665114
8.582 -0.665563
8.584 -0.666010
8.586 -0.666458
8.588 -0.666907
8.590 -0.667355
8.592 -0.667804
8.594 -0.668254
8.596 -0.668703
8.598 -0.669152
8.600 -0.669602
8.602 -0.670051
8.604 -0.670500
8.606 -0.670949
8.608 -0.671399
8.610 -0.671848
8.612 -0.672297
8.614 -0.672746
8.616 -0.673195
8.618 -0.673644
8.620 -0.674093
8.622 -0.674543
8.624 -0.674992
8.626 -0.675441
8.628 -0.675890
8.630 -0.676339
8.632 -0.676788
8.634 -0.677237
8.636 -0.677686
8.638 -0.678135
8.640 -0.678584
8.642 -0.679033
8.644 -0.679482
8.646 -0.679932
8.648 -0.680381
8.650 -0.680830
8.652 -0.681279
8.654 -0.681728
8.656 -0.682177
8.658 -0.682626
8.660 -0.683075
8.662 -0.683524
8.664 -0.683973
8.666 -0.684422
8.668 -0.684871
8.670 -0.685214
8.672 -0.685662
8.674 -0.686143
8.676 -0.686624
8.678 -0.687095
8.680 -0.687556
8.682 -0.688011
8.684 -0.688461
8.686 -0.688910
8.688 -0.689357
8.690 -0.689805
8.692 -0.690254
8.694 -0.690702
8.696 -0.691151
8.698 -0.691601
8.700 -0.692050
8.702 -0.692393
8.704 -0.692841
8.706 -0.693322
8.708 -0.693804
8.710 -0.694381
8.712 -0.694844
8.714 -0.695266
8.716 -0.695685
8.718 -0.696112
8.720 -0.696547
8.722 -0.696989
8.724 -0.697436
8.726 -0.697886
8.728 -0.698336
8.730 -0.698786
8.732 -0.699236
8.734 -0.699686
8.736 -0.700135
8.738 -0.700584
8.740 -0.701033
8.742 -0.701482
8.744 -0.701931
8.746 -0.702380
8.748 -0.702829
8.750 -0.703278
8.752 -0.703727
8.754 -0.704176
8.756 -0.704625
8.758 -0.705074
8.760 -0.705523
8.762 -0.705866
8.764 -0.706314
8.766 -0.706795
8.768 -0.707276
8.770 -0.707747
8.772 -0.708208
8.774 -0.708663
8.776 -0.709113
8.778 -0.709562
8.780 -0.710009
8.782 -0.710457
8.784 -0.710906
8.786 -0.711354
8.788 -0.711803
8.790 -0.712253
8.792 -0.712702
8.794 -0.713045
8.796 -0.713493
8.798 -0.713974
8.800 -0.714455
8.802 -0.714927
8.804 -0.715388
8.806 -0.715843
8.808 -0.716293
8.810 -0.716742
8.812 -0.717190
8.814 -0.717638
8.816 -0.718086
8.818 -0.718535
8.820 -0.718984
8.822 -0.719434
8.824 -0.719883
8.826 -0.720332
8.828 -0.720782
8.830 -0.721231
8.832 -0.721680
8.834 -0.722129
8.836 -0.722579
8.838 -0.723028
8.840 -0.723477
8.842 -0.723926
8.844 -0.724375
8.846 -0.724824
8.848 -0.725273
8.850 -0.725723
8.852 -0.726172
8.854 -0.726621
8.856 -0.727070
8.858 -0.727519
8.860 -0.727968
8.862 -0.728417
8.864 -0.728866
8.866 -0.729315
8.868 -0.729764
8.870 -0.730214
8.872 -0.730663
8.874 -0.731112
8.876 -0.731561
8.878 -0.732010
8.880 -0.732459
8.882 -0.732908
8.884 -0.733357
8.886 -0.733806
8.888 -0.734255
8.890 -0.734598
8.892 -0.735045
8.894 -0.735526
8.896 -0.736007
8.898 -0.736479
8.900 -0.736940
8.902 -0.737395
8.904 -0.737845
8.906 -0.738294
8.908 -0.738741
8.910 -0.739189
8.912 -0.739638
8.914 -0.740086
8.916 -0.740535
8.918 -0.740985
8.920 -0.741434
8.922 -0.741883
8.924 -0.742332
8.926 -0.742782
8.928 -0.743231
8.930 -0.743680
8.932 -0.744129
8.934 -0.744578
8.936 -0.745027
8.938 -0.745476
8.940 -0.745926
8.942 -0.746375
8.944 -0.746824
8.946 -0.747273
8.948 -0.747722
8.950 -0.748171
8.952 -0.748620
8.954 -0.749069
8.956 -0.749518
8.958 -0.749967
8.960 -0.750416
8.962 -0.750865
8.964 -0.751314
8.966 -0.751763
8.968 -0.752212
8.970 -0.752661
8.972 -0.753110
8.974 -0.753559
8.976 -0.754008
8.978 -0.754457
8.980 -0.754906
8.982 -0.755355
8.984 -0.755804
8.986 -0.756253
8.988 -0.756702
8.990 -0.757151
8.992 -0.757494
8.994 -0.757942
8.996 -0.758423
8.998 -0.758904
9.000 -0.759375
9.002 -0.759836
9.004 -0.760291
9.006 -0.760741
9.008 -0.761190
9.010 -0.761638
9.012 -0.762085
9.014 -0.762534
9.016 -0.762982
9.018 -0.763431
9.020 -0.763881
9.022 -0.764330
9.024 -0.764779
9.026 -0.765228
9.028 -0.765678
9.030 -0.766127
9.032 -0.766576
9.034 -0.767025
9.036 -0.767474
9.038 -0.767923
9.040 -0.768372
9.042 -0.768821
9.044 -0.769271
9.046 -0.769720
9.048 -0.770063
9.050 -0.770510
9.052 -0.770991
9.054 -0.771473
9.056 -0.771944
9.058 -0.772405
9.060 -0.772860
9.062 -0.773310
9.064 -0.773759
9.066 -0.774207
9.068 -0.774655
9.070 -0.775103
9.072 -0.775552
9.074 -0.776001
9.076 -0.776450
9.078 -0.776899
9.080 -0.777349
9.082 -0.777798
9.084 -0.778247
9.086 -0.778696
9.088 -0.779146
9.090 -0.779595
9.092 -0.780044
9.094 -0.780493
9.096 -0.780942
9.098 -0.781391
9.100 -0.781840
9.102 -0.782289
9.104 -0.782738
9.106 -0.783188
9.108 -0.783637
9.110 -0.784086
9.112 -0.784535
9.114 -0.784984
9.116 -0.785433
9.118 -0.785882
9.120 -0.786331
9.122 -0.786780
9.124 -0.787229
9.126 -0.787678
9.128 -0.788127
9.130 -0.788576
9.132 -0.789025
9.134 -0.789474
9.136 -0.789923
9.138 -0.790372
9.140 -0.790821
9.142 -0.791270
9.144 -0.791719
9.146 -0.792168
9.148 -0.792617
9.150 -0.793066
9.152 -0.793515
9.154 -0.793964
9.156 -0.794413
9.158 -0.794862
9.160 -0.795311
9.162 -0.795760
9.164 -0.796209
9.166 -0.796658
9.168 -0.797107
9.170 -0.797556
9.172 -0.798005
9.174 -0.798454
9.176 -0.798903
9.178 -0.799352
9.180 -0.799801
9.182 -0.800250
9.184 -0.800699
9.186 -0.801148
9.188 -0.801597
9.190 -0.802046
9.192 -0.802495
9.194 -0.802944
9.196 -0.803392
9.198 -0.803841
9.200 -0.804290
9.202 -0.804739
9.204 -0.805188
9.206 -0.805637
9.208 -0.806086
9.210 -0.806535
9.212 -0.806984
9.214 -0.807433
9.216 -0.807882
9.218 -0.808331
9.220 -0.808780
9.222 -0.809229
9.224 -0.809678
9.226 -0.810127
9.228 -0.810575
9.230 -0.811024
9.232 -0.811473
9.234 -0.811922
9.236 -0.812371
9.238 -0.812820
9.240 -0.813269
9.242 -0.813718
9.244 -0.814167
9.246 -0.814616
9.248 -0.815065
9.250 -0.815514
9.252 -0.815963
9.254 -0.816412
9.256 -0.816861
9.258 -0.817309
9.260 -0.817758
9.262 -0.818207
9.264 -0.818656
9.266 -0.819105
9.268 -0.819554
9.270 -0.820003
9.272 -0.820452
9.274 -0.820901
9.276 -0.821350
9.278 -0.821799
9.280 -0.822248
9.282 -0.822697
9.284 -0.823146
9.286 -0.823595
9.288 -0.824043
9.290 -0.824492
9.292 -0.824941
9.294 -0.825390
9.296 -0.825839
9.298 -0.826288
9.300 -0.826737
9.302 -0.827186
9.304 -0.827635
9.306 -0.828084
9.308 -0.828533
9.310 -0.829088
9.312 -0.829538
9.314 -0.829955
9.316 -0.830372
9.318 -0.830799
9.320 -0.831235
9.322 -0.831678
9.324 -0.832126
9.326 -0.832575
9.328 -0.833025
9.330 -0.833476
9.332 -0.833925
9.334 -0.834374
9.336 -0.834823
9.338 -0.835272
9.340 -0.835721
9.342 -0.836169
9.344 -0.836618
9.346 -0.837067
9.348 -0.837515
9.350 -0.837964
9.352 -0.838413
9.354 -0.838861
9.356 -0.839310
9.358 -0.839759
9.360 -0.840208
9.362 -0.840657
9.364 -0.841105
9.366 -0.841554
9.368 -0.842003
9.370 -0.842452
9.372 -0.842901
9.374 -0.843349
9.376 -0.843798
9.378 -0.844247
9.380 -0.844696
9.382 -0.845145
9.384 -0.845594
9.386 -0.846042
9.388 -0.846491
9.390 -0.846940
9.392 -0.847389
9.394 -0.847838
9.396 -0.848287
9.398 -0.848736
9.400 -0.849079
9.402 -0.849526
9.404 -0.850007
9.406 -0.850488
9.408 -0.850959
9.410 -0.851420
9.412 -0.851875
9.414 -0.852325
9.416 -0.852774
9.418 -0.853221
9.420 -0.853669
9.422 -0.854117
9.424 -0.854566
9.426 -0.855015
9.428 -0.855464
9.430 -0.855913
9.432 -0.856362
9.434 -0.856812
9.436 -0.857261
9.438 -0.857710
9.440 -0.858159
9.442 -0.858608
9.444 -0.859057
9.446 -0.859506
9.448 -0.859955
9.450 -0.860404
9.452 -0.860853
9.454 -0.861302
9.456 -0.861752
9.458 -0.862201
9.460 -0.862650
9.462 -0.863099
9.464 -0.863442
9.466 -0.863889
9.468 -0.864371
9.470 -0.864851
9.472 -0.865323
9.474 -0.865784
9.476 -0.866239
9.478 -0.866689
9.480 -0.867138
9.482 -0.867586
9.484 -0.868034
9.486 -0.868482
9.488 -0.868930
9.490 -0.869380
9.492 -0.869829
9.494 -0.870278
9.496 -0.870727
9.498 -0.871177
9.500 -0.871626
9.502 -0.872075
9.504 -0.872524
9.506 -0.872973
9.508 -0.873423
9.510 -0.873766
9.512 -0.874002
9.514 -0.874480
9.516 -0.875025
9.518 -0.875560
9.520 -0.876064
9.522 -0.876542
9.524 -0.877002
9.526 -0.877450
9.528 -0.877894
9.530 -0.878335
9.532 -0.878776
9.534 -0.879218
9.536 -0.879660
9.538 -0.880103
9.540 -0.880545
9.542 -0.880987
9.544 -0.881428
9.546 -0.881868
9.548 -0.882307
9.550 -0.882745
9.552 -0.883183
9.554 -0.883620
9.556 -0.884056
9.558 -0.884491
9.560 -0.884925
9.562 -0.885359
9.564 -0.885792
9.566 -0.886224
9.568 -0.886655
9.570 -0.887086
9.572 -0.887515
9.574 -0.887944
9.576 -0.888372
9.578 -0.888799
9.580 -0.889225
9.582 -0.889651
9.584 -0.890075
9.586 -0.890499
9.588 -0.890922
9.590 -0.891344
9.592 -0.891765
9.594 -0.892186
9.596 -0.892605
9.598 -0.893024
9.600 -0.893442
9.602 -0.893859
9.604 -0.894275
9.606 -0.894690
9.608 -0.895105
9.610 -0.895518
9.612 -0.895931
9.614 -0.896343
9.616 -0.896754
9.618 -0.897164
9.620 -0.897573
9.622 -0.897982
9.624 -0.898389
9.626 -0.898796
9.628 -0.899202
9.630 -0.899607
9.632 -0.900011
9.634 -0.900414
9.636 -0.900817
9.638 -0.901218
9.640 -0.901619
9.642 -0.902019
9.644 -0.902418
9.646 -0.902816
9.648 -0.903214
9.650 -0.903610
9.652 -0.904006
9.654 -0.904400
9.656 -0.904794
9.658 -0.905187
9.660 -0.905580
9.662 -0.905971
9.664 -0.906361
9.666 -0.906751
9.668 -0.907140
9.670 -0.907715
9.672 -0.908194
9.674 -0.908521
9.676 -0.908822
9.678 -0.909141
9.680 -0.909486
9.682 -0.909850
9.684 -0.910226
9.686 -0.910607
9.688 -0.910989
9.690 -0.911372
9.692 -0.911752
9.694 -0.912131
9.696 -0.912508
9.698 -0.912884
9.700 -0.913258
9.702 -0.913632
9.704 -0.914005
9.706 -0.914377
9.708 -0.914749
9.710 -0.915210
9.712 -0.915578
9.714 -0.915919
9.716 -0.916260
9.718 -0.916610
9.720 -0.916967
9.722 -0.917329
9.724 -0.917693
9.726 -0.918057
9.728 -0.918421
9.730 -0.918785
9.732 -0.919147
9.734 -0.919508
9.736 -0.919868
9.738 -0.920227
9.740 -0.920585
9.742 -0.920942
9.744 -0.921299
9.746 -0.921655
9.748 -0.922010
9.750 -0.922364
9.752 -0.922717
9.754 -0.923070
9.756 -0.923422
9.758 -0.923773
9.760 -0.924123
9.762 -0.924472
9.764 -0.924821
9.766 -0.925169
9.768 -0.925515
9.770 -0.925862
9.772 -0.926207
9.774 -0.926551
9.776 -0.926895
9.778 -0.927238
9.780 -0.927580
9.782 -0.927921
9.784 -0.928262
9.786 -0.928601
9.788 -0.928940
9.790 -0.929278
9.792 -0.929615
9.794 -0.929952
9.796 -0.930288
9.798 -0.930622
9.800 -0.930956
9.802 -0.931206
9.804 -0.931541
9.806 -0.931899
9.808 -0.932255
9.810 -0.932600
9.812 -0.932938
9.814 -0.933269
9.816 -0.933598
9.818 -0.933924
9.820 -0.934249
9.822 -0.934574
9.824 -0.934898
9.826 -0.935221
9.828 -0.935544
9.830 -0.935866
9.832 -0.936187
9.834 -0.936507
9.836 -0.936827
9.838 -0.937146
9.840 -0.937464
9.842 -0.937781
9.844 -0.938098
9.846 -0.938413
9.848 -0.938728
9.850 -0.939042
9.852 -0.939355
9.854 -0.939667
9.856 -0.939979
9.858 -0.940290
9.860 -0.940599
9.862 -0.940909
9.864 -0.941217
9.866 -0.941524
9.868 -0.941831
9.870 -0.942137
9.872 -0.942442
9.874 -0.942746
9.876 -0.943050
9.878 -0.943430
9.880 -0.943806
9.882 -0.944077
9.884 -0.944329
9.886 -0.944593
9.888 -0.944870
9.890 -0.945158
9.892 -0.945452
9.894 -0.945748
9.896 -0.946044
9.898 -0.946340
9.900 -0.946635
9.902 -0.946928
9.904 -0.947220
9.906 -0.947511
9.908 -0.947802
9.910 -0.948091
9.912 -0.948380
9.914 -0.948667
9.916 -0.948955
9.918 -0.949241
9.920 -0.949526
9.922 -0.949811
9.924 -0.950095
9.926 -0.950378
9.928 -0.950660
9.930 -0.950942
9.932 -0.951223
9.934 -0.951503
9.936 -0.951782
9.938 -0.952060
9.940 -0.952338
9.942 -0.952614
9.944 -0.952890
9.946 -0.953166
9.948 -0.953440
9.950 -0.953713
9.952 -0.953986
9.954 -0.954258
9.956 -0.954529
9.958 -0.954800
9.960 -0.955069
9.962 -0.955338
9.964 -0.955606
9.966 -0.955873
9.968 -0.956140
9.970 -0.956405
9.972 -0.956670
9.974 -0.956934
9.976 -0.957197
9.978 -0.957460
9.980 -0.957721
9.982 -0.957982
9.984 -0.958242
9.986 -0.958501
9.988 -0.958760
9.990 -0.959017
9.992 -0.959274
9.994 -0.959530
9.996 -0.959785
9.998 -0.960040
10.000 -0.960293
10.002 -0.960546
10.004 -0.960798
10.006 -0.961049
10.008 -0.961300
10.010 -0.961550
10.012 -0.961798
10.014 -0.962046
10.016 -0.962294
10.018 -0.962540
10.020 -0.962786
10.022 -0.963030
10.024 -0.963274
10.026 -0.963518
10.028 -0.963760
10.030 -0.964002
10.032 -0.964243
10.034 -0.964483
10.036 -0.964722
10.038 -0.964960
10.040 -0.965198
10.042 -0.965435
10.044 -0.965671
10.046 -0.965906
10.048 -0.966140
10.050 -0.966374
10.052 -0.966607
10.054 -0.966839
10.056 -0.967070
10.058 -0.967301
10.060 -0.967530
10.062 -0.967759
10.064 -0.967987
10.066 -0.968214
10.068 -0.968441
10.070 -0.968666
10.072 -0.968828
10.074 -0.969059
10.076 -0.969304
10.078 -0.969544
10.080 -0.969775
10.082 -0.970000
10.084 -0.970222
10.086 -0.970441
10.088 -0.970659
10.090 -0.970877
10.092 -0.971093
10.094 -0.971309
10.096 -0.971524
10.098 -0.971739
10.100 -0.971952
10.102 -0.972165
10.104 -0.972378
10.106 -0.972589
10.108 -0.972799
10.110 -0.973009
10.112 -0.973218
10.114 -0.973426
10.116 -0.973633
10.118 -0.973840
10.120 -0.974046
10.122 -0.974251
10.124 -0.974455
10.126 -0.974658
10.128 -0.974860
10.130 -0.975062
10.132 -0.975205
10.134 -0.975412
10.136 -0.975633
10.138 -0.975847
10.140 -0.976053
10.142 -0.976253
10.144 -0.976450
10.146 -0.976646
10.148 -0.976840
10.150 -0.977033
10.152 -0.977226
10.154 -0.977418
10.156 -0.977609
10.158 -0.977799
10.160 -0.977989
10.162 -0.978178
10.164 -0.978366
10.166 -0.978554
10.168 -0.978740
10.170 -0.978926
10.172 -0.979111
10.174 -0.979295
10.176 -0.979478
10.178 -0.979661
10.180 -0.979843
10.182 -0.980023
10.184 -0.980204
10.186 -0.980383
10.188 -0.980561
10.190 -0.980739
10.192 -0.980916
10.194 -0.981092
10.196 -0.981267
10.198 -0.981442
10.200 -0.981616
10.202 -0.981736
10.204 -0.981916
10.206 -0.982107
10.208 -0.982292
10.210 -0.982468
10.212 -0.982639
10.214 -0.982808
10.216 -0.982975
10.218 -0.983141
10.220 -0.983307
10.222 -0.983471
10.224 -0.983635
10.226 -0.983799
10.228 -0.983961
10.230 -0.984123
10.232 -0.984284
10.234 -0.984444
10.236 -0.984603
10.238 -0.984762
10.240 -0.984919
10.242 -0.985076
10.244 -0.985232
10.246 -0.985388
10.248 -0.985542
10.250 -0.985696
10.252 -0.985849
10.254 -0.986001
10.256 -0.986152
10.258 -0.986254
10.260 -0.986413
10.262 -0.986532
10.264 -0.986702
10.266 -0.986874
10.268 -0.987034
10.270 -0.987138
10.272 -0.987293
10.274 -0.987456
10.276 -0.987611
10.278 -0.987758
10.280 -0.987854
10.282 -0.987958
10.284 -0.988125
10.286 -0.988295
10.288 -0.988451
10.290 -0.988595
10.292 -0.988733
10.294 -0.988868
10.296 -0.989003
10.298 -0.989138
10.300 -0.989271
10.302 -0.989404
10.304 -0.989536
10.306 -0.989668
10.308 -0.989799
10.310 -0.989928
10.312 -0.990057
10.314 -0.990186
10.316 -0.990357
10.318 -0.990474
10.320 -0.990582
10.322 -0.990696
10.324 -0.990816
10.326 -0.990982
10.328 -0.991095
10.330 -0.991199
10.332 -0.991310
10.334 -0.991426
10.336 -0.991545
10.338 -0.991664
10.340 -0.991782
10.342 -0.991899
10.344 -0.992015
10.346 -0.992131
10.348 -0.992245
10.350 -0.992359
10.352 -0.992472
10.354 -0.992584
10.356 -0.992695
10.358 -0.992805
10.360 -0.992915
10.362 -0.993024
10.364 -0.993132
10.366 -0.993239
10.368 -0.993346
10.370 -0.993451
10.372 -0.993556
10.374 -0.993660
10.376 -0.993763
10.378 -0.993866
10.380 -0.993967
10.382 -0.994068
10.384 -0.994168
10.386 -0.994268
10.388 -0.994366
10.390 -0.994502
10.392 -0.994588
10.394 -0.994629
10.396 -0.994726
10.398 -0.994835
10.400 -0.994938
10.402 -0.995034
10.404 -0.995126
10.406 -0.995217
10.408 -0.995307
10.410 -0.995396
10.412 -0.995485
10.414 -0.995573
10.416 -0.995660
10.418 -0.995747
10.420 -0.995832
10.422 -0.995917
10.424 -0.996001
10.426 -0.996084
10.428 -0.996167
10.430 -0.996213
10.432 -0.996270
10.434 -0.996378
10.436 -0.996481
10.438 -0.996569
10.440 -0.996647
10.442 -0.996722
10.444 -0.996796
10.446 -0.996870
10.448 -0.996945
10.450 -0.997019
10.452 -0.997092
10.454 -0.997164
10.456 -0.997235
10.458 -0.997306
10.460 -0.997375
10.462 -0.997444
10.464 -0.997512
10.466 -0.997580
10.468 -0.997646
10.470 -0.997744
10.472 -0.997797
10.474 -0.997845
10.476 -0.997901
10.478 -0.997963
10.480 -0.998027
10.482 -0.998089
10.484 -0.998150
10.486 -0.998209
10.488 -0.998267
10.490 -0.998325
10.492 -0.998382
10.494 -0.998438
10.496 -0.998493
10.498 -0.998547
10.500 -0.998601
10.502 -0.998654
10.504 -0.998706
10.506 -0.998756
10.508 -0.998806
10.510 -0.998856
10.512 -0.998904
10.514 -0.998951
10.516 -0.998998
10.518 -0.999044
10.520 -0.999089
10.522 -0.999133
10.524 -0.999177
10.526 -0.999219
10.528 -0.999260
10.530 -0.999301
10.532 -0.999317
10.534 -0.999366
10.536 -0.999417
10.538 -0.999460
10.540 -0.999496
10.542 -0.999530
10.544 -0.999564
10.546 -0.999598
10.548 -0.999632
10.550 -0.999665
10.552 -0.999697
10.554 -0.999729
10.556 -0.999760
10.558 -0.999790
10.560 -0.999819
10.562 -0.999848
10.564 -0.999876
10.566 -0.999903
10.568 -0.999929
10.570 -0.999955
10.572 -0.999980
10.574 -1.000004
10.576 -1.000028
10.578 -1.000050
10.580 -1.000072
10.582 -1.000081
10.584 -1.000107
10.586 -1.000133
10.588 -1.000155
10.590 -1.000173
10.592 -1.000190
10.594 -1.000206
10.596 -1.000221
10.598 -1.000237
10.600 -1.000251
10.602 -1.000266
10.604 -1.000279
10.606 -1.000291
10.608 -1.000303
10.610 -1.000314
10.612 -1.000324
10.614 -1.000333
10.616 -1.000342
10.618 -1.000350
10.620 -1.000357
10.622 -1.000364
10.624 -1.000369
10.626 -1.000374
10.628 -1.000378
10.630 -1.000382
10.632 -1.000383
