0.000 1.133518
0.002 1.133518
0.004 1.133517
0.006 1.133515
0.008 1.133512
0.010 1.133508
0.012 1.133508
0.014 1.133499
0.016 1.133493
0.018 1.133486
0.020 1.133478
0.022 1.133470
0.024 1.133461
0.026 1.133451
0.028 1.133440
0.030 1.133428
0.032 1.133416
0.034 1.133403
0.036 1.133389
0.038 1.133374
0.040 1.133358
0.042 1.133342
0.044 1.133325
0.046 1.133307
0.048 1.133288
0.050 1.133288
0.052 1.133248
0.054 1.133248
0.056 1.133227
0.058 1.133182
0.060 1.133182
0.062 1.133158
0.064 1.133109
0.066 1.133083
0.068 1.133056
0.070 1.133028
0.072 1.133000
0.074 1.132971
0.076 1.132941
0.078 1.132910
0.080 1.132878
0.082 1.132846
0.084 1.132813
0.086 1.132779
0.088 1.132744
0.090 1.132708
0.092 1.132672
0.094 1.132635
0.096 1.132597
0.098 1.132558
0.100 1.132518
0.102 1.132478
0.104 1.132437
0.106 1.132395
0.108 1.132352
0.110 1.132308
0.112 1.132264
0.114 1.132219
0.116 1.132173
0.118 1.132126
0.120 1.132078
0.122 1.132030
0.124 1.131981
0.126 1.131931
0.128 1.131880
0.130 1.131828
0.132 1.131776
0.134 1.131723
0.136 1.131669
0.138 1.131614
0.140 1.131558
0.142 1.131502
0.144 1.131445
0.146 1.131387
0.148 1.131328
0.150 1.131328
0.152 1.131208
0.154 1.131147
0.156 1.131085
0.158 1.131022
0.160 1.130958
0.162 1.130894
0.164 1.130829
0.166 1.130763
0.168 1.130696
0.170 1.130628
0.172 1.130560
0.174 1.130491
0.176 1.130421
0.178 1.130350
0.180 1.130350
0.182 1.130206
0.184 1.130133
0.186 1.130059
0.188 1.129984
0.190 1.129908
0.192 1.129832
0.194 1.129755
0.196 1.129677
0.198 1.129598
0.200 1.129518
0.202 1.129438
0.204 1.129357
0.206 1.129275
0.208 1.129192
0.210 1.129108
0.212 1.129024
0.214 1.128939
0.216 1.128853
0.218 1.128766
0.220 1.128678
0.222 1.128590
0.224 1.128501
0.226 1.128411
0.228 1.128320
0.230 1.128228
0.232 1.128136
0.234 1.128043
0.236 1.127949
0.238 1.127854
0.240 1.127758
0.242 1.127662
0.244 1.127565
0.246 1.127467
0.248 1.127368
0.250 1.127268
0.252 1.127168
0.254 1.127067
0.256 1.126965
0.258 1.126862
0.260 1.126758
0.262 1.126654
0.264 1.126549
0.266 1.126443
0.268 1.126336
0.270 1.126228
0.272 1.126120
0.274 1.126011
0.276 1.125901
0.278 1.125790
0.280 1.125678
0.282 1.125566
0.284 1.125453
0.286 1.125339
0.288 1.125224
0.290 1.125108
0.292 1.124992
0.294 1.124875
0.296 1.124757
0.298 1.124638
0.300 1.124518
0.302 1.124398
0.304 1.124277
0.306 1.124155
0.308 1.124032
0.310 1.123908
0.312 1.123784
0.314 1.123659
0.316 1.123533
0.318 1.123406
0.320 1.123278
0.322 1.123150
0.324 1.123021
0.326 1.122891
0.328 1.122760
0.330 1.122628
0.332 1.122496
0.334 1.122363
0.336 1.122229
0.338 1.122094
0.340 1.121958
0.342 1.121822
0.344 1.121685
0.346 1.121547
0.348 1.121547
0.350 1.121547
0.352 1.121128
0.354 1.120987
0.356 1.120845
0.358 1.120702
0.360 1.120558
0.362 1.120414
0.364 1.120269
0.366 1.120123
0.368 1.119976
0.370 1.119828
0.372 1.119680
0.374 1.119531
0.376 1.119381
0.378 1.119230
0.380 1.119078
0.382 1.118926
0.384 1.118773
0.386 1.118619
0.388 1.118464
0.390 1.118464
0.392 1.118152
0.394 1.117995
0.396 1.117837
0.398 1.117678
0.400 1.117518
0.402 1.117358
0.404 1.117035
0.406 1.117035
0.408 1.116872
0.410 1.116708
0.412 1.116544
0.414 1.116379
0.416 1.116213
0.418 1.116046
0.420 1.115878
0.422 1.115710
0.424 1.115541
0.426 1.115371
0.428 1.115200
0.430 1.115028
0.432 1.114856
0.434 1.114683
0.436 1.114158
0.438 1.113805
0.440 1.113805
0.442 1.113805
0.444 1.113805
0.446 1.113627
0.448 1.113448
0.450 1.113268
0.452 1.113088
0.454 1.112907
0.456 1.112725
0.458 1.112542
0.460 1.112358
0.462 1.112174
0.464 1.111989
0.466 1.111803
0.468 1.111616
0.470 1.111428
0.472 1.111240
0.474 1.111051
0.476 1.110861
0.478 1.110670
0.480 1.110478
0.482 1.110286
0.484 1.110093
0.486 1.109899
0.488 1.109704
0.490 1.109508
0.492 1.109312
0.494 1.109115
0.496 1.108917
0.498 1.108718
0.500 1.108518
0.502 1.108318
0.504 1.108117
0.506 1.107915
0.508 1.107712
0.510 1.107508
0.512 1.107304
0.514 1.107099
0.516 1.106893
0.518 1.106686
0.520 1.106478
0.522 1.106270
0.524 1.106061
0.526 1.105851
0.528 1.105640
0.530 1.105640
0.532 1.105216
0.534 1.105003
0.536 1.104789
0.538 1.104574
0.540 1.104358
0.542 1.104142
0.544 1.103925
0.546 1.103707
0.548 1.103488
0.550 1.103268
0.552 1.103048
0.554 1.102827
0.556 1.102605
0.558 1.102382
0.560 1.102158
0.562 1.102158
0.564 1.101709
0.566 1.101483
0.568 1.101256
0.570 1.101028
0.572 1.100800
0.574 1.100571
0.576 1.100341
0.578 1.100110
0.580 1.099878
0.582 1.099646
0.584 1.099413
0.586 1.099179
0.588 1.098944
0.590 1.098944
0.592 1.098708
0.594 1.098235
0.596 1.097997
0.598 1.097758
0.600 1.097518
0.602 1.097278
0.604 1.097037
0.606 1.096795
0.608 1.096552
0.610 1.096308
0.612 1.096064
0.614 1.095819
0.616 1.095573
0.618 1.095326
0.620 1.095078
0.622 1.094830
0.624 1.094581
0.626 1.094331
0.628 1.094080
0.630 1.093828
0.632 1.093576
0.634 1.093323
0.636 1.093069
0.638 1.092045
0.640 1.091787
0.642 1.091787
0.644 1.091787
0.646 1.091787
0.648 1.091528
0.650 1.091268
0.652 1.091008
0.654 1.090747
0.656 1.090485
0.658 1.090222
0.660 1.089958
0.662 1.089694
0.664 1.089429
0.666 1.089163
0.668 1.088628
0.670 1.088628
0.672 1.088360
0.674 1.088091
0.676 1.087821
0.678 1.087550
0.680 1.087278
0.682 1.087006
0.684 1.086733
0.686 1.086459
0.688 1.086184
0.690 1.085908
0.692 1.085632
0.694 1.085355
0.696 1.085077
0.698 1.084798
0.700 1.084518
0.702 1.084238
0.704 1.083957
0.706 1.083675
0.708 1.083392
0.710 1.083108
0.712 1.082824
0.714 1.082539
0.716 1.082253
0.718 1.081966
0.720 1.081678
0.722 1.081390
0.724 1.081101
0.726 1.080811
0.728 1.080520
0.730 1.080228
0.732 1.079936
0.734 1.079643
0.736 1.079349
0.738 1.079054
0.740 1.078758
0.742 1.078462
0.744 1.078165
0.746 1.077867
0.748 1.077568
0.750 1.077268
0.752 1.076968
0.754 1.076667
0.756 1.076365
0.758 1.076062
0.760 1.075758
0.762 1.075454
0.764 1.075149
0.766 1.074843
0.768 1.074536
0.770 1.074228
0.772 1.073920
0.774 1.073611
0.776 1.073301
0.778 1.072990
0.780 1.072678
0.782 1.072366
0.784 1.072053
0.786 1.071739
0.788 1.071424
0.790 1.071108
0.792 1.070792
0.794 1.070475
0.796 1.070157
0.798 1.069838
0.800 1.069518
0.802 1.069198
0.804 1.068877
0.806 1.068555
0.808 1.068232
0.810 1.067908
0.812 1.067584
0.814 1.067259
0.816 1.066933
0.818 1.066606
0.820 1.066278
0.822 1.065950
0.824 1.065621
0.826 1.065291
0.828 1.064960
0.830 1.064628
0.832 1.064296
0.834 1.063963
0.836 1.063629
0.838 1.063294
0.840 1.062958
0.842 1.062622
0.844 1.062285
0.846 1.061947
0.848 1.061608
0.850 1.061268
0.852 1.060928
0.854 1.060587
0.856 1.060245
0.858 1.059902
0.860 1.059558
0.862 1.059214
0.864 1.058869
0.866 1.058523
0.868 1.058523
0.870 1.057828
0.872 1.057480
0.874 1.057131
0.876 1.056781
0.878 1.056430
0.880 1.056078
0.882 1.055726
0.884 1.055373
0.886 1.055019
0.888 1.054664
0.890 1.054308
0.892 1.053952
0.894 1.053595
0.896 1.053237
0.898 1.052878
0.900 1.052518
0.902 1.052158
0.904 1.051797
0.906 1.051435
0.908 1.050708
0.910 1.050708
0.912 1.050344
0.914 1.049979
0.916 1.049613
0.918 1.049246
0.920 1.048878
0.922 1.048510
0.924 1.048141
0.926 1.047771
0.928 1.047400
0.930 1.047028
0.932 1.046656
0.934 1.046283
0.936 1.045909
0.938 1.045534
0.940 1.045158
0.942 1.044782
0.944 1.044405
0.946 1.044027
0.948 1.043268
0.950 1.043268
0.952 1.042888
0.954 1.042507
0.956 1.042125
0.958 1.041742
0.960 1.041358
0.962 1.040974
0.964 1.040589
0.966 1.040203
0.968 1.039816
0.970 1.039428
0.972 1.039040
0.974 1.038651
0.976 1.038261
0.978 1.037870
0.980 1.037478
0.982 1.037086
0.984 1.036693
0.986 1.036299
0.988 1.035904
0.990 1.035508
0.992 1.035112
0.994 1.034715
0.996 1.034317
0.998 1.033918
1.000 1.033518
1.002 1.033118
1.004 1.032717
1.006 1.032315
1.008 1.031912
1.010 1.031508
1.012 1.031104
1.014 1.030699
1.016 1.030293
1.018 1.029886
1.020 1.029478
1.022 1.029070
1.024 1.028661
1.026 1.028251
1.028 1.027840
1.030 1.027428
1.032 1.027016
1.034 1.026603
1.036 1.026189
1.038 1.025774
1.040 1.025358
1.042 1.024942
1.044 1.024525
1.046 1.024107
1.048 1.023688
1.050 1.023268
1.052 1.022848
1.054 1.022427
1.056 1.022005
1.058 1.021582
1.060 1.021158
1.062 1.020734
1.064 1.020309
1.066 1.019883
1.068 1.019456
1.070 1.019028
1.072 1.018600
1.074 1.018171
1.076 1.017741
1.078 1.017310
1.080 1.016878
1.082 1.016446
1.084 1.016013
1.086 1.015579
1.088 1.015144
1.090 1.014708
1.092 1.014272
1.094 1.013835
1.096 1.013397
1.098 1.012958
1.100 1.012518
1.102 1.012078
1.104 1.011637
1.106 1.011195
1.108 1.010308
1.110 1.010308
1.112 1.009864
1.114 1.009419
1.116 1.008973
1.118 1.008526
1.120 1.008078
1.122 1.007630
1.124 1.007181
1.126 1.006732
1.128 1.006283
1.130 1.005834
1.132 1.005385
1.134 1.004936
1.136 1.004487
1.138 1.004487
1.140 1.003590
1.142 1.003141
1.144 1.002692
1.146 1.002243
1.148 1.001794
1.150 1.001794
1.152 1.000896
1.154 1.000447
1.156 0.999998
1.158 0.999549
1.160 0.999100
1.162 0.998651
1.164 0.998202
1.166 0.997753
1.168 0.997304
1.170 0.996855
1.172 0.996406
1.174 0.995958
1.176 0.995509
1.178 0.995060
1.180 0.994611
1.182 0.994162
1.184 0.993713
1.186 0.993264
1.188 0.992815
1.190 0.992366
1.192 0.991917
1.194 0.991468
1.196 0.991019
1.198 0.990570
1.200 0.990121
1.202 0.989672
1.204 0.989223
1.206 0.988775
1.208 0.988326
1.210 0.987877
1.212 0.987428
1.214 0.986979
1.216 0.986530
1.218 0.986081
1.220 0.985632
1.222 0.985183
1.224 0.984734
1.226 0.984285
1.228 0.984285
1.230 0.983387
1.232 0.982938
1.234 0.982489
1.236 0.982040
1.238 0.981592
1.240 0.981143
1.242 0.980694
1.244 0.980245
1.246 0.979796
1.248 0.979347
1.250 0.978898
1.252 0.978449
1.254 0.978000
1.256 0.977551
1.258 0.977102
1.260 0.976653
1.262 0.976204
1.264 0.975755
1.266 0.975306
1.268 0.975306
1.270 0.974857
1.272 0.973960
1.274 0.973511
1.276 0.973062
1.278 0.972613
1.280 0.972164
1.282 0.971715
1.284 0.971266
1.286 0.970817
1.288 0.970368
1.290 0.969919
1.292 0.969470
1.294 0.969021
1.296 0.968572
1.298 0.968123
1.300 0.967674
1.302 0.967225
1.304 0.966777
1.306 0.966328
1.308 0.965879
1.310 0.965430
1.312 0.964981
1.314 0.964532
1.316 0.964083
1.318 0.963634
1.320 0.963185
1.322 0.962736
1.324 0.962287
1.326 0.961838
1.328 0.961389
1.330 0.960940
1.332 0.960491
1.334 0.960042
1.336 0.959593
1.338 0.959145
1.340 0.958696
1.342 0.958247
1.344 0.957798
1.346 0.957349
1.348 0.956900
1.350 0.956900
1.352 0.956002
1.354 0.955553
1.356 0.955104
1.358 0.954655
1.360 0.954206
1.362 0.953757
1.364 0.953308
1.366 0.952859
1.368 0.952410
1.370 0.951962
1.372 0.951513
1.374 0.951064
1.376 0.950615
1.378 0.950166
1.380 0.949717
1.382 0.949268
1.384 0.948819
1.386 0.948370
1.388 0.948370
1.390 0.948370
1.392 0.948370
1.394 0.948370
1.396 0.948370
1.398 0.947921
1.400 0.947023
1.402 0.947023
1.404 0.945676
1.406 0.945227
1.408 0.944779
1.410 0.944330
1.412 0.943881
1.414 0.943432
1.416 0.942983
1.418 0.942534
1.420 0.942085
1.422 0.941636
1.424 0.941187
1.426 0.940738
1.428 0.940289
1.430 0.939840
1.432 0.939391
1.434 0.938942
1.436 0.938493
1.438 0.938044
1.440 0.938044
1.442 0.938044
1.444 0.937147
1.446 0.936249
1.448 0.935800
1.450 0.935351
1.452 0.934902
1.454 0.934453
1.456 0.934004
1.458 0.933555
1.460 0.933106
1.462 0.932657
1.464 0.932208
1.466 0.931759
1.468 0.931310
1.470 0.930861
1.472 0.930861
1.474 0.929964
1.476 0.929515
1.478 0.929066
1.480 0.929066
1.482 0.928168
1.484 0.927719
1.486 0.927270
1.488 0.926821
1.490 0.926372
1.492 0.925923
1.494 0.925474
1.496 0.925025
1.498 0.924576
1.500 0.924127
1.502 0.923678
1.504 0.923229
1.506 0.922781
1.508 0.921883
1.510 0.921434
1.512 0.921434
1.514 0.920985
1.516 0.920536
1.518 0.920087
1.520 0.919638
1.522 0.919189
1.524 0.918740
1.526 0.918291
1.528 0.917842
1.530 0.917393
1.532 0.916944
1.534 0.916495
1.536 0.916046
1.538 0.916046
1.540 0.915149
1.542 0.914700
1.544 0.914251
1.546 0.913802
1.548 0.913353
1.550 0.912904
1.552 0.912455
1.554 0.912006
1.556 0.911108
1.558 0.910659
1.560 0.910659
1.562 0.910210
1.564 0.909761
1.566 0.909312
1.568 0.908863
1.570 0.908414
1.572 0.907966
1.574 0.907517
1.576 0.907068
1.578 0.906619
1.580 0.906170
1.582 0.905721
1.584 0.905272
1.586 0.904823
1.588 0.904374
1.590 0.903925
1.592 0.903925
1.594 0.903027
1.596 0.902578
1.598 0.902129
1.600 0.901680
1.602 0.901231
1.604 0.900782
1.606 0.900334
1.608 0.899885
1.610 0.899436
1.612 0.898987
1.614 0.898538
1.616 0.898089
1.618 0.897640
1.620 0.897191
1.622 0.896742
1.624 0.896293
1.626 0.895844
1.628 0.895395
1.630 0.894946
1.632 0.894497
1.634 0.894048
1.636 0.893599
1.638 0.893151
1.640 0.893151
1.642 0.893151
1.644 0.893151
1.646 0.892253
1.648 0.890906
1.650 0.890457
1.652 0.890008
1.654 0.889559
1.656 0.889110
1.658 0.888661
1.660 0.888212
1.662 0.887763
1.664 0.887314
1.666 0.886865
1.668 0.886416
1.670 0.885968
1.672 0.885519
1.674 0.885070
1.676 0.884621
1.678 0.884172
1.680 0.883723
1.682 0.883274
1.684 0.882825
1.686 0.882376
1.688 0.881927
1.690 0.881478
1.692 0.881029
1.694 0.880580
1.696 0.880131
1.698 0.879682
1.700 0.879233
1.702 0.878784
1.704 0.878336
1.706 0.877887
1.708 0.877438
1.710 0.876989
1.712 0.876540
1.714 0.876091
1.716 0.875642
1.718 0.875193
1.720 0.874744
1.722 0.874295
1.724 0.873846
1.726 0.873397
1.728 0.872948
1.730 0.872499
1.732 0.872050
1.734 0.871601
1.736 0.871153
1.738 0.870704
1.740 0.870255
1.742 0.869806
1.744 0.869357
1.746 0.868908
1.748 0.868459
1.750 0.868010
1.752 0.867561
1.754 0.867112
1.756 0.866663
1.758 0.866214
1.760 0.865765
1.762 0.865316
1.764 0.864867
1.766 0.864418
1.768 0.863969
1.770 0.863521
1.772 0.863072
1.774 0.862623
1.776 0.862174
1.778 0.861725
1.780 0.861276
1.782 0.860827
1.784 0.860378
1.786 0.859929
1.788 0.859480
1.790 0.859031
1.792 0.858582
1.794 0.858133
1.796 0.857684
1.798 0.857235
1.800 0.856786
1.802 0.856338
1.804 0.855889
1.806 0.855440
1.808 0.854991
1.810 0.854542
1.812 0.854093
1.814 0.853644
1.816 0.853195
1.818 0.852746
1.820 0.852297
1.822 0.851848
1.824 0.851399
1.826 0.850950
1.828 0.849155
1.830 0.849155
1.832 0.849155
1.834 0.849155
1.836 0.848706
1.838 0.848257
1.840 0.847808
1.842 0.847359
1.844 0.846910
1.846 0.846461
1.848 0.846012
1.850 0.845563
1.852 0.845114
1.854 0.844665
1.856 0.844216
1.858 0.843767
1.860 0.843318
1.862 0.842869
1.864 0.842420
1.866 0.841971
1.868 0.841523
1.870 0.841074
1.872 0.841074
1.874 0.840176
1.876 0.839727
1.878 0.839278
1.880 0.838829
1.882 0.838380
1.884 0.837931
1.886 0.837482
1.888 0.837033
1.890 0.836584
1.892 0.836135
1.894 0.835686
1.896 0.835237
1.898 0.834788
1.900 0.834340
1.902 0.833891
1.904 0.833442
1.906 0.832993
1.908 0.832544
1.910 0.832095
1.912 0.831646
1.914 0.831197
1.916 0.830748
1.918 0.830299
1.920 0.829850
1.922 0.829401
1.924 0.828952
1.926 0.828503
1.928 0.828054
1.930 0.827605
1.932 0.827157
1.934 0.826708
1.936 0.826259
1.938 0.825810
1.940 0.825361
1.942 0.824912
1.944 0.824463
1.946 0.824014
1.948 0.823565
1.950 0.823565
1.952 0.823565
1.954 0.822218
1.956 0.821769
1.958 0.821320
1.960 0.820871
1.962 0.820422
1.964 0.819973
1.966 0.819525
1.968 0.819076
1.970 0.818627
1.972 0.818178
1.974 0.817729
1.976 0.817280
1.978 0.816831
1.980 0.816382
1.982 0.815933
1.984 0.815484
1.986 0.815035
1.988 0.814586
1.990 0.814137
1.992 0.813688
1.994 0.813239
1.996 0.812790
1.998 0.812342
2.000 0.812342
2.002 0.811444
2.004 0.810995
2.006 0.810546
2.008 0.810097
2.010 0.809648
2.012 0.809199
2.014 0.808750
2.016 0.808301
2.018 0.807852
2.020 0.807403
2.022 0.806954
2.024 0.806505
2.026 0.806056
2.028 0.805607
2.030 0.805158
2.032 0.804710
2.034 0.804261
2.036 0.803812
2.038 0.803363
2.040 0.802914
2.042 0.802465
2.044 0.802016
2.046 0.801567
2.048 0.801118
2.050 0.800669
2.052 0.800220
2.054 0.799771
2.056 0.799322
2.058 0.798873
2.060 0.798424
2.062 0.797975
2.064 0.797527
2.066 0.797078
2.068 0.796180
2.070 0.796180
2.072 0.795731
2.074 0.795282
2.076 0.794833
2.078 0.794384
2.080 0.793935
2.082 0.793486
2.084 0.793037
2.086 0.792588
2.088 0.792139
2.090 0.791690
2.092 0.791241
2.094 0.790792
2.096 0.790344
2.098 0.789895
2.100 0.789446
2.102 0.788997
2.104 0.788548
2.106 0.788099
2.108 0.787650
2.110 0.787201
2.112 0.786752
2.114 0.786303
2.116 0.785854
2.118 0.785405
2.120 0.784956
2.122 0.784058
2.124 0.784058
2.126 0.783609
2.128 0.783160
2.130 0.782712
2.132 0.782263
2.134 0.782263
2.136 0.781365
2.138 0.780916
2.140 0.780467
2.142 0.780018
2.144 0.779569
2.146 0.779120
2.148 0.778671
2.150 0.778222
2.152 0.777773
2.154 0.777324
2.156 0.776875
2.158 0.776426
2.160 0.775977
2.162 0.775529
2.164 0.775080
2.166 0.775080
2.168 0.774182
2.170 0.773733
2.172 0.773284
2.174 0.772835
2.176 0.772386
2.178 0.771937
2.180 0.771488
2.182 0.771039
2.184 0.770590
2.186 0.770141
2.188 0.769692
2.190 0.769243
2.192 0.768794
2.194 0.768345
2.196 0.767897
2.198 0.767448
2.200 0.766999
2.202 0.766550
2.204 0.766101
2.206 0.765652
2.208 0.765203
2.210 0.764754
2.212 0.764305
2.214 0.763856
2.216 0.763407
2.218 0.762958
2.220 0.762509
2.222 0.762060
2.224 0.761611
2.226 0.761162
2.228 0.760714
2.230 0.760265
2.232 0.759816
2.234 0.759367
2.236 0.758918
2.238 0.758469
2.240 0.758020
2.242 0.757571
2.244 0.757122
2.246 0.756673
2.248 0.756224
2.250 0.755775
2.252 0.755326
2.254 0.754877
2.256 0.754428
2.258 0.753979
2.260 0.753531
2.262 0.753082
2.264 0.752633
2.266 0.752184
2.268 0.751735
2.270 0.751286
2.272 0.750837
2.274 0.750388
2.276 0.749939
2.278 0.749490
2.280 0.749041
2.282 0.748592
2.284 0.748143
2.286 0.747694
2.288 0.747245
2.290 0.746796
2.292 0.746347
2.294 0.745899
2.296 0.745450
2.298 0.745001
2.300 0.744552
2.302 0.744103
2.304 0.743654
2.306 0.743205
2.308 0.742756
2.310 0.742307
2.312 0.742307
2.314 0.741409
2.316 0.740960
2.318 0.740511
2.320 0.740062
2.322 0.739613
2.324 0.739164
2.326 0.738716
2.328 0.738267
2.330 0.737818
2.332 0.737369
2.334 0.736920
2.336 0.736471
2.338 0.736022
2.340 0.735573
2.342 0.735124
2.344 0.734675
2.346 0.734226
2.348 0.733777
2.350 0.733328
2.352 0.732879
2.354 0.732430
2.356 0.731981
2.358 0.731532
2.360 0.731084
2.362 0.730635
2.364 0.730186
2.366 0.729737
2.368 0.729288
2.370 0.728839
2.372 0.728390
2.374 0.727941
2.376 0.727492
2.378 0.727043
2.380 0.726594
2.382 0.726145
2.384 0.725696
2.386 0.725247
2.388 0.725247
2.390 0.724349
2.392 0.723901
2.394 0.723452
2.396 0.723003
2.398 0.722554
2.400 0.722105
2.402 0.721656
2.404 0.721207
2.406 0.720758
2.408 0.720309
2.410 0.719860
2.412 0.719411
2.414 0.718962
2.416 0.718513
2.418 0.718064
2.420 0.717615
2.422 0.717166
2.424 0.716718
2.426 0.716269
2.428 0.715820
2.430 0.715371
2.432 0.714922
2.434 0.714473
2.436 0.714024
2.438 0.713575
2.440 0.713126
2.442 0.712677
2.444 0.712228
2.446 0.711779
2.448 0.711330
2.450 0.710881
2.452 0.710432
2.454 0.709983
2.456 0.709534
2.458 0.709086
2.460 0.708637
2.462 0.708188
2.464 0.707739
2.466 0.707290
2.468 0.706841
2.470 0.706392
2.472 0.705943
2.474 0.705494
2.476 0.705045
2.478 0.704596
2.480 0.704147
2.482 0.703698
2.484 0.703249
2.486 0.702800
2.488 0.702351
2.490 0.701903
2.492 0.701454
2.494 0.701005
2.496 0.700556
2.498 0.700107
2.500 0.699658
2.502 0.699209
2.504 0.698760
2.506 0.698311
2.508 0.698311
2.510 0.697413
2.512 0.696964
2.514 0.696515
2.516 0.696066
2.518 0.695617
2.520 0.695168
2.522 0.694720
2.524 0.694271
2.526 0.693822
2.528 0.693373
2.530 0.692924
2.532 0.692475
2.534 0.692026
2.536 0.691577
2.538 0.691128
2.540 0.690679
2.542 0.690230
2.544 0.689781
2.546 0.689332
2.548 0.688883
2.550 0.688434
2.552 0.687985
2.554 0.687536
2.556 0.687088
2.558 0.686639
2.560 0.686190
2.562 0.685741
2.564 0.685292
2.566 0.684843
2.568 0.684394
2.570 0.683945
2.572 0.683496
2.574 0.683047
2.576 0.682598
2.578 0.682149
2.580 0.681700
2.582 0.681251
2.584 0.680802
2.586 0.680353
2.588 0.680353
2.590 0.680353
2.592 0.680353
2.594 0.679905
2.596 0.679456
2.598 0.679456
2.600 0.678109
2.602 0.676762
2.604 0.676762
2.606 0.675864
2.608 0.675415
2.610 0.674966
2.612 0.674517
2.614 0.674068
2.616 0.673619
2.618 0.673170
2.620 0.672721
2.622 0.672721
2.624 0.671824
2.626 0.671375
2.628 0.670926
2.630 0.670477
2.632 0.670028
2.634 0.669579
2.636 0.669130
2.638 0.668681
2.640 0.668232
2.642 0.667783
2.644 0.667334
2.646 0.667334
2.648 0.666436
2.650 0.665987
2.652 0.665538
2.654 0.665090
2.656 0.664641
2.658 0.664192
2.660 0.663743
2.662 0.663294
2.664 0.662845
2.666 0.662396
2.668 0.662396
2.670 0.662396
2.672 0.661498
2.674 0.660600
2.676 0.660600
2.678 0.660151
2.680 0.659702
2.682 0.658804
2.684 0.658355
2.686 0.657907
2.688 0.657458
2.690 0.657009
2.692 0.656560
2.694 0.656111
2.696 0.655662
2.698 0.655213
2.700 0.654764
2.702 0.654315
2.704 0.653866
2.706 0.653417
2.708 0.652968
2.710 0.652519
2.712 0.652070
2.714 0.651621
2.716 0.651172
2.718 0.650723
2.720 0.650275
2.722 0.649826
2.724 0.649377
2.726 0.648928
2.728 0.648479
2.730 0.648030
2.732 0.647581
2.734 0.647132
2.736 0.646683
2.738 0.646234
2.740 0.645785
2.742 0.645336
2.744 0.644887
2.746 0.644438
2.748 0.643989
2.750 0.643540
2.752 0.643092
2.754 0.642643
2.756 0.642194
2.758 0.641745
2.760 0.641296
2.762 0.640847
2.764 0.640398
2.766 0.639949
2.768 0.639500
2.770 0.639051
2.772 0.638602
2.774 0.638153
2.776 0.637704
2.778 0.637255
2.780 0.636806
2.782 0.636357
2.784 0.635908
2.786 0.635460
2.788 0.635011
2.790 0.634562
2.792 0.634113
2.794 0.633664
2.796 0.633215
2.798 0.632766
2.800 0.632317
2.802 0.631868
2.804 0.631419
2.806 0.630970
2.808 0.630521
2.810 0.630072
2.812 0.629623
2.814 0.629174
2.816 0.628725
2.818 0.628277
2.820 0.627828
2.822 0.627379
2.824 0.626930
2.826 0.626481
2.828 0.626032
2.830 0.625583
2.832 0.625134
2.834 0.624685
2.836 0.624236
2.838 0.623787
2.840 0.623338
2.842 0.622889
2.844 0.622440
2.846 0.621991
2.848 0.621542
2.850 0.621094
2.852 0.620645
2.854 0.620196
2.856 0.619747
2.858 0.619298
2.860 0.618849
2.862 0.618400
2.864 0.617951
2.866 0.617502
2.868 0.616604
2.870 0.616604
2.872 0.616155
2.874 0.615706
2.876 0.615257
2.878 0.614808
2.880 0.614359
2.882 0.613910
2.884 0.613462
2.886 0.613013
2.888 0.612564
2.890 0.612115
2.892 0.611666
2.894 0.611217
2.896 0.610768
2.898 0.610319
2.900 0.609870
2.902 0.609421
2.904 0.608972
2.906 0.608523
2.908 0.608074
2.910 0.607625
2.912 0.607176
2.914 0.606727
2.916 0.606279
2.918 0.605830
2.920 0.605381
2.922 0.604932
2.924 0.604483
2.926 0.604034
2.928 0.603585
2.930 0.603585
2.932 0.602687
2.934 0.602238
2.936 0.601789
2.938 0.601340
2.940 0.600891
2.942 0.600442
2.944 0.599993
2.946 0.599544
2.948 0.599095
2.950 0.598647
2.952 0.598198
2.954 0.597749
2.956 0.596402
2.958 0.596402
2.960 0.596402
2.962 0.595953
2.964 0.595504
2.966 0.595055
2.968 0.594606
2.970 0.594157
2.972 0.593708
2.974 0.593259
2.976 0.592810
2.978 0.592361
2.980 0.591912
2.982 0.591464
2.984 0.591015
2.986 0.590566
2.988 0.590117
2.990 0.589668
2.992 0.589668
2.994 0.588770
2.996 0.588321
2.998 0.587872
3.000 0.587423
3.002 0.586974
3.004 0.586525
3.006 0.586076
3.008 0.585627
3.010 0.585178
3.012 0.584729
3.014 0.584281
3.016 0.583832
3.018 0.583383
3.020 0.582934
3.022 0.582485
3.024 0.582036
3.026 0.581587
3.028 0.581138
3.030 0.580689
3.032 0.580240
3.034 0.579791
3.036 0.579342
3.038 0.578893
3.040 0.578893
3.042 0.578893
3.044 0.578893
3.046 0.577097
3.048 0.576649
3.050 0.576200
3.052 0.575751
3.054 0.575302
3.056 0.574853
3.058 0.574404
3.060 0.573955
3.062 0.573506
3.064 0.573057
3.066 0.572608
3.068 0.572159
3.070 0.571710
3.072 0.571261
3.074 0.570812
3.076 0.570363
3.078 0.569914
3.080 0.569466
3.082 0.569017
3.084 0.568568
3.086 0.568119
3.088 0.567670
3.090 0.567221
3.092 0.566772
3.094 0.566323
3.096 0.565874
3.098 0.565425
3.100 0.564976
3.102 0.564527
3.104 0.564078
3.106 0.563629
3.108 0.563180
3.110 0.562731
3.112 0.562283
3.114 0.561834
3.116 0.561385
3.118 0.560936
3.120 0.560487
3.122 0.560038
3.124 0.559589
3.126 0.559140
3.128 0.558691
3.130 0.558242
3.132 0.557793
3.134 0.557344
3.136 0.556895
3.138 0.556446
3.140 0.555997
3.142 0.555548
3.144 0.555099
3.146 0.554651
3.148 0.554202
3.150 0.553753
3.152 0.553304
3.154 0.552855
3.156 0.552406
3.158 0.551957
3.160 0.551508
3.162 0.551059
3.164 0.550610
3.166 0.550161
3.168 0.549712
3.170 0.549263
3.172 0.548814
3.174 0.548365
3.176 0.547916
3.178 0.547468
3.180 0.547019
3.182 0.546570
3.184 0.546121
3.186 0.545672
3.188 0.545223
3.190 0.544774
3.192 0.544325
3.194 0.543876
3.196 0.543427
3.198 0.542978
3.200 0.542529
3.202 0.542080
3.204 0.541631
3.206 0.541182
3.208 0.540733
3.210 0.540284
3.212 0.539836
3.214 0.539387
3.216 0.538938
3.218 0.538489
3.220 0.537591
3.222 0.537591
3.224 0.537142
3.226 0.536693
3.228 0.535795
3.230 0.535795
3.232 0.535346
3.234 0.534897
3.236 0.534448
3.238 0.533999
3.240 0.533550
3.242 0.533101
3.244 0.532653
3.246 0.532204
3.248 0.531755
3.250 0.531306
3.252 0.530857
3.254 0.530408
3.256 0.529959
3.258 0.529510
3.260 0.529061
3.262 0.528612
3.264 0.528163
3.266 0.527714
3.268 0.527714
3.270 0.526816
3.272 0.526367
3.274 0.525918
3.276 0.525470
3.278 0.525021
3.280 0.524572
3.282 0.524123
3.284 0.523674
3.286 0.523225
3.288 0.522776
3.290 0.522327
3.292 0.521878
3.294 0.521429
3.296 0.520980
3.298 0.520531
3.300 0.520082
3.302 0.519633
3.304 0.519184
3.306 0.518735
3.308 0.518735
3.310 0.517838
3.312 0.517389
3.314 0.516940
3.316 0.516491
3.318 0.516042
3.320 0.515593
3.322 0.515144
3.324 0.514695
3.326 0.514246
3.328 0.513797
3.330 0.513348
3.332 0.512899
3.334 0.512450
3.336 0.512001
3.338 0.511552
3.340 0.511552
3.342 0.510655
3.344 0.510206
3.346 0.509757
3.348 0.509757
3.350 0.508859
3.352 0.508410
3.354 0.507961
3.356 0.507512
3.358 0.507063
3.360 0.506614
3.362 0.506165
3.364 0.505716
3.366 0.505267
3.368 0.504818
3.370 0.504369
3.372 0.503920
3.374 0.503471
3.376 0.503023
3.378 0.502574
3.380 0.502125
3.382 0.501676
3.384 0.501227
3.386 0.500778
3.388 0.500329
3.390 0.499880
3.392 0.499431
3.394 0.498982
3.396 0.498533
3.398 0.498084
3.400 0.498084
3.402 0.497186
3.404 0.496737
3.406 0.496288
3.408 0.495840
3.410 0.495391
3.412 0.495391
3.414 0.494942
3.416 0.494044
3.418 0.493595
3.420 0.493146
3.422 0.492697
3.424 0.492248
3.426 0.491799
3.428 0.491350
3.430 0.490901
3.432 0.490452
3.434 0.490003
3.436 0.489554
3.438 0.489105
3.440 0.488657
3.442 0.488208
3.444 0.487759
3.446 0.487759
3.448 0.486861
3.450 0.486861
3.452 0.485963
3.454 0.485514
3.456 0.485065
3.458 0.484616
3.460 0.484167
3.462 0.483718
3.464 0.483269
3.466 0.482820
3.468 0.482371
3.470 0.481922
3.472 0.481473
3.474 0.481025
3.476 0.480576
3.478 0.480127
3.480 0.479678
3.482 0.479229
3.484 0.478780
3.486 0.478331
3.488 0.477882
3.490 0.477433
3.492 0.476984
3.494 0.476535
3.496 0.476086
3.498 0.475637
3.500 0.475188
3.502 0.474739
3.504 0.474290
3.506 0.473842
3.508 0.473393
3.510 0.472944
3.512 0.472495
3.514 0.472046
3.516 0.471597
3.518 0.471148
3.520 0.470699
3.522 0.470250
3.524 0.469801
3.526 0.469352
3.528 0.468903
3.530 0.468454
3.532 0.468005
3.534 0.467556
3.536 0.467107
3.538 0.466659
3.540 0.466210
3.542 0.465761
3.544 0.465312
3.546 0.464863
3.548 0.464414
3.550 0.464414
3.552 0.463516
3.554 0.463067
3.556 0.462618
3.558 0.462169
3.560 0.461720
3.562 0.461271
3.564 0.460822
3.566 0.460373
3.568 0.459924
3.570 0.459475
3.572 0.459027
3.574 0.458578
3.576 0.458129
3.578 0.457680
3.580 0.457231
3.582 0.456782
3.584 0.456333
3.586 0.455884
3.588 0.455435
3.590 0.454986
3.592 0.454537
3.594 0.454088
3.596 0.453639
3.598 0.453190
3.600 0.452741
3.602 0.452292
3.604 0.451844
3.606 0.451395
3.608 0.450946
3.610 0.450497
3.612 0.450048
3.614 0.449599
3.616 0.449150
3.618 0.448701
3.620 0.448252
3.622 0.447803
3.624 0.447354
3.626 0.446905
3.628 0.446456
3.630 0.446007
3.632 0.445558
3.634 0.445109
3.636 0.444660
3.638 0.444660
3.640 0.443763
3.642 0.443763
3.644 0.442865
3.646 0.442416
3.648 0.441967
3.650 0.441518
3.652 0.441069
3.654 0.440620
3.656 0.440171
3.658 0.439722
3.660 0.439273
3.662 0.438824
3.664 0.438375
3.666 0.437926
3.668 0.437477
3.670 0.437029
3.672 0.436580
3.674 0.436131
3.676 0.435682
3.678 0.435233
3.680 0.434784
3.682 0.434335
3.684 0.433886
3.686 0.433437
3.688 0.432988
3.690 0.432539
3.692 0.432090
3.694 0.431641
3.696 0.431192
3.698 0.430743
3.700 0.430294
3.702 0.429846
3.704 0.429397
3.706 0.428948
3.708 0.428499
3.710 0.428050
3.712 0.427601
3.714 0.427152
3.716 0.426703
3.718 0.426254
3.720 0.425805
3.722 0.425356
3.724 0.424907
3.726 0.424458
3.728 0.424009
3.730 0.423560
3.732 0.423111
3.734 0.422662
3.736 0.422214
3.738 0.421765
3.740 0.421316
3.742 0.420867
3.744 0.420418
3.746 0.419969
3.748 0.419071
3.750 0.419071
3.752 0.418622
3.754 0.418173
3.756 0.417724
3.758 0.417275
3.760 0.416826
3.762 0.416377
3.764 0.416377
3.766 0.415479
3.768 0.415031
3.770 0.414582
3.772 0.414133
3.774 0.413684
3.776 0.413235
3.778 0.412786
3.780 0.412337
3.782 0.411888
3.784 0.411439
3.786 0.410990
3.788 0.410541
3.790 0.410092
3.792 0.409643
3.794 0.409643
3.796 0.408745
3.798 0.408296
3.800 0.407847
3.802 0.407399
3.804 0.406950
3.806 0.406501
3.808 0.406052
3.810 0.405603
3.812 0.405154
3.814 0.404705
3.816 0.404256
3.818 0.403807
3.820 0.403358
3.822 0.402909
3.824 0.402460
3.826 0.402011
3.828 0.401113
3.830 0.401113
3.832 0.400664
3.834 0.400216
3.836 0.399767
3.838 0.399318
3.840 0.398869
3.842 0.398420
3.844 0.397971
3.846 0.397522
3.848 0.397073
3.850 0.396624
3.852 0.396175
3.854 0.395726
3.856 0.395277
3.858 0.394828
3.860 0.394379
3.862 0.394379
3.864 0.393481
3.866 0.393033
3.868 0.392584
3.870 0.392135
3.872 0.391686
3.874 0.391237
3.876 0.390788
3.878 0.390339
3.880 0.389890
3.882 0.389441
3.884 0.388992
3.886 0.388543
3.888 0.388094
3.890 0.387645
3.892 0.387196
3.894 0.386747
3.896 0.386298
3.898 0.385849
3.900 0.385401
3.902 0.384952
3.904 0.384503
3.906 0.384054
3.908 0.383605
3.910 0.383156
3.912 0.382707
3.914 0.382258
3.916 0.381809
3.918 0.381360
3.920 0.380911
3.922 0.380462
3.924 0.380013
3.926 0.380013
3.928 0.379115
3.930 0.378666
3.932 0.378218
3.934 0.377769
3.936 0.377320
3.938 0.376871
3.940 0.376422
3.942 0.375973
3.944 0.375524
3.946 0.375075
3.948 0.374626
3.950 0.374177
3.952 0.373728
3.954 0.373279
3.956 0.373279
3.958 0.372381
3.960 0.371932
3.962 0.371483
3.964 0.371034
3.966 0.370586
3.968 0.370137
3.970 0.369688
3.972 0.369239
3.974 0.368790
3.976 0.368341
3.978 0.367892
3.980 0.367443
3.982 0.366994
3.984 0.366545
3.986 0.366096
3.988 0.366096
3.990 0.366096
3.992 0.366096
3.994 0.365198
3.996 0.363851
3.998 0.363403
4.000 0.362954
4.002 0.362505
4.004 0.362056
4.006 0.361607
4.008 0.361158
4.010 0.360709
4.012 0.360260
4.014 0.359811
4.016 0.359362
4.018 0.358913
4.020 0.358464
4.022 0.358015
4.024 0.357566
4.026 0.357117
4.028 0.356668
4.030 0.356220
4.032 0.355771
4.034 0.355322
4.036 0.354873
4.038 0.354424
4.040 0.353975
4.042 0.353526
4.044 0.353077
4.046 0.352628
4.048 0.352179
4.050 0.351730
4.052 0.351281
4.054 0.350832
4.056 0.350383
4.058 0.349934
4.060 0.349485
4.062 0.349036
4.064 0.348588
4.066 0.348139
4.068 0.347690
4.070 0.347241
4.072 0.346792
4.074 0.346343
4.076 0.345894
4.078 0.345445
4.080 0.344996
4.082 0.344547
4.084 0.344098
4.086 0.343649
4.088 0.343200
4.090 0.342751
4.092 0.342302
4.094 0.341853
4.096 0.341405
4.098 0.340956
4.100 0.340507
4.102 0.340058
4.104 0.339609
4.106 0.339160
4.108 0.338711
4.110 0.338262
4.112 0.337813
4.114 0.337364
4.116 0.336915
4.118 0.336466
4.120 0.336017
4.122 0.335568
4.124 0.335119
4.126 0.334670
4.128 0.334222
4.130 0.333773
4.132 0.333324
4.134 0.332875
4.136 0.332426
4.138 0.331977
4.140 0.331528
4.142 0.331079
4.144 0.330630
4.146 0.330181
4.148 0.329732
4.150 0.329283
4.152 0.328834
4.154 0.328385
4.156 0.327936
4.158 0.327487
4.160 0.327038
4.162 0.326590
4.164 0.326141
4.166 0.325692
4.168 0.325243
4.170 0.324794
4.172 0.324345
4.174 0.323896
4.176 0.323447
4.178 0.322998
4.180 0.322549
4.182 0.322100
4.184 0.321651
4.186 0.321202
4.188 0.320753
4.190 0.320304
4.192 0.319855
4.194 0.319407
4.196 0.318958
4.198 0.318509
4.200 0.318060
4.202 0.317611
4.204 0.317162
4.206 0.316713
4.208 0.316264
4.210 0.315815
4.212 0.315366
4.214 0.314917
4.216 0.314468
4.218 0.314019
4.220 0.313570
4.222 0.313121
4.224 0.312672
4.226 0.312223
4.228 0.311775
4.230 0.311326
4.232 0.310877
4.234 0.310428
4.236 0.309979
4.238 0.309530
4.240 0.309081
4.242 0.308632
4.244 0.308183
4.246 0.307734
4.248 0.307285
4.250 0.306836
4.252 0.306387
4.254 0.305938
4.256 0.305489
4.258 0.305040
4.260 0.304592
4.262 0.304143
4.264 0.303694
4.266 0.303245
4.268 0.302796
4.270 0.302347
4.272 0.301898
4.274 0.301449
4.276 0.301449
4.278 0.300551
4.280 0.300102
4.282 0.299653
4.284 0.299204
4.286 0.298755
4.288 0.298306
4.290 0.297857
4.292 0.297409
4.294 0.296960
4.296 0.296511
4.298 0.296062
4.300 0.295613
4.302 0.295164
4.304 0.294715
4.306 0.294266
4.308 0.293817
4.310 0.293368
4.312 0.292919
4.314 0.292470
4.316 0.292021
4.318 0.291572
4.320 0.291123
4.322 0.290674
4.324 0.290225
4.326 0.289777
4.328 0.289328
4.330 0.288879
4.332 0.288430
4.334 0.287981
4.336 0.287532
4.338 0.287083
4.340 0.286634
4.342 0.286185
4.344 0.285736
4.346 0.285287
4.348 0.284838
4.350 0.284838
4.352 0.284838
4.354 0.283491
4.356 0.283042
4.358 0.282594
4.360 0.282145
4.362 0.281696
4.364 0.281247
4.366 0.280798
4.368 0.280349
4.370 0.279900
4.372 0.279451
4.374 0.279002
4.376 0.278553
4.378 0.278104
4.380 0.277655
4.382 0.277206
4.384 0.276757
4.386 0.276308
4.388 0.275859
4.390 0.275410
4.392 0.274962
4.394 0.274513
4.396 0.274064
4.398 0.273615
4.400 0.273166
4.402 0.272717
4.404 0.272268
4.406 0.271819
4.408 0.271370
4.410 0.270921
4.412 0.270472
4.414 0.270023
4.416 0.269574
4.418 0.269125
4.420 0.268676
4.422 0.268227
4.424 0.267779
4.426 0.267330
4.428 0.266881
4.430 0.266432
4.432 0.265983
4.434 0.265534
4.436 0.265085
4.438 0.264636
4.440 0.264187
4.442 0.263738
4.444 0.263289
4.446 0.262840
4.448 0.262391
4.450 0.262391
4.452 0.261493
4.454 0.261044
4.456 0.260596
4.458 0.260147
4.460 0.259698
4.462 0.259249
4.464 0.258800
4.466 0.258351
4.468 0.258351
4.470 0.258351
4.472 0.258351
4.474 0.256555
4.476 0.256106
4.478 0.256106
4.480 0.255657
4.482 0.254759
4.484 0.254310
4.486 0.253861
4.488 0.253412
4.490 0.252964
4.492 0.252515
4.494 0.252066
4.496 0.251617
4.498 0.251168
4.500 0.250719
4.502 0.250270
4.504 0.249821
4.506 0.249372
4.508 0.248923
4.510 0.248474
4.512 0.248025
4.514 0.247576
4.516 0.247127
4.518 0.246678
4.520 0.246229
4.522 0.245781
4.524 0.245332
4.526 0.244883
4.528 0.244434
4.530 0.243985
4.532 0.243087
4.534 0.243087
4.536 0.242638
4.538 0.242189
4.540 0.241740
4.542 0.241291
4.544 0.240842
4.546 0.240393
4.548 0.239944
4.550 0.239495
4.552 0.239046
4.554 0.238598
4.556 0.238149
4.558 0.237700
4.560 0.237251
4.562 0.236802
4.564 0.236353
4.566 0.235904
4.568 0.235455
4.570 0.235006
4.572 0.234557
4.574 0.234108
4.576 0.233659
4.578 0.233210
4.580 0.231863
4.582 0.231863
4.584 0.231863
4.586 0.231414
4.588 0.230068
4.590 0.229170
4.592 0.229170
4.594 0.229170
4.596 0.229170
4.598 0.228721
4.600 0.228272
4.602 0.227823
4.604 0.227374
4.606 0.226925
4.608 0.226476
4.610 0.226027
4.612 0.225578
4.614 0.225129
4.616 0.224680
4.618 0.224231
4.620 0.223783
4.622 0.223334
4.624 0.222885
4.626 0.222436
4.628 0.221987
4.630 0.221987
4.632 0.221987
4.634 0.220640
4.636 0.220191
4.638 0.219742
4.640 0.219293
4.642 0.218844
4.644 0.218395
4.646 0.217946
4.648 0.217497
4.650 0.217048
4.652 0.216599
4.654 0.216151
4.656 0.215702
4.658 0.215253
4.660 0.214804
4.662 0.214355
4.664 0.213906
4.666 0.213457
4.668 0.213008
4.670 0.212559
4.672 0.212559
4.674 0.211661
4.676 0.211212
4.678 0.211212
4.680 0.210314
4.682 0.209865
4.684 0.209416
4.686 0.208968
4.688 0.208519
4.690 0.208070
4.692 0.207621
4.694 0.207172
4.696 0.206723
4.698 0.206274
4.700 0.205825
4.702 0.205376
4.704 0.204927
4.706 0.204478
4.708 0.204029
4.710 0.203580
4.712 0.203131
4.714 0.202682
4.716 0.202233
4.718 0.201785
4.720 0.201336
4.722 0.200887
4.724 0.200438
4.726 0.199989
4.728 0.199540
4.730 0.199091
4.732 0.198642
4.734 0.198193
4.736 0.197744
4.738 0.197295
4.740 0.196846
4.742 0.196397
4.744 0.195948
4.746 0.195499
4.748 0.195050
4.750 0.194601
4.752 0.194153
4.754 0.193704
4.756 0.193255
4.758 0.192806
4.760 0.192357
4.762 0.191908
4.764 0.191459
4.766 0.191010
4.768 0.190561
4.770 0.190112
4.772 0.189663
4.774 0.189214
4.776 0.188765
4.778 0.188316
4.780 0.187867
4.782 0.187418
4.784 0.186970
4.786 0.186521
4.788 0.186072
4.790 0.185623
4.792 0.185174
4.794 0.184725
4.796 0.184276
4.798 0.183827
4.800 0.183378
4.802 0.182929
4.804 0.182480
4.806 0.182031
4.808 0.181582
4.810 0.181133
4.812 0.180684
4.814 0.180235
4.816 0.179786
4.818 0.179338
4.820 0.178889
4.822 0.178440
4.824 0.177991
4.826 0.177542
4.828 0.177093
4.830 0.176644
4.832 0.176195
4.834 0.175746
4.836 0.175297
4.838 0.174848
4.840 0.174399
4.842 0.173950
4.844 0.173501
4.846 0.173052
4.848 0.172603
4.850 0.172155
4.852 0.171706
4.854 0.171257
4.856 0.170808
4.858 0.170359
4.860 0.169910
4.862 0.169461
4.864 0.169012
4.866 0.168563
4.868 0.168114
4.870 0.167665
4.872 0.167216
4.874 0.166767
4.876 0.166318
4.878 0.165869
4.880 0.165420
4.882 0.164972
4.884 0.164523
4.886 0.164074
4.888 0.163625
4.890 0.163176
4.892 0.162727
4.894 0.162278
4.896 0.161829
4.898 0.161380
4.900 0.160931
4.902 0.160482
4.904 0.160033
4.906 0.159584
4.908 0.159135
4.910 0.159135
4.912 0.158237
4.914 0.157788
4.916 0.157340
4.918 0.156891
4.920 0.156442
4.922 0.155993
4.924 0.155544
4.926 0.155095
4.928 0.154646
4.930 0.154197
4.932 0.153748
4.934 0.153299
4.936 0.152850
4.938 0.152401
4.940 0.151952
4.942 0.151503
4.944 0.151054
4.946 0.150605
4.948 0.150157
4.950 0.150157
4.952 0.149259
4.954 0.148810
4.956 0.148361
4.958 0.147912
4.960 0.147463
4.962 0.147014
4.964 0.146565
4.966 0.146116
4.968 0.145667
4.970 0.145218
4.972 0.144769
4.974 0.144320
4.976 0.143871
4.978 0.143422
4.980 0.142973
4.982 0.142525
4.984 0.142076
4.986 0.141627
4.988 0.141627
4.990 0.140729
4.992 0.140280
4.994 0.139831
4.996 0.139382
4.998 0.138933
5.000 0.138484
5.002 0.138035
5.004 0.137586
5.006 0.137137
5.008 0.136688
5.010 0.136239
5.012 0.135790
5.014 0.135342
5.016 0.134893
5.018 0.134444
5.020 0.133995
5.022 0.133546
5.024 0.133097
5.026 0.132648
5.028 0.132199
5.030 0.131750
5.032 0.131301
5.034 0.130852
5.036 0.130403
5.038 0.129954
5.040 0.129505
5.042 0.129056
5.044 0.128607
5.046 0.128159
5.048 0.127710
5.050 0.127261
5.052 0.126812
5.054 0.126363
5.056 0.125914
5.058 0.125465
5.060 0.125016
5.062 0.124567
5.064 0.124118
5.066 0.123669
5.068 0.123220
5.070 0.122771
5.072 0.122322
5.074 0.121873
5.076 0.121873
5.078 0.120975
5.080 0.120527
5.082 0.120078
5.084 0.119629
5.086 0.119180
5.088 0.118731
5.090 0.118282
5.092 0.117833
5.094 0.117384
5.096 0.116935
5.098 0.116486
5.100 0.116037
5.102 0.115588
5.104 0.115139
5.106 0.114690
5.108 0.114241
5.110 0.113792
5.112 0.113344
5.114 0.112895
5.116 0.112446
5.118 0.111997
5.120 0.111548
5.122 0.111099
5.124 0.110650
5.126 0.110201
5.128 0.109752
5.130 0.109303
5.132 0.108854
5.134 0.108405
5.136 0.107956
5.138 0.107507
5.140 0.107058
5.142 0.106609
5.144 0.106161
5.146 0.105712
5.148 0.105263
5.150 0.104814
5.152 0.104365
5.154 0.103916
5.156 0.103467
5.158 0.103018
5.160 0.102569
5.162 0.102120
5.164 0.101671
5.166 0.101222
5.168 0.100773
5.170 0.100324
5.172 0.099875
5.174 0.099426
5.176 0.098977
5.178 0.098529
5.180 0.098080
5.182 0.097631
5.184 0.097182
5.186 0.096733
5.188 0.096284
5.190 0.095835
5.192 0.095386
5.194 0.094937
5.196 0.094488
5.198 0.094039
5.200 0.093590
5.202 0.093141
5.204 0.092692
5.206 0.092243
5.208 0.091794
5.210 0.091346
5.212 0.090897
5.214 0.090448
5.216 0.089999
5.218 0.089550
5.220 0.089101
5.222 0.088652
5.224 0.088203
5.226 0.087754
5.228 0.087305
5.230 0.086856
5.232 0.086407
5.234 0.085958
5.236 0.085509
5.238 0.085060
5.240 0.084611
5.242 0.084162
5.244 0.083714
5.246 0.083265
5.248 0.082816
5.250 0.082367
5.252 0.081918
5.254 0.081469
5.256 0.081020
5.258 0.080571
5.260 0.080122
5.262 0.079673
5.264 0.079224
5.266 0.078775
5.268 0.078775
5.270 0.078775
5.272 0.078775
5.274 0.076979
5.276 0.076531
5.278 0.076082
5.280 0.075633
5.282 0.075184
5.284 0.074735
5.286 0.074286
5.288 0.073837
5.290 0.073388
5.292 0.072939
5.294 0.072490
5.296 0.072041
5.298 0.071592
5.300 0.071592
5.302 0.070694
5.304 0.070245
5.306 0.069796
5.308 0.069348
5.310 0.068899
5.312 0.068899
5.314 0.068001
5.316 0.067552
5.318 0.067103
5.320 0.066654
5.322 0.066205
5.324 0.065756
5.326 0.065307
5.328 0.064858
5.330 0.064409
5.332 0.063960
5.334 0.063511
5.336 0.063062
5.338 0.062613
5.340 0.062164
5.342 0.061716
5.344 0.061267
5.346 0.060818
5.348 0.060369
5.350 0.059920
5.352 0.059471
5.354 0.059022
5.356 0.058573
5.358 0.058124
5.360 0.057675
5.362 0.057226
5.364 0.056328
5.366 0.056328
5.368 0.055879
5.370 0.055430
5.372 0.054981
5.374 0.054533
5.376 0.054084
5.378 0.054084
5.380 0.053186
5.382 0.052737
5.384 0.052288
5.386 0.051839
5.388 0.050492
5.390 0.050492
5.392 0.050492
5.394 0.050043
5.396 0.049594
5.398 0.049594
5.400 0.048696
5.402 0.048247
5.404 0.047798
5.406 0.047349
5.408 0.046901
5.410 0.046452
5.412 0.046003
5.414 0.045554
5.416 0.045105
5.418 0.044656
5.420 0.044207
5.422 0.043758
5.424 0.043309
5.426 0.042860
5.428 0.042411
5.430 0.042411
5.432 0.041513
5.434 0.041064
5.436 0.040615
5.438 0.040166
5.440 0.039718
5.442 0.039269
5.444 0.038820
5.446 0.038371
5.448 0.037922
5.450 0.037473
5.452 0.037024
5.454 0.036575
5.456 0.036126
5.458 0.035677
5.460 0.035677
5.462 0.034779
5.464 0.034330
5.466 0.033881
5.468 0.033432
5.470 0.032983
5.472 0.032535
5.474 0.032086
5.476 0.031637
5.478 0.031188
5.480 0.030739
5.482 0.030290
5.484 0.029841
5.486 0.029392
5.488 0.028943
5.490 0.028494
5.492 0.028045
5.494 0.027596
5.496 0.027147
5.498 0.026698
5.500 0.026249
5.502 0.025800
5.504 0.025351
5.506 0.024903
5.508 0.024903
5.510 0.024454
5.512 0.024005
5.514 0.023556
5.516 0.023556
5.518 0.022209
5.520 0.021760
5.522 0.021311
5.524 0.020862
5.526 0.020413
5.528 0.019964
5.530 0.019515
5.532 0.019066
5.534 0.018617
5.536 0.018168
5.538 0.017720
5.540 0.017271
5.542 0.016822
5.544 0.016373
5.546 0.015924
5.548 0.015924
5.550 0.015026
5.552 0.014577
5.554 0.014128
5.556 0.013230
5.558 0.013230
5.560 0.012781
5.562 0.012332
5.564 0.011883
5.566 0.011434
5.568 0.010985
5.570 0.010537
5.572 0.010088
5.574 0.009639
5.576 0.009190
5.578 0.008741
5.580 0.008292
5.582 0.007843
5.584 0.007394
5.586 0.006945
5.588 0.006496
5.590 0.006496
5.592 0.005598
5.594 0.005149
5.596 0.004700
5.598 0.004251
5.600 0.003802
5.602 0.003353
5.604 0.002905
5.606 0.002456
5.608 0.002007
5.610 0.001558
5.612 0.001109
5.614 0.000660
5.616 0.000211
5.618 -0.000238
5.620 -0.000687
5.622 -0.001136
5.624 -0.001585
5.626 -0.002034
5.628 -0.002483
5.630 -0.002932
5.632 -0.003381
5.634 -0.003830
5.636 -0.004278
5.638 -0.004727
5.640 -0.005176
5.642 -0.005625
5.644 -0.006074
5.646 -0.006523
5.648 -0.006972
5.650 -0.007870
5.652 -0.007870
5.654 -0.008319
5.656 -0.008768
5.658 -0.009217
5.660 -0.009666
5.662 -0.010115
5.664 -0.010564
5.666 -0.011013
5.668 -0.011462
5.670 -0.011910
5.672 -0.012359
5.674 -0.012808
5.676 -0.013257
5.678 -0.013706
5.680 -0.014155
5.682 -0.014604
5.684 -0.015053
5.686 -0.015502
5.688 -0.015951
5.690 -0.016400
5.692 -0.016849
5.694 -0.017298
5.696 -0.017747
5.698 -0.018196
5.700 -0.018645
5.702 -0.019093
5.704 -0.019542
5.706 -0.019991
5.708 -0.020440
5.710 -0.020889
5.712 -0.020889
5.714 -0.021787
5.716 -0.022236
5.718 -0.022685
5.720 -0.023134
5.722 -0.023583
5.724 -0.024032
5.726 -0.024481
5.728 -0.024930
5.730 -0.025379
5.732 -0.025828
5.734 -0.026276
5.736 -0.026725
5.738 -0.027174
5.740 -0.027623
5.742 -0.028072
5.744 -0.028521
5.746 -0.028970
5.748 -0.028970
5.750 -0.028970
5.752 -0.030317
5.754 -0.030766
5.756 -0.031215
5.758 -0.031664
5.760 -0.032113
5.762 -0.032562
5.764 -0.033011
5.766 -0.033460
5.768 -0.033908
5.770 -0.034357
5.772 -0.034806
5.774 -0.035255
5.776 -0.035704
5.778 -0.036153
5.780 -0.036602
5.782 -0.037051
5.784 -0.037500
5.786 -0.037949
5.788 -0.039296
5.790 -0.039745
5.792 -0.040194
5.794 -0.040194
5.796 -0.040194
5.798 -0.040643
5.800 -0.041091
5.802 -0.041540
5.804 -0.041989
5.806 -0.042438
5.808 -0.042887
5.810 -0.043336
5.812 -0.043785
5.814 -0.044234
5.816 -0.044683
5.818 -0.045132
5.820 -0.045581
5.822 -0.046030
5.824 -0.046479
5.826 -0.046928
5.828 -0.047377
5.830 -0.047826
5.832 -0.047826
5.834 -0.048723
5.836 -0.049172
5.838 -0.049621
5.840 -0.049621
5.842 -0.050519
5.844 -0.050968
5.846 -0.051417
5.848 -0.051866
5.850 -0.052315
5.852 -0.052764
5.854 -0.053213
5.856 -0.053662
5.858 -0.054111
5.860 -0.054560
5.862 -0.055009
5.864 -0.055458
5.866 -0.055906
5.868 -0.056355
5.870 -0.056804
5.872 -0.057253
5.874 -0.057702
5.876 -0.057702
5.878 -0.058151
5.880 -0.059049
5.882 -0.059498
5.884 -0.059947
5.886 -0.060396
5.888 -0.060845
5.890 -0.061294
5.892 -0.061743
5.894 -0.062192
5.896 -0.062641
5.898 -0.063089
5.900 -0.063538
5.902 -0.063987
5.904 -0.064436
5.906 -0.064885
5.908 -0.065334
5.910 -0.065783
5.912 -0.065783
5.914 -0.066681
5.916 -0.067130
5.918 -0.067579
5.920 -0.068028
5.922 -0.068477
5.924 -0.068926
5.926 -0.069375
5.928 -0.069824
5.930 -0.070273
5.932 -0.070721
5.934 -0.071170
5.936 -0.071619
5.938 -0.072068
5.940 -0.072517
5.942 -0.072966
5.944 -0.073415
5.946 -0.073864
5.948 -0.074313
5.950 -0.074762
5.952 -0.075211
5.954 -0.075660
5.956 -0.076109
5.958 -0.076558
5.960 -0.077007
5.962 -0.077007
5.964 -0.077904
5.966 -0.078353
5.968 -0.078802
5.970 -0.079251
5.972 -0.079251
5.974 -0.080149
5.976 -0.080598
5.978 -0.081047
5.980 -0.081496
5.982 -0.081945
5.984 -0.082394
5.986 -0.082843
5.988 -0.083292
5.990 -0.083741
5.992 -0.084190
5.994 -0.084639
5.996 -0.085088
5.998 -0.085536
6.000 -0.085985
6.002 -0.086434
6.004 -0.086883
6.006 -0.087332
6.008 -0.087781
6.010 -0.088230
6.012 -0.088679
6.014 -0.089128
6.016 -0.089577
6.018 -0.090026
6.020 -0.090475
6.022 -0.090924
6.024 -0.091373
6.026 -0.091822
6.028 -0.091822
6.030 -0.094066
6.032 -0.094066
6.034 -0.094066
6.036 -0.094066
6.038 -0.094515
6.040 -0.094964
6.042 -0.095413
6.044 -0.095862
6.046 -0.096311
6.048 -0.096760
6.050 -0.097209
6.052 -0.097658
6.054 -0.098107
6.056 -0.098556
6.058 -0.099005
6.060 -0.099454
6.062 -0.099902
6.064 -0.100351
6.066 -0.100800
6.068 -0.101249
6.070 -0.101698
6.072 -0.102147
6.074 -0.102596
6.076 -0.103045
6.078 -0.103494
6.080 -0.103943
6.082 -0.104392
6.084 -0.104841
6.086 -0.105290
6.088 -0.105739
6.090 -0.106188
6.092 -0.106637
6.094 -0.107086
6.096 -0.107534
6.098 -0.107983
6.100 -0.107983
6.102 -0.108432
6.104 -0.109330
6.106 -0.109779
6.108 -0.110228
6.110 -0.110677
6.112 -0.111126
6.114 -0.111575
6.116 -0.112024
6.118 -0.112473
6.120 -0.112922
6.122 -0.113371
6.124 -0.113820
6.126 -0.114269
6.128 -0.114717
6.130 -0.115166
6.132 -0.115615
6.134 -0.116064
6.136 -0.116513
6.138 -0.116962
6.140 -0.117411
6.142 -0.117860
6.144 -0.118309
6.146 -0.118758
6.148 -0.119207
6.150 -0.119656
6.152 -0.120105
6.154 -0.120554
6.156 -0.121003
6.158 -0.121452
6.160 -0.121900
6.162 -0.122349
6.164 -0.122798
6.166 -0.123247
6.168 -0.123696
6.170 -0.124145
6.172 -0.124594
6.174 -0.125043
6.176 -0.125492
6.178 -0.125941
6.180 -0.126390
6.182 -0.126839
6.184 -0.127288
6.186 -0.127737
6.188 -0.128186
6.190 -0.128635
6.192 -0.129084
6.194 -0.129532
6.196 -0.129981
6.198 -0.130430
6.200 -0.130879
6.202 -0.131328
6.204 -0.131777
6.206 -0.132226
6.208 -0.132675
6.210 -0.133124
6.212 -0.133573
6.214 -0.134022
6.216 -0.134471
6.218 -0.134920
6.220 -0.135369
6.222 -0.135818
6.224 -0.136267
6.226 -0.136715
6.228 -0.137164
6.230 -0.137164
6.232 -0.137613
6.234 -0.138511
6.236 -0.138960
6.238 -0.139409
6.240 -0.141205
6.242 -0.141654
6.244 -0.141654
6.246 -0.141654
6.248 -0.141654
6.250 -0.142103
6.252 -0.142552
6.254 -0.143001
6.256 -0.143450
6.258 -0.143899
6.260 -0.144347
6.262 -0.144796
6.264 -0.145245
6.266 -0.145694
6.268 -0.146143
6.270 -0.146592
6.272 -0.147041
6.274 -0.147939
6.276 -0.148388
6.278 -0.148837
6.280 -0.148837
6.282 -0.149286
6.284 -0.149735
6.286 -0.150184
6.288 -0.150633
6.290 -0.151082
6.292 -0.151530
6.294 -0.151979
6.296 -0.152428
6.298 -0.152877
6.300 -0.152877
6.302 -0.153775
6.304 -0.154224
6.306 -0.154673
6.308 -0.155122
6.310 -0.155571
6.312 -0.156020
6.314 -0.156469
6.316 -0.156918
6.318 -0.157367
6.320 -0.157816
6.322 -0.158265
6.324 -0.158713
6.326 -0.159162
6.328 -0.159611
6.330 -0.159611
6.332 -0.160509
6.334 -0.160958
6.336 -0.161407
6.338 -0.161856
6.340 -0.162305
6.342 -0.162754
6.344 -0.163203
6.346 -0.163652
6.348 -0.164101
6.350 -0.164550
6.352 -0.164999
6.354 -0.165448
6.356 -0.165897
6.358 -0.166345
6.360 -0.166794
6.362 -0.166794
6.364 -0.167692
6.366 -0.168141
6.368 -0.168590
6.370 -0.169039
6.372 -0.169488
6.374 -0.169937
6.376 -0.170386
6.378 -0.170835
6.380 -0.171284
6.382 -0.171733
6.384 -0.172182
6.386 -0.172631
6.388 -0.173080
6.390 -0.173080
6.392 -0.173977
6.394 -0.174426
6.396 -0.174875
6.398 -0.175324
6.400 -0.175324
6.402 -0.176222
6.404 -0.176671
6.406 -0.177120
6.408 -0.177569
6.410 -0.178018
6.412 -0.178467
6.414 -0.178916
6.416 -0.179365
6.418 -0.179814
6.420 -0.180263
6.422 -0.180712
6.424 -0.181160
6.426 -0.181609
6.428 -0.182058
6.430 -0.182507
6.432 -0.182956
6.434 -0.183405
6.436 -0.183854
6.438 -0.184303
6.440 -0.184752
6.442 -0.185201
6.444 -0.185650
6.446 -0.186099
6.448 -0.186548
6.450 -0.186997
6.452 -0.187446
6.454 -0.187895
6.456 -0.188343
6.458 -0.188792
6.460 -0.189241
6.462 -0.189690
6.464 -0.190139
6.466 -0.190588
6.468 -0.191037
6.470 -0.191037
6.472 -0.191935
6.474 -0.192384
6.476 -0.192833
6.478 -0.193282
6.480 -0.193731
6.482 -0.193731
6.484 -0.194629
6.486 -0.195078
6.488 -0.195526
6.490 -0.195975
6.492 -0.196424
6.494 -0.196873
6.496 -0.197322
6.498 -0.197771
6.500 -0.198220
6.502 -0.198669
6.504 -0.199118
6.506 -0.199567
6.508 -0.200016
6.510 -0.200465
6.512 -0.200914
6.514 -0.201363
6.516 -0.201812
6.518 -0.202261
6.520 -0.202710
6.522 -0.203158
6.524 -0.203607
6.526 -0.204056
6.528 -0.204505
6.530 -0.204954
6.532 -0.205403
6.534 -0.205852
6.536 -0.206301
6.538 -0.206750
6.540 -0.207199
6.542 -0.207648
6.544 -0.208097
6.546 -0.208546
6.548 -0.208995
6.550 -0.209444
6.552 -0.209893
6.554 -0.210341
6.556 -0.211239
6.558 -0.211239
6.560 -0.211688
6.562 -0.212137
6.564 -0.212586
6.566 -0.213035
6.568 -0.213484
6.570 -0.213933
6.572 -0.214382
6.574 -0.214831
6.576 -0.215280
6.578 -0.215729
6.580 -0.216178
6.582 -0.216627
6.584 -0.217076
6.586 -0.217524
6.588 -0.217524
6.590 -0.218422
6.592 -0.218871
6.594 -0.219320
6.596 -0.219769
6.598 -0.220218
6.600 -0.220667
6.602 -0.221116
6.604 -0.221565
6.606 -0.222014
6.608 -0.222463
6.610 -0.222912
6.612 -0.223361
6.614 -0.223810
6.616 -0.224259
6.618 -0.224708
6.620 -0.225156
6.622 -0.225605
6.624 -0.226054
6.626 -0.226503
6.628 -0.226952
6.630 -0.227401
6.632 -0.227850
6.634 -0.228299
6.636 -0.228748
6.638 -0.229197
6.640 -0.229646
6.642 -0.230095
6.644 -0.230993
6.646 -0.230993
6.648 -0.231442
6.650 -0.231891
6.652 -0.232339
6.654 -0.232788
6.656 -0.233237
6.658 -0.233686
6.660 -0.234135
6.662 -0.234584
6.664 -0.235033
6.666 -0.235482
6.668 -0.235931
6.670 -0.236380
6.672 -0.236829
6.674 -0.237727
6.676 -0.239074
6.678 -0.239074
6.680 -0.239523
6.682 -0.239523
6.684 -0.239523
6.686 -0.239971
6.688 -0.240420
6.690 -0.240869
6.692 -0.241318
6.694 -0.241767
6.696 -0.242216
6.698 -0.242665
6.700 -0.243114
6.702 -0.243563
6.704 -0.244012
6.706 -0.244461
6.708 -0.244910
6.710 -0.245359
6.712 -0.245808
6.714 -0.246257
6.716 -0.246706
6.718 -0.247154
6.720 -0.247603
6.722 -0.248052
6.724 -0.248501
6.726 -0.248950
6.728 -0.249399
6.730 -0.249848
6.732 -0.250297
6.734 -0.250746
6.736 -0.251195
6.738 -0.251644
6.740 -0.252093
6.742 -0.252542
6.744 -0.252991
6.746 -0.253440
6.748 -0.253889
6.750 -0.254337
6.752 -0.254786
6.754 -0.255235
6.756 -0.255684
6.758 -0.256133
6.760 -0.256582
6.762 -0.257031
6.764 -0.257031
6.766 -0.257929
6.768 -0.258378
6.770 -0.258827
6.772 -0.259276
6.774 -0.259725
6.776 -0.260174
6.778 -0.260623
6.780 -0.261072
6.782 -0.261521
6.784 -0.261969
6.786 -0.262418
6.788 -0.262867
6.790 -0.263316
6.792 -0.263765
6.794 -0.264214
6.796 -0.264663
6.798 -0.265112
6.800 -0.265561
6.802 -0.266010
6.804 -0.266459
6.806 -0.266908
6.808 -0.267357
6.810 -0.267806
6.812 -0.268255
6.814 -0.268704
6.816 -0.269152
6.818 -0.269601
6.820 -0.270050
6.822 -0.270499
6.824 -0.270948
6.826 -0.271397
6.828 -0.271846
6.830 -0.272295
6.832 -0.272744
6.834 -0.273193
6.836 -0.273642
6.838 -0.274091
6.840 -0.274540
6.842 -0.274989
6.844 -0.275438
6.846 -0.275887
6.848 -0.275887
6.850 -0.276784
6.852 -0.277233
6.854 -0.277682
6.856 -0.278131
6.858 -0.278580
6.860 -0.279029
6.862 -0.279478
6.864 -0.279927
6.866 -0.280376
6.868 -0.280825
6.870 -0.281274
6.872 -0.281723
6.874 -0.282172
6.876 -0.282621
6.878 -0.283070
6.880 -0.283519
6.882 -0.283967
6.884 -0.284416
6.886 -0.284865
6.888 -0.285314
6.890 -0.285763
6.892 -0.286212
6.894 -0.286661
6.896 -0.287110
6.898 -0.287559
6.900 -0.287559
6.902 -0.288457
6.904 -0.288906
6.906 -0.289355
6.908 -0.289804
6.910 -0.290253
6.912 -0.290702
6.914 -0.291150
6.916 -0.291599
6.918 -0.292048
6.920 -0.292497
6.922 -0.292946
6.924 -0.293395
6.926 -0.293844
6.928 -0.294293
6.930 -0.294742
6.932 -0.295191
6.934 -0.295640
6.936 -0.296089
6.938 -0.296538
6.940 -0.296987
6.942 -0.297436
6.944 -0.297885
6.946 -0.298334
6.948 -0.298782
6.950 -0.298782
6.952 -0.299231
6.954 -0.300129
6.956 -0.300578
6.958 -0.301027
6.960 -0.301476
6.962 -0.301925
6.964 -0.302374
6.966 -0.302374
6.968 -0.303272
6.970 -0.303721
6.972 -0.304170
6.974 -0.304619
6.976 -0.305068
6.978 -0.305517
6.980 -0.305965
6.982 -0.306414
6.984 -0.306863
6.986 -0.307312
6.988 -0.307312
6.990 -0.308210
6.992 -0.308659
6.994 -0.309108
6.996 -0.309557
6.998 -0.310006
7.000 -0.310006
7.002 -0.310904
7.004 -0.311353
7.006 -0.311802
7.008 -0.312251
7.010 -0.312700
7.012 -0.313149
7.014 -0.313597
7.016 -0.314046
7.018 -0.314495
7.020 -0.314944
7.022 -0.315393
7.024 -0.315842
7.026 -0.316291
7.028 -0.316740
7.030 -0.317189
7.032 -0.317638
7.034 -0.318087
7.036 -0.318536
7.038 -0.318985
7.040 -0.319434
7.042 -0.319883
7.044 -0.320332
7.046 -0.320780
7.048 -0.321229
7.050 -0.321678
7.052 -0.322127
7.054 -0.322576
7.056 -0.323025
7.058 -0.323474
7.060 -0.323923
7.062 -0.324372
7.064 -0.324821
7.066 -0.325270
7.068 -0.325719
7.070 -0.325719
7.072 -0.325719
7.074 -0.325719
7.076 -0.326617
7.078 -0.327515
7.080 -0.327963
7.082 -0.328861
7.084 -0.329310
7.086 -0.329759
7.088 -0.330208
7.090 -0.330657
7.092 -0.331106
7.094 -0.331555
7.096 -0.332004
7.098 -0.332453
7.100 -0.332902
7.102 -0.333351
7.104 -0.333800
7.106 -0.334249
7.108 -0.334249
7.110 -0.335147
7.112 -0.335595
7.114 -0.336044
7.116 -0.336493
7.118 -0.336942
7.120 -0.337391
7.122 -0.337840
7.124 -0.338289
7.126 -0.338738
7.128 -0.339187
7.130 -0.339636
7.132 -0.340085
7.134 -0.340534
7.136 -0.340983
7.138 -0.341432
7.140 -0.341881
7.142 -0.342330
7.144 -0.342778
7.146 -0.343227
7.148 -0.343676
7.150 -0.344125
7.152 -0.344574
7.154 -0.345023
7.156 -0.345472
7.158 -0.345921
7.160 -0.346370
7.162 -0.346819
7.164 -0.347268
7.166 -0.347717
7.168 -0.348166
7.170 -0.348615
7.172 -0.349064
7.174 -0.349513
7.176 -0.349961
7.178 -0.350410
7.180 -0.350859
7.182 -0.351308
7.184 -0.351757
7.186 -0.352206
7.188 -0.352655
7.190 -0.352655
7.192 -0.353104
7.194 -0.354002
7.196 -0.354451
7.198 -0.354900
7.200 -0.355349
7.202 -0.355798
7.204 -0.356247
7.206 -0.356696
7.208 -0.357145
7.210 -0.357593
7.212 -0.358042
7.214 -0.358491
7.216 -0.358940
7.218 -0.359389
7.220 -0.359838
7.222 -0.360287
7.224 -0.360736
7.226 -0.361185
7.228 -0.361634
7.230 -0.362083
7.232 -0.362532
7.234 -0.362981
7.236 -0.363430
7.238 -0.364776
7.240 -0.364776
7.242 -0.364776
7.244 -0.365225
7.246 -0.365674
7.248 -0.366123
7.250 -0.366572
7.252 -0.367021
7.254 -0.367470
7.256 -0.367919
7.258 -0.368368
7.260 -0.368817
7.262 -0.369266
7.264 -0.369715
7.266 -0.370164
7.268 -0.370613
7.270 -0.371062
7.272 -0.371511
7.274 -0.371960
7.276 -0.372408
7.278 -0.372857
7.280 -0.373306
7.282 -0.373755
7.284 -0.374653
7.286 -0.374653
7.288 -0.375102
7.290 -0.375551
7.292 -0.376000
7.294 -0.376449
7.296 -0.376898
7.298 -0.377347
7.300 -0.377796
7.302 -0.378245
7.304 -0.378694
7.306 -0.379143
7.308 -0.379591
7.310 -0.380040
7.312 -0.380489
7.314 -0.380938
7.316 -0.381387
7.318 -0.381836
7.320 -0.382285
7.322 -0.382734
7.324 -0.383183
7.326 -0.383632
7.328 -0.384081
7.330 -0.384530
7.332 -0.384979
7.334 -0.385428
7.336 -0.385877
7.338 -0.386326
7.340 -0.386774
7.342 -0.387223
7.344 -0.387672
7.346 -0.388121
7.348 -0.388570
7.350 -0.389019
7.352 -0.389468
7.354 -0.389917
7.356 -0.390366
7.358 -0.390815
7.360 -0.391264
7.362 -0.391713
7.364 -0.392162
7.366 -0.392611
7.368 -0.393060
7.370 -0.393509
7.372 -0.393958
7.374 -0.394406
7.376 -0.394855
7.378 -0.395304
7.380 -0.395753
7.382 -0.396202
7.384 -0.396651
7.386 -0.397100
7.388 -0.397549
7.390 -0.397549
7.392 -0.397549
7.394 -0.397549
7.396 -0.397549
7.398 -0.397549
7.400 -0.400243
7.402 -0.400692
7.404 -0.401141
7.406 -0.401589
7.408 -0.402038
7.410 -0.402487
7.412 -0.402936
7.414 -0.403385
7.416 -0.403834
7.418 -0.404283
7.420 -0.404732
7.422 -0.405181
7.424 -0.405630
7.426 -0.406079
7.428 -0.406528
7.430 -0.406977
7.432 -0.407426
7.434 -0.407875
7.436 -0.408324
7.438 -0.408773
7.440 -0.409221
7.442 -0.409221
7.444 -0.410119
7.446 -0.410568
7.448 -0.411017
7.450 -0.411466
7.452 -0.411915
7.454 -0.412364
7.456 -0.412813
7.458 -0.413262
7.460 -0.413711
7.462 -0.414160
7.464 -0.414609
7.466 -0.415058
7.468 -0.415507
7.470 -0.415956
7.472 -0.416404
7.474 -0.416853
7.476 -0.417302
7.478 -0.417751
7.480 -0.418200
7.482 -0.418649
7.484 -0.419098
7.486 -0.419547
7.488 -0.419996
7.490 -0.420445
7.492 -0.420894
7.494 -0.421343
7.496 -0.421792
7.498 -0.422241
7.500 -0.422690
7.502 -0.423139
7.504 -0.423587
7.506 -0.424036
7.508 -0.424485
7.510 -0.424934
7.512 -0.425383
7.514 -0.425832
7.516 -0.426281
7.518 -0.426730
7.520 -0.427179
7.522 -0.427628
7.524 -0.428077
7.526 -0.428526
7.528 -0.428975
7.530 -0.428975
7.532 -0.429873
7.534 -0.430322
7.536 -0.430771
7.538 -0.431219
7.540 -0.431668
7.542 -0.432117
7.544 -0.432566
7.546 -0.433015
7.548 -0.433464
7.550 -0.433913
7.552 -0.434362
7.554 -0.434811
7.556 -0.435260
7.558 -0.435260
7.560 -0.436158
7.562 -0.436607
7.564 -0.437056
7.566 -0.437505
7.568 -0.437954
7.570 -0.438402
7.572 -0.438851
7.574 -0.439300
7.576 -0.439749
7.578 -0.440198
7.580 -0.440647
7.582 -0.441096
7.584 -0.441545
7.586 -0.441994
7.588 -0.442443
7.590 -0.442892
7.592 -0.443341
7.594 -0.443790
7.596 -0.444239
7.598 -0.444688
7.600 -0.445137
7.602 -0.445586
7.604 -0.446034
7.606 -0.446483
7.608 -0.446932
7.610 -0.447381
7.612 -0.447830
7.614 -0.448279
7.616 -0.448728
7.618 -0.449177
7.620 -0.449626
7.622 -0.450075
7.624 -0.450524
7.626 -0.450973
7.628 -0.451422
7.630 -0.451871
7.632 -0.452320
7.634 -0.452769
7.636 -0.453217
7.638 -0.453666
7.640 -0.454115
7.642 -0.454564
7.644 -0.455013
7.646 -0.455013
7.648 -0.455462
7.650 -0.455911
7.652 -0.456809
7.654 -0.457258
7.656 -0.457707
7.658 -0.458156
7.660 -0.458605
7.662 -0.459054
7.664 -0.459503
7.666 -0.459952
7.668 -0.460400
7.670 -0.460849
7.672 -0.461298
7.674 -0.461747
7.676 -0.462196
7.678 -0.462645
7.680 -0.463094
7.682 -0.463543
7.684 -0.463992
7.686 -0.464441
7.688 -0.464890
7.690 -0.465339
7.692 -0.465788
7.694 -0.466237
7.696 -0.466686
7.698 -0.466686
7.700 -0.467135
7.702 -0.468032
7.704 -0.468481
7.706 -0.468930
7.708 -0.469379
7.710 -0.469828
7.712 -0.470277
7.714 -0.470726
7.716 -0.471175
7.718 -0.471624
7.720 -0.472073
7.722 -0.472522
7.724 -0.472971
7.726 -0.473420
7.728 -0.473869
7.730 -0.474318
7.732 -0.475215
7.734 -0.475215
7.736 -0.475664
7.738 -0.476113
7.740 -0.476562
7.742 -0.477011
7.744 -0.477460
7.746 -0.477909
7.748 -0.477909
7.750 -0.478358
7.752 -0.479256
7.754 -0.479705
7.756 -0.480154
7.758 -0.480603
7.760 -0.481052
7.762 -0.481501
7.764 -0.481950
7.766 -0.482398
7.768 -0.482847
7.770 -0.483296
7.772 -0.483745
7.774 -0.484194
7.776 -0.484643
7.778 -0.485092
7.780 -0.485541
7.782 -0.485990
7.784 -0.486439
7.786 -0.486888
7.788 -0.487337
7.790 -0.487786
7.792 -0.488235
7.794 -0.488684
7.796 -0.489133
7.798 -0.489582
7.800 -0.490030
7.802 -0.490479
7.804 -0.490928
7.806 -0.491377
7.808 -0.491826
7.810 -0.492275
7.812 -0.492724
7.814 -0.493173
7.816 -0.493622
7.818 -0.494071
7.820 -0.494520
7.822 -0.494969
7.824 -0.495418
7.826 -0.495867
7.828 -0.496316
7.830 -0.497213
7.832 -0.497213
7.834 -0.497662
7.836 -0.498111
7.838 -0.498560
7.840 -0.499009
7.842 -0.499458
7.844 -0.499907
7.846 -0.500356
7.848 -0.500805
7.850 -0.501254
7.852 -0.501703
7.854 -0.502152
7.856 -0.502601
7.858 -0.503050
7.860 -0.503499
7.862 -0.503948
7.864 -0.504397
7.866 -0.504845
7.868 -0.505294
7.870 -0.505743
7.872 -0.506192
7.874 -0.506641
7.876 -0.507090
7.878 -0.507539
7.880 -0.507988
7.882 -0.508437
7.884 -0.508886
7.886 -0.509335
7.888 -0.509784
7.890 -0.510233
7.892 -0.510682
7.894 -0.511131
7.896 -0.511580
7.898 -0.512028
7.900 -0.512477
7.902 -0.512926
7.904 -0.513375
7.906 -0.513824
7.908 -0.514273
7.910 -0.514722
7.912 -0.515171
7.914 -0.515620
7.916 -0.516069
7.918 -0.516518
7.920 -0.516967
7.922 -0.517416
7.924 -0.517865
7.926 -0.518314
7.928 -0.518314
7.930 -0.519211
7.932 -0.519660
7.934 -0.520109
7.936 -0.520558
7.938 -0.521007
7.940 -0.521456
7.942 -0.521905
7.944 -0.522354
7.946 -0.522354
7.948 -0.523252
7.950 -0.523701
7.952 -0.524150
7.954 -0.524599
7.956 -0.525048
7.958 -0.525497
7.960 -0.525946
7.962 -0.526395
7.964 -0.526395
7.966 -0.527292
7.968 -0.527741
7.970 -0.528190
7.972 -0.528639
7.974 -0.529088
7.976 -0.529537
7.978 -0.529986
7.980 -0.530435
7.982 -0.530884
7.984 -0.531333
7.986 -0.531782
7.988 -0.532231
7.990 -0.532680
7.992 -0.533129
7.994 -0.533578
7.996 -0.534026
7.998 -0.534475
8.000 -0.534924
8.002 -0.535373
8.004 -0.535822
8.006 -0.536271
8.008 -0.536720
8.010 -0.537169
8.012 -0.537618
8.014 -0.538067
8.016 -0.538516
8.018 -0.538965
8.020 -0.539414
8.022 -0.539863
8.024 -0.540312
8.026 -0.540761
8.028 -0.541210
8.030 -0.541210
8.032 -0.542107
8.034 -0.542556
8.036 -0.543005
8.038 -0.543454
8.040 -0.543903
8.042 -0.544352
8.044 -0.544801
8.046 -0.545250
8.048 -0.545699
8.050 -0.546148
8.052 -0.546597
8.054 -0.547046
8.056 -0.547495
8.058 -0.547944
8.060 -0.548393
8.062 -0.548841
8.064 -0.549290
8.066 -0.549739
8.068 -0.550188
8.070 -0.550637
8.072 -0.551086
8.074 -0.551535
8.076 -0.551535
8.078 -0.551984
8.080 -0.552433
8.082 -0.553331
8.084 -0.553331
8.086 -0.553331
8.088 -0.553780
8.090 -0.554678
8.092 -0.555576
8.094 -0.556024
8.096 -0.556473
8.098 -0.556922
8.100 -0.557371
8.102 -0.557820
8.104 -0.558269
8.106 -0.558718
8.108 -0.559167
8.110 -0.559167
8.112 -0.560065
8.114 -0.560514
8.116 -0.561412
8.118 -0.561412
8.120 -0.561861
8.122 -0.562310
8.124 -0.562759
8.126 -0.563208
8.128 -0.563656
8.130 -0.564105
8.132 -0.564554
8.134 -0.565003
8.136 -0.565452
8.138 -0.565901
8.140 -0.566350
8.142 -0.566799
8.144 -0.567248
8.146 -0.567697
8.148 -0.568146
8.150 -0.568595
8.152 -0.569044
8.154 -0.569493
8.156 -0.569942
8.158 -0.570391
8.160 -0.570839
8.162 -0.570839
8.164 -0.571737
8.166 -0.572186
8.168 -0.572635
8.170 -0.573084
8.172 -0.573533
8.174 -0.573982
8.176 -0.574431
8.178 -0.574880
8.180 -0.575329
8.182 -0.575778
8.184 -0.576227
8.186 -0.576676
8.188 -0.577125
8.190 -0.577574
8.192 -0.577574
8.194 -0.578471
8.196 -0.578920
8.198 -0.579369
8.200 -0.579818
8.202 -0.580267
8.204 -0.580716
8.206 -0.581165
8.208 -0.581614
8.210 -0.582063
8.212 -0.582512
8.214 -0.582961
8.216 -0.583410
8.218 -0.583859
8.220 -0.584308
8.222 -0.584757
8.224 -0.585206
8.226 -0.585654
8.228 -0.586103
8.230 -0.586552
8.232 -0.587001
8.234 -0.587450
8.236 -0.587899
8.238 -0.588348
8.240 -0.588797
8.242 -0.589246
8.244 -0.589695
8.246 -0.589695
8.248 -0.590593
8.250 -0.590593
8.252 -0.591491
8.254 -0.591940
8.256 -0.592389
8.258 -0.592837
8.260 -0.593286
8.262 -0.593286
8.264 -0.594184
8.266 -0.594633
8.268 -0.595082
8.270 -0.595531
8.272 -0.596878
8.274 -0.597327
8.276 -0.597327
8.278 -0.597327
8.280 -0.597776
8.282 -0.598225
8.284 -0.598674
8.286 -0.599123
8.288 -0.599123
8.290 -0.600021
8.292 -0.600469
8.294 -0.600918
8.296 -0.601367
8.298 -0.601816
8.300 -0.602265
8.302 -0.602714
8.304 -0.603163
8.306 -0.603612
8.308 -0.604510
8.310 -0.604510
8.312 -0.604959
8.314 -0.605408
8.316 -0.605857
8.318 -0.606306
8.320 -0.606755
8.322 -0.607204
8.324 -0.607652
8.326 -0.608101
8.328 -0.608550
8.330 -0.608999
8.332 -0.609448
8.334 -0.609897
8.336 -0.610346
8.338 -0.610795
8.340 -0.610795
8.342 -0.611693
8.344 -0.612142
8.346 -0.612591
8.348 -0.613040
8.350 -0.613489
8.352 -0.613938
8.354 -0.614387
8.356 -0.615733
8.358 -0.616182
8.360 -0.616182
8.362 -0.616182
8.364 -0.616631
8.366 -0.617080
8.368 -0.617529
8.370 -0.617978
8.372 -0.618427
8.374 -0.618876
8.376 -0.619325
8.378 -0.619774
8.380 -0.620223
8.382 -0.620672
8.384 -0.621121
8.386 -0.621570
8.388 -0.622019
8.390 -0.622467
8.392 -0.622916
8.394 -0.623365
8.396 -0.623814
8.398 -0.624263
8.400 -0.624712
8.402 -0.625161
8.404 -0.625610
8.406 -0.626059
8.408 -0.626508
8.410 -0.626957
8.412 -0.627406
8.414 -0.627855
8.416 -0.628304
8.418 -0.628753
8.420 -0.629202
8.422 -0.629650
8.424 -0.630099
8.426 -0.630548
8.428 -0.631446
8.430 -0.631446
8.432 -0.631895
8.434 -0.632344
8.436 -0.632793
8.438 -0.633242
8.440 -0.633691
8.442 -0.634140
8.444 -0.634589
8.446 -0.635038
8.448 -0.635487
8.450 -0.635936
8.452 -0.636385
8.454 -0.636834
8.456 -0.637282
8.458 -0.637731
8.460 -0.638180
8.462 -0.638629
8.464 -0.639078
8.466 -0.639527
8.468 -0.639976
8.470 -0.640425
8.472 -0.640874
8.474 -0.641323
8.476 -0.641772
8.478 -0.641772
8.480 -0.642670
8.482 -0.643119
8.484 -0.643568
8.486 -0.644017
8.488 -0.644465
8.490 -0.644465
8.492 -0.645363
8.494 -0.645812
8.496 -0.646261
8.498 -0.646710
8.500 -0.647159
8.502 -0.647608
8.504 -0.648057
8.506 -0.648506
8.508 -0.648955
8.510 -0.649404
8.512 -0.649853
8.514 -0.650302
8.516 -0.650751
8.518 -0.651200
8.520 -0.651648
8.522 -0.652097
8.524 -0.652546
8.526 -0.652995
8.528 -0.653444
8.530 -0.653893
8.532 -0.654342
8.534 -0.654791
8.536 -0.655240
8.538 -0.655689
8.540 -0.656138
8.542 -0.656587
8.544 -0.657036
8.546 -0.657485
8.548 -0.657934
8.550 -0.658383
8.552 -0.658832
8.554 -0.659280
8.556 -0.659729
8.558 -0.660178
8.560 -0.660627
8.562 -0.661076
8.564 -0.661076
8.566 -0.661974
8.568 -0.662423
8.570 -0.662872
8.572 -0.663321
8.574 -0.663770
8.576 -0.664219
8.578 -0.664668
8.580 -0.665117
8.582 -0.665566
8.584 -0.666015
8.586 -0.666463
8.588 -0.666912
8.590 -0.667361
8.592 -0.667810
8.594 -0.668259
8.596 -0.668708
8.598 -0.669157
8.600 -0.669606
8.602 -0.670055
8.604 -0.670504
8.606 -0.670953
8.608 -0.671402
8.610 -0.671851
8.612 -0.672300
8.614 -0.672749
8.616 -0.673198
8.618 -0.673647
8.620 -0.674095
8.622 -0.674544
8.624 -0.674993
8.626 -0.675442
8.628 -0.675891
8.630 -0.676340
8.632 -0.676789
8.634 -0.677238
8.636 -0.677687
8.638 -0.678136
8.640 -0.678585
8.642 -0.679034
8.644 -0.679483
8.646 -0.679932
8.648 -0.680381
8.650 -0.680830
8.652 -0.681278
8.654 -0.681727
8.656 -0.682176
8.658 -0.682625
8.660 -0.683074
8.662 -0.683523
8.664 -0.683972
8.666 -0.684421
8.668 -0.684421
8.670 -0.685319
8.672 -0.685768
8.674 -0.686217
8.676 -0.686666
8.678 -0.687115
8.680 -0.687564
8.682 -0.688013
8.684 -0.688461
8.686 -0.688910
8.688 -0.689359
8.690 -0.689808
8.692 -0.690257
8.694 -0.690706
8.696 -0.691155
8.698 -0.691604
8.700 -0.691604
8.702 -0.692502
8.704 -0.692951
8.706 -0.693400
8.708 -0.694298
8.710 -0.694298
8.712 -0.694747
8.714 -0.695196
8.716 -0.695645
8.718 -0.696093
8.720 -0.696542
8.722 -0.696991
8.724 -0.697440
8.726 -0.697889
8.728 -0.698338
8.730 -0.698787
8.732 -0.699236
8.734 -0.699685
8.736 -0.700134
8.738 -0.700583
8.740 -0.701032
8.742 -0.701481
8.744 -0.701930
8.746 -0.702379
8.748 -0.702828
8.750 -0.703276
8.752 -0.703725
8.754 -0.704174
8.756 -0.704623
8.758 -0.705072
8.760 -0.705072
8.762 -0.705970
8.764 -0.706419
8.766 -0.706868
8.768 -0.707317
8.770 -0.707766
8.772 -0.708215
8.774 -0.708664
8.776 -0.709113
8.778 -0.709562
8.780 -0.710011
8.782 -0.710459
8.784 -0.710908
8.786 -0.711357
8.788 -0.711806
8.790 -0.712255
8.792 -0.712255
8.794 -0.713153
8.796 -0.713602
8.798 -0.714051
8.800 -0.714500
8.802 -0.714949
8.804 -0.715398
8.806 -0.715847
8.808 -0.716296
8.810 -0.716745
8.812 -0.717194
8.814 -0.717643
8.816 -0.718091
8.818 -0.718540
8.820 -0.718989
8.822 -0.719438
8.824 -0.719887
8.826 -0.720336
8.828 -0.720785
8.830 -0.721234
8.832 -0.721683
8.834 -0.722132
8.836 -0.722581
8.838 -0.723030
8.840 -0.723479
8.842 -0.723928
8.844 -0.724377
8.846 -0.724826
8.848 -0.725274
8.850 -0.725723
8.852 -0.726172
8.854 -0.726621
8.856 -0.727070
8.858 -0.727519
8.860 -0.727968
8.862 -0.728417
8.864 -0.728866
8.866 -0.729315
8.868 -0.729764
8.870 -0.730213
8.872 -0.730662
8.874 -0.731111
8.876 -0.731560
8.878 -0.732009
8.880 -0.732458
8.882 -0.732906
8.884 -0.733355
8.886 -0.733804
8.888 -0.733804
8.890 -0.734702
8.892 -0.735151
8.894 -0.735600
8.896 -0.736049
8.898 -0.736498
8.900 -0.736947
8.902 -0.737396
8.904 -0.737845
8.906 -0.738294
8.908 -0.738743
8.910 -0.739192
8.912 -0.739641
8.914 -0.740089
8.916 -0.740538
8.918 -0.740987
8.920 -0.741436
8.922 -0.741885
8.924 -0.742334
8.926 -0.742783
8.928 -0.743232
8.930 -0.743681
8.932 -0.744130
8.934 -0.744579
8.936 -0.745028
8.938 -0.745477
8.940 -0.745926
8.942 -0.746375
8.944 -0.746824
8.946 -0.747272
8.948 -0.747721
8.950 -0.748170
8.952 -0.748619
8.954 -0.749068
8.956 -0.749517
8.958 -0.749966
8.960 -0.750415
8.962 -0.750864
8.964 -0.751313
8.966 -0.751762
8.968 -0.752211
8.970 -0.752660
8.972 -0.753109
8.974 -0.753558
8.976 -0.754007
8.978 -0.754456
8.980 -0.754904
8.982 -0.755353
8.984 -0.755802
8.986 -0.756251
8.988 -0.756700
8.990 -0.756700
8.992 -0.757598
8.994 -0.758047
8.996 -0.758496
8.998 -0.758945
9.000 -0.759394
9.002 -0.759843
9.004 -0.760292
9.006 -0.760741
9.008 -0.761190
9.010 -0.761639
9.012 -0.762087
9.014 -0.762536
9.016 -0.762985
9.018 -0.763434
9.020 -0.763883
9.022 -0.764332
9.024 -0.764781
9.026 -0.765230
9.028 -0.765679
9.030 -0.766128
9.032 -0.766577
9.034 -0.767026
9.036 -0.767475
9.038 -0.767924
9.040 -0.768373
9.042 -0.768822
9.044 -0.769271
9.046 -0.769271
9.048 -0.770168
9.050 -0.770617
9.052 -0.771066
9.054 -0.771515
9.056 -0.771964
9.058 -0.772413
9.060 -0.772862
9.062 -0.773311
9.064 -0.773760
9.066 -0.774209
9.068 -0.774658
9.070 -0.775107
9.072 -0.775556
9.074 -0.776005
9.076 -0.776454
9.078 -0.776902
9.080 -0.777351
9.082 -0.777800
9.084 -0.778249
9.086 -0.778698
9.088 -0.779147
9.090 -0.779596
9.092 -0.780045
9.094 -0.780494
9.096 -0.780943
9.098 -0.781392
9.100 -0.781841
9.102 -0.782290
9.104 -0.782739
9.106 -0.783188
9.108 -0.783637
9.110 -0.784085
9.112 -0.784534
9.114 -0.784983
9.116 -0.785432
9.118 -0.785881
9.120 -0.786330
9.122 -0.786779
9.124 -0.787228
9.126 -0.787677
9.128 -0.788126
9.130 -0.788575
9.132 -0.789024
9.134 -0.789473
9.136 -0.789922
9.138 -0.790371
9.140 -0.790820
9.142 -0.791269
9.144 -0.791717
9.146 -0.792166
9.148 -0.792615
9.150 -0.793064
9.152 -0.793513
9.154 -0.793962
9.156 -0.794411
9.158 -0.794860
9.160 -0.795309
9.162 -0.795758
9.164 -0.796207
9.166 -0.796656
9.168 -0.797105
9.170 -0.797554
9.172 -0.798003
9.174 -0.798452
9.176 -0.798900
9.178 -0.799349
9.180 -0.799798
9.182 -0.800247
9.184 -0.800696
9.186 -0.801145
9.188 -0.801594
9.190 -0.802043
9.192 -0.802492
9.194 -0.802941
9.196 -0.803390
9.198 -0.803839
9.200 -0.804288
9.202 -0.804737
9.204 -0.805186
9.206 -0.805635
9.208 -0.806083
9.210 -0.806532
9.212 -0.806981
9.214 -0.807430
9.216 -0.807879
9.218 -0.808328
9.220 -0.808777
9.222 -0.809226
9.224 -0.809675
9.226 -0.810124
9.228 -0.810573
9.230 -0.811022
9.232 -0.811471
9.234 -0.811920
9.236 -0.812369
9.238 -0.812818
9.240 -0.813267
9.242 -0.813715
9.244 -0.814164
9.246 -0.814613
9.248 -0.815062
9.250 -0.815511
9.252 -0.815960
9.254 -0.816409
9.256 -0.816858
9.258 -0.817307
9.260 -0.817756
9.262 -0.818205
9.264 -0.818654
9.266 -0.819103
9.268 -0.819552
9.270 -0.820001
9.272 -0.820450
9.274 -0.820898
9.276 -0.821347
9.278 -0.821796
9.280 -0.822245
9.282 -0.822694
9.284 -0.823143
9.286 -0.823592
9.288 -0.824041
9.290 -0.824490
9.292 -0.824939
9.294 -0.825388
9.296 -0.825837
9.298 -0.826286
9.300 -0.826735
9.302 -0.827184
9.304 -0.827633
9.306 -0.828082
9.308 -0.828979
9.310 -0.828979
9.312 -0.829428
9.314 -0.829877
9.316 -0.830326
9.318 -0.830775
9.320 -0.831224
9.322 -0.831673
9.324 -0.832122
9.326 -0.832571
9.328 -0.833020
9.330 -0.833469
9.332 -0.833918
9.334 -0.834367
9.336 -0.834816
9.338 -0.835265
9.340 -0.835713
9.342 -0.836162
9.344 -0.836611
9.346 -0.837060
9.348 -0.837509
9.350 -0.837958
9.352 -0.838407
9.354 -0.838856
9.356 -0.839305
9.358 -0.839754
9.360 -0.840203
9.362 -0.840652
9.364 -0.841101
9.366 -0.841550
9.368 -0.841999
9.370 -0.842448
9.372 -0.842896
9.374 -0.843345
9.376 -0.843794
9.378 -0.844243
9.380 -0.844692
9.382 -0.845141
9.384 -0.845590
9.386 -0.846039
9.388 -0.846488
9.390 -0.846937
9.392 -0.847386
9.394 -0.847835
9.396 -0.848284
9.398 -0.848284
9.400 -0.849182
9.402 -0.849631
9.404 -0.850080
9.406 -0.850528
9.408 -0.850977
9.410 -0.851426
9.412 -0.851875
9.414 -0.852324
9.416 -0.852773
9.418 -0.853222
9.420 -0.853671
9.422 -0.854120
9.424 -0.854569
9.426 -0.855018
9.428 -0.855467
9.430 -0.855916
9.432 -0.856365
9.434 -0.856814
9.436 -0.857263
9.438 -0.857711
9.440 -0.858160
9.442 -0.858609
9.444 -0.859058
9.446 -0.859507
9.448 -0.859956
9.450 -0.860405
9.452 -0.860854
9.454 -0.861303
9.456 -0.861752
9.458 -0.862201
9.460 -0.862650
9.462 -0.862650
9.464 -0.863548
9.466 -0.863997
9.468 -0.864446
9.470 -0.864895
9.472 -0.865343
9.474 -0.865792
9.476 -0.866241
9.478 -0.866690
9.480 -0.867139
9.482 -0.867588
9.484 -0.868037
9.486 -0.868486
9.488 -0.868935
9.490 -0.869384
9.492 -0.869833
9.494 -0.870282
9.496 -0.870731
9.498 -0.871180
9.500 -0.871629
9.502 -0.872078
9.504 -0.872526
9.506 -0.872975
9.508 -0.872975
9.510 -0.872975
9.512 -0.874322
9.514 -0.874770
9.516 -0.875217
9.518 -0.875664
9.520 -0.876109
9.522 -0.876554
9.524 -0.876998
9.526 -0.877441
9.528 -0.877884
9.530 -0.878325
9.532 -0.878766
9.534 -0.879206
9.536 -0.879646
9.538 -0.880084
9.540 -0.880522
9.542 -0.880958
9.544 -0.881394
9.546 -0.881830
9.548 -0.882264
9.550 -0.882698
9.552 -0.883131
9.554 -0.883563
9.556 -0.883994
9.558 -0.884424
9.560 -0.884854
9.562 -0.885283
9.564 -0.885711
9.566 -0.886138
9.568 -0.886564
9.570 -0.886990
9.572 -0.887415
9.574 -0.887839
9.576 -0.888262
9.578 -0.888684
9.580 -0.889106
9.582 -0.889527
9.584 -0.889947
9.586 -0.890366
9.588 -0.890785
9.590 -0.891202
9.592 -0.891619
9.594 -0.892035
9.596 -0.892450
9.598 -0.892865
9.600 -0.893278
9.602 -0.893691
9.604 -0.894103
9.606 -0.894514
9.608 -0.894925
9.610 -0.895334
9.612 -0.895743
9.614 -0.896151
9.616 -0.896559
9.618 -0.896965
9.620 -0.897371
9.622 -0.897775
9.624 -0.898179
9.626 -0.898583
9.628 -0.898985
9.630 -0.899387
9.632 -0.899788
9.634 -0.900188
9.636 -0.900587
9.638 -0.900985
9.640 -0.901383
9.642 -0.901780
9.644 -0.902176
9.646 -0.902571
9.648 -0.902965
9.650 -0.903359
9.652 -0.903752
9.654 -0.904144
9.656 -0.904535
9.658 -0.904925
9.660 -0.905315
9.662 -0.905704
9.664 -0.906092
9.666 -0.906479
9.668 -0.907636
9.670 -0.907636
9.672 -0.907636
9.674 -0.908020
9.676 -0.908403
9.678 -0.908786
9.680 -0.909167
9.682 -0.909548
9.684 -0.909928
9.686 -0.910307
9.688 -0.910686
9.690 -0.911063
9.692 -0.911440
9.694 -0.911816
9.696 -0.912192
9.698 -0.912566
9.700 -0.912940
9.702 -0.913312
9.704 -0.913684
9.706 -0.914056
9.708 -0.914796
9.710 -0.914796
9.712 -0.915165
9.714 -0.915533
9.716 -0.915900
9.718 -0.916266
9.720 -0.916632
9.722 -0.916997
9.724 -0.917361
9.726 -0.917724
9.728 -0.918086
9.730 -0.918448
9.732 -0.918809
9.734 -0.919169
9.736 -0.919528
9.738 -0.919886
9.740 -0.920244
9.742 -0.920601
9.744 -0.920957
9.746 -0.921312
9.748 -0.921667
9.750 -0.922020
9.752 -0.922373
9.754 -0.922725
9.756 -0.923076
9.758 -0.923427
9.760 -0.923776
9.762 -0.924125
9.764 -0.924473
9.766 -0.924820
9.768 -0.925167
9.770 -0.925512
9.772 -0.925857
9.774 -0.926201
9.776 -0.926545
9.778 -0.926887
9.780 -0.927229
9.782 -0.927569
9.784 -0.927909
9.786 -0.928249
9.788 -0.928587
9.790 -0.928925
9.792 -0.929262
9.794 -0.929598
9.796 -0.929933
9.798 -0.930267
9.800 -0.930267
9.802 -0.930934
9.804 -0.931266
9.806 -0.931597
9.808 -0.931927
9.810 -0.932257
9.812 -0.932586
9.814 -0.932914
9.816 -0.933241
9.818 -0.933567
9.820 -0.933893
9.822 -0.934218
9.824 -0.934542
9.826 -0.934865
9.828 -0.935188
9.830 -0.935509
9.832 -0.935830
9.834 -0.936150
9.836 -0.936469
9.838 -0.936788
9.840 -0.937105
9.842 -0.937422
9.844 -0.937738
9.846 -0.938053
9.848 -0.938368
9.850 -0.938681
9.852 -0.938994
9.854 -0.939306
9.856 -0.939618
9.858 -0.939928
9.860 -0.940238
9.862 -0.940546
9.864 -0.940854
9.866 -0.941162
9.868 -0.941468
9.870 -0.941774
9.872 -0.942079
9.874 -0.942383
9.876 -0.942988
9.878 -0.943290
9.880 -0.943290
9.882 -0.943591
9.884 -0.943891
9.886 -0.944190
9.888 -0.944488
9.890 -0.944786
9.892 -0.945083
9.894 -0.945379
9.896 -0.945674
9.898 -0.945968
9.900 -0.946262
9.902 -0.946555
9.904 -0.946847
9.906 -0.947138
9.908 -0.947429
9.910 -0.947718
9.912 -0.948007
9.914 -0.948295
9.916 -0.948582
9.918 -0.948869
9.920 -0.949154
9.922 -0.949439
9.924 -0.949723
9.926 -0.950006
9.928 -0.950289
9.930 -0.950570
9.932 -0.950851
9.934 -0.951131
9.936 -0.951410
9.938 -0.951689
9.940 -0.951967
9.942 -0.952243
9.944 -0.952519
9.946 -0.952795
9.948 -0.953069
9.950 -0.953343
9.952 -0.953615
9.954 -0.953888
9.956 -0.954159
9.958 -0.954429
9.960 -0.954699
9.962 -0.954968
9.964 -0.955236
9.966 -0.955503
9.968 -0.955769
9.970 -0.956035
9.972 -0.956300
9.974 -0.956564
9.976 -0.956827
9.978 -0.957089
9.980 -0.957351
9.982 -0.957612
9.984 -0.957872
9.986 -0.958131
9.988 -0.958390
9.990 -0.958647
9.992 -0.958904
9.994 -0.959160
9.996 -0.959415
9.998 -0.959670
10.000 -0.959923
10.002 -0.960176
10.004 -0.960428
10.006 -0.960679
10.008 -0.960930
10.010 -0.961179
10.012 -0.961428
10.014 -0.961676
10.016 -0.961923
10.018 -0.962170
10.020 -0.962416
10.022 -0.962660
10.024 -0.962904
10.026 -0.963148
10.028 -0.963390
10.030 -0.963632
10.032 -0.963872
10.034 -0.964113
10.036 -0.964352
10.038 -0.964590
10.040 -0.964828
10.042 -0.965065
10.044 -0.965301
10.046 -0.965536
10.048 -0.965770
10.050 -0.966004
10.052 -0.966237
10.054 -0.966469
10.056 -0.966700
10.058 -0.966930
10.060 -0.967160
10.062 -0.967389
10.064 -0.967617
10.066 -0.967844
10.068 -0.968071
10.070 -0.968071
10.072 -0.968521
10.074 -0.968745
10.076 -0.968968
10.078 -0.969191
10.080 -0.969412
10.082 -0.969633
10.084 -0.969853
10.086 -0.970072
10.088 -0.970291
10.090 -0.970508
10.092 -0.970725
10.094 -0.970941
10.096 -0.971156
10.098 -0.971371
10.100 -0.971585
10.102 -0.971797
10.104 -0.972009
10.106 -0.972221
10.108 -0.972431
10.110 -0.972641
10.112 -0.972849
10.114 -0.973057
10.116 -0.973265
10.118 -0.973471
10.120 -0.973677
10.122 -0.973882
10.124 -0.974086
10.126 -0.974289
10.128 -0.974491
10.130 -0.974491
10.132 -0.974894
10.134 -0.975094
10.136 -0.975293
10.138 -0.975491
10.140 -0.975689
10.142 -0.975886
10.144 -0.976082
10.146 -0.976277
10.148 -0.976472
10.150 -0.976665
10.152 -0.976858
10.154 -0.977050
10.156 -0.977241
10.158 -0.977432
10.160 -0.977621
10.162 -0.977810
10.164 -0.977998
10.166 -0.978185
10.168 -0.978372
10.170 -0.978557
10.172 -0.978742
10.174 -0.978926
10.176 -0.979109
10.178 -0.979292
10.180 -0.979474
10.182 -0.979654
10.184 -0.979834
10.186 -0.980014
10.188 -0.980192
10.190 -0.980370
10.192 -0.980546
10.194 -0.980722
10.196 -0.980898
10.198 -0.981072
10.200 -0.981072
10.202 -0.981419
10.204 -0.981591
10.206 -0.981762
10.208 -0.981932
10.210 -0.982102
10.212 -0.982271
10.214 -0.982439
10.216 -0.982606
10.218 -0.982772
10.220 -0.982938
10.222 -0.983103
10.224 -0.983267
10.226 -0.983430
10.228 -0.983592
10.230 -0.983754
10.232 -0.983915
10.234 -0.984075
10.236 -0.984234
10.238 -0.984393
10.240 -0.984550
10.242 -0.984707
10.244 -0.984863
10.246 -0.985018
10.248 -0.985173
10.250 -0.985326
10.252 -0.985479
10.254 -0.985631
10.256 -0.985631
10.258 -0.985933
10.260 -0.985933
10.262 -0.986231
10.264 -0.986379
10.266 -0.986527
10.268 -0.986527
10.270 -0.986819
10.272 -0.986963
10.274 -0.987107
10.276 -0.987251
10.278 -0.987251
10.280 -0.987393
10.282 -0.987676
10.284 -0.987816
10.286 -0.987955
10.288 -0.988093
10.290 -0.988231
10.292 -0.988368
10.294 -0.988504
10.296 -0.988639
10.298 -0.988773
10.300 -0.988907
10.302 -0.989040
10.304 -0.989172
10.306 -0.989303
10.308 -0.989433
10.310 -0.989563
10.312 -0.989692
10.314 -0.989947
10.316 -0.989947
10.318 -0.990074
10.320 -0.990199
10.322 -0.990324
10.324 -0.990571
10.326 -0.990571
10.328 -0.990694
10.330 -0.990815
10.332 -0.990936
10.334 -0.991056
10.336 -0.991175
10.338 -0.991294
10.340 -0.991411
10.342 -0.991528
10.344 -0.991644
10.346 -0.991760
10.348 -0.991874
10.350 -0.991988
10.352 -0.992100
10.354 -0.992212
10.356 -0.992324
10.358 -0.992434
10.360 -0.992544
10.362 -0.992653
10.364 -0.992761
10.366 -0.992868
10.368 -0.992974
10.370 -0.993080
10.372 -0.993185
10.374 -0.993289
10.376 -0.993392
10.378 -0.993494
10.380 -0.993596
10.382 -0.993697
10.384 -0.993797
10.386 -0.993896
10.388 -0.994092
10.390 -0.994092
10.392 -0.994092
10.394 -0.994285
10.396 -0.994380
10.398 -0.994475
10.400 -0.994568
10.402 -0.994661
10.404 -0.994753
10.406 -0.994844
10.408 -0.994935
10.410 -0.995024
10.412 -0.995113
10.414 -0.995201
10.416 -0.995288
10.418 -0.995375
10.420 -0.995460
10.422 -0.995545
10.424 -0.995629
10.426 -0.995713
10.428 -0.995713
10.430 -0.995795
10.432 -0.995957
10.434 -0.996037
10.436 -0.996117
10.438 -0.996195
10.440 -0.996273
10.442 -0.996350
10.444 -0.996426
10.446 -0.996501
10.448 -0.996575
10.450 -0.996649
10.452 -0.996722
10.454 -0.996794
10.456 -0.996865
10.458 -0.996935
10.460 -0.997005
10.462 -0.997074
10.464 -0.997142
10.466 -0.997209
10.468 -0.997341
10.470 -0.997341
10.472 -0.997406
10.474 -0.997470
10.476 -0.997533
10.478 -0.997596
10.480 -0.997657
10.482 -0.997718
10.484 -0.997778
10.486 -0.997837
10.488 -0.997896
10.490 -0.997953
10.492 -0.998010
10.494 -0.998066
10.496 -0.998121
10.498 -0.998176
10.500 -0.998229
10.502 -0.998282
10.504 -0.998334
10.506 -0.998386
10.508 -0.998436
10.510 -0.998486
10.512 -0.998534
10.514 -0.998582
10.516 -0.998630
10.518 -0.998676
10.520 -0.998722
10.522 -0.998767
10.524 -0.998811
10.526 -0.998854
10.528 -0.998896
10.530 -0.998896
10.532 -0.998979
10.534 -0.999019
10.536 -0.999058
10.538 -0.999096
10.540 -0.999134
10.542 -0.999171
10.544 -0.999207
10.546 -0.999242
10.548 -0.999276
10.550 -0.999310
10.552 -0.999343
10.554 -0.999375
10.556 -0.999406
10.558 -0.999437
10.560 -0.999466
10.562 -0.999495
10.564 -0.999523
10.566 -0.999550
10.568 -0.999577
10.570 -0.999602
10.572 -0.999627
10.574 -0.999651
10.576 -0.999674
10.578 -0.999697
10.580 -0.999697
10.582 -0.999739
10.584 -0.999759
10.586 -0.999779
10.588 -0.999797
10.590 -0.999815
10.592 -0.999831
10.594 -0.999847
10.596 -0.999863
10.598 -0.999877
10.600 -0.999891
10.602 -0.999904
10.604 -0.999916
10.606 -0.999927
10.608 -0.999937
10.610 -0.999947
10.612 -0.999956
10.614 -0.999964
10.616 -0.999971
10.618 -0.999977
10.620 -0.999983
10.622 -0.999988
10.624 -0.999992
10.626 -0.999995
10.628 -0.999997
10.630 -0.999997
10.632 -1.000000
