0.000 -0.100633
0.002 -0.100633
0.004 -0.100635
0.006 -0.100637
0.008 -0.100639
0.010 -0.100643
0.012 -0.100643
0.014 -0.100653
0.016 -0.100659
0.018 -0.100665
0.020 -0.100673
0.022 -0.100681
0.024 -0.100691
0.026 -0.100701
0.028 -0.100711
0.030 -0.100723
0.032 -0.100735
0.034 -0.100749
0.036 -0.100763
0.038 -0.100777
0.040 -0.100793
0.042 -0.100809
0.044 -0.100827
0.046 -0.100845
0.048 -0.100863
0.050 -0.100863
0.052 -0.100903
0.054 -0.100903
0.056 -0.100925
0.058 -0.100969
0.060 -0.100969
0.062 -0.100993
0.064 -0.101043
0.066 -0.101069
0.068 -0.101095
0.070 -0.101123
0.072 -0.101151
0.074 -0.101181
0.076 -0.101211
0.078 -0.101241
0.080 -0.101273
0.082 -0.101305
0.084 -0.101339
0.086 -0.101373
0.088 -0.101407
0.090 -0.101443
0.092 -0.101479
0.094 -0.101517
0.096 -0.101554
0.098 -0.101592
0.100 -0.101630
0.102 -0.101668
0.104 -0.101706
0.106 -0.101744
0.108 -0.101781
0.110 -0.101819
0.112 -0.101857
0.114 -0.101895
0.116 -0.101933
0.118 -0.101971
0.120 -0.102009
0.122 -0.102046
0.124 -0.102084
0.126 -0.102122
0.128 -0.102160
0.130 -0.102198
0.132 -0.102236
0.134 -0.102274
0.136 -0.102311
0.138 -0.102349
0.140 -0.102387
0.142 -0.102425
0.144 -0.102463
0.146 -0.102501
0.148 -0.102539
0.150 -0.102539
0.152 -0.102614
0.154 -0.102652
0.156 -0.102690
0.158 -0.102728
0.160 -0.102766
0.162 -0.102804
0.164 -0.102841
0.166 -0.102879
0.168 -0.102917
0.170 -0.102955
0.172 -0.102993
0.174 -0.103031
0.176 -0.103069
0.178 -0.103106
0.180 -0.103106
0.182 -0.103182
0.184 -0.103220
0.186 -0.103258
0.188 -0.103296
0.190 -0.103334
0.192 -0.103372
0.194 -0.103409
0.196 -0.103447
0.198 -0.103485
0.200 -0.103523
0.202 -0.103561
0.204 -0.103599
0.206 -0.103637
0.208 -0.103674
0.210 -0.103712
0.212 -0.103750
0.214 -0.103788
0.216 -0.103826
0.218 -0.103864
0.220 -0.103902
0.222 -0.103939
0.224 -0.103977
0.226 -0.104015
0.228 -0.104053
0.230 -0.104091
0.232 -0.104129
0.234 -0.104167
0.236 -0.104204
0.238 -0.104242
0.240 -0.104280
0.242 -0.104318
0.244 -0.104356
0.246 -0.104394
0.248 -0.104432
0.250 -0.104469
0.252 -0.104507
0.254 -0.104545
0.256 -0.104583
0.258 -0.104621
0.260 -0.104659
0.262 -0.104697
0.264 -0.104734
0.266 -0.104772
0.268 -0.104810
0.270 -0.104848
0.272 -0.104886
0.274 -0.104924
0.276 -0.104962
0.278 -0.104999
0.280 -0.105037
0.282 -0.105075
0.284 -0.105113
0.286 -0.105151
0.288 -0.105189
0.290 -0.105227
0.292 -0.105264
0.294 -0.105302
0.296 -0.105340
0.298 -0.105378
0.300 -0.105416
0.302 -0.105454
0.304 -0.105492
0.306 -0.105529
0.308 -0.105567
0.310 -0.105605
0.312 -0.105643
0.314 -0.105681
0.316 -0.105719
0.318 -0.105757
0.320 -0.105794
0.322 -0.105832
0.324 -0.105870
0.326 -0.105908
0.328 -0.105946
0.330 -0.105984
0.332 -0.106022
0.334 -0.106059
0.336 -0.106097
0.338 -0.106135
0.340 -0.106173
0.342 -0.106211
0.344 -0.106249
0.346 -0.106287
0.348 -0.106287
0.350 -0.106287
0.352 -0.106400
0.354 -0.106438
0.356 -0.106476
0.358 -0.106514
0.360 -0.106552
0.362 -0.106589
0.364 -0.106627
0.366 -0.106665
0.368 -0.106703
0.370 -0.106741
0.372 -0.106779
0.374 -0.106817
0.376 -0.106854
0.378 -0.106892
0.380 -0.106930
0.382 -0.106968
0.384 -0.107006
0.386 -0.107044
0.388 -0.107082
0.390 -0.107082
0.392 -0.107157
0.394 -0.107195
0.396 -0.107233
0.398 -0.107271
0.400 -0.107309
0.402 -0.107347
0.404 -0.107422
0.406 -0.107422
0.408 -0.107460
0.410 -0.107498
0.412 -0.107536
0.414 -0.107574
0.416 -0.107612
0.418 -0.107649
0.420 -0.107687
0.422 -0.107725
0.424 -0.107763
0.426 -0.107801
0.428 -0.107839
0.430 -0.107877
0.432 -0.107914
0.434 -0.107952
0.436 -0.108066
0.438 -0.108142
0.440 -0.108142
0.442 -0.108142
0.444 -0.108142
0.446 -0.108179
0.448 -0.108217
0.450 -0.108255
0.452 -0.108293
0.454 -0.108331
0.456 -0.108369
0.458 -0.108407
0.460 -0.108444
0.462 -0.108482
0.464 -0.108520
0.466 -0.108558
0.468 -0.108596
0.470 -0.108634
0.472 -0.108672
0.474 -0.108709
0.476 -0.108747
0.478 -0.108785
0.480 -0.108823
0.482 -0.108861
0.484 -0.108899
0.486 -0.108937
0.488 -0.108974
0.490 -0.109012
0.492 -0.109050
0.494 -0.109088
0.496 -0.109126
0.498 -0.109164
0.500 -0.109202
0.502 -0.109239
0.504 -0.109277
0.506 -0.109315
0.508 -0.109353
0.510 -0.109391
0.512 -0.109429
0.514 -0.109467
0.516 -0.109504
0.518 -0.109542
0.520 -0.109580
0.522 -0.109618
0.524 -0.109656
0.526 -0.109694
0.528 -0.109732
0.530 -0.109732
0.532 -0.109807
0.534 -0.109845
0.536 -0.109883
0.538 -0.109921
0.540 -0.109959
0.542 -0.109997
0.544 -0.110034
0.546 -0.110072
0.548 -0.110110
0.550 -0.110148
0.552 -0.110186
0.554 -0.110224
0.556 -0.110262
0.558 -0.110299
0.560 -0.110337
0.562 -0.110337
0.564 -0.110413
0.566 -0.110451
0.568 -0.110489
0.570 -0.110527
0.572 -0.110564
0.574 -0.110602
0.576 -0.110640
0.578 -0.110678
0.580 -0.110716
0.582 -0.110754
0.584 -0.110792
0.586 -0.110829
0.588 -0.110867
0.590 -0.110867
0.592 -0.110905
0.594 -0.110981
0.596 -0.111019
0.598 -0.111057
0.600 -0.111094
0.602 -0.111132
0.604 -0.111170
0.606 -0.111208
0.608 -0.111246
0.610 -0.111284
0.612 -0.111322
0.614 -0.111359
0.616 -0.111397
0.618 -0.111435
0.620 -0.111473
0.622 -0.111511
0.624 -0.111549
0.626 -0.111587
0.628 -0.111625
0.630 -0.111662
0.632 -0.111700
0.634 -0.111738
0.636 -0.111776
0.638 -0.111927
0.640 -0.111965
0.642 -0.111965
0.644 -0.111965
0.646 -0.111965
0.648 -0.112003
0.650 -0.112041
0.652 -0.112079
0.654 -0.112117
0.656 -0.112155
0.658 -0.112192
0.660 -0.112230
0.662 -0.112268
0.664 -0.112306
0.666 -0.112344
0.668 -0.112420
0.670 -0.112420
0.672 -0.112457
0.674 -0.112495
0.676 -0.112533
0.678 -0.112571
0.680 -0.112609
0.682 -0.112647
0.684 -0.112685
0.686 -0.112722
0.688 -0.112760
0.690 -0.112798
0.692 -0.112836
0.694 -0.112874
0.696 -0.112912
0.698 -0.112950
0.700 -0.112987
0.702 -0.113025
0.704 -0.113063
0.706 -0.113101
0.708 -0.113139
0.710 -0.113177
0.712 -0.113215
0.714 -0.113252
0.716 -0.113290
0.718 -0.113328
0.720 -0.113366
0.722 -0.113404
0.724 -0.113442
0.726 -0.113480
0.728 -0.113517
0.730 -0.113555
0.732 -0.113593
0.734 -0.113631
0.736 -0.113669
0.738 -0.113707
0.740 -0.113745
0.742 -0.113782
0.744 -0.113820
0.746 -0.113858
0.748 -0.113896
0.750 -0.113934
0.752 -0.113972
0.754 -0.114010
0.756 -0.114047
0.758 -0.114085
0.760 -0.114123
0.762 -0.114161
0.764 -0.114199
0.766 -0.114237
0.768 -0.114275
0.770 -0.114312
0.772 -0.114350
0.774 -0.114388
0.776 -0.114426
0.778 -0.114464
0.780 -0.114502
0.782 -0.114540
0.784 -0.114577
0.786 -0.114615
0.788 -0.114653
0.790 -0.114691
0.792 -0.114729
0.794 -0.114767
0.796 -0.114805
0.798 -0.114842
0.800 -0.114880
0.802 -0.114918
0.804 -0.114956
0.806 -0.114994
0.808 -0.115032
0.810 -0.115070
0.812 -0.115107
0.814 -0.115145
0.816 -0.115183
0.818 -0.115221
0.820 -0.115259
0.822 -0.115297
0.824 -0.115335
0.826 -0.115372
0.828 -0.115410
0.830 -0.115448
0.832 -0.115486
0.834 -0.115524
0.836 -0.115562
0.838 -0.115600
0.840 -0.115637
0.842 -0.115675
0.844 -0.115713
0.846 -0.115751
0.848 -0.115789
0.850 -0.115827
0.852 -0.115865
0.854 -0.115902
0.856 -0.115940
0.858 -0.115978
0.860 -0.116016
0.862 -0.116054
0.864 -0.116092
0.866 -0.116130
0.868 -0.116130
0.870 -0.116205
0.872 -0.116243
0.874 -0.116281
0.876 -0.116319
0.878 -0.116357
0.880 -0.116395
0.882 -0.116432
0.884 -0.116470
0.886 -0.116508
0.888 -0.116546
0.890 -0.116584
0.892 -0.116622
0.894 -0.116660
0.896 -0.116697
0.898 -0.116735
0.900 -0.116773
0.902 -0.116811
0.904 -0.116849
0.906 -0.116887
0.908 -0.116962
0.910 -0.116962
0.912 -0.117000
0.914 -0.117038
0.916 -0.117076
0.918 -0.117114
0.920 -0.117152
0.922 -0.117190
0.924 -0.117227
0.926 -0.117265
0.928 -0.117303
0.930 -0.117341
0.932 -0.117379
0.934 -0.117417
0.936 -0.117455
0.938 -0.117492
0.940 -0.117530
0.942 -0.117568
0.944 -0.117606
0.946 -0.117644
0.948 -0.117720
0.950 -0.117720
0.952 -0.117757
0.954 -0.117795
0.956 -0.117833
0.958 -0.117871
0.960 -0.117909
0.962 -0.117947
0.964 -0.117985
0.966 -0.118022
0.968 -0.118060
0.970 -0.118098
0.972 -0.118136
0.974 -0.118174
0.976 -0.118212
0.978 -0.118250
0.980 -0.118287
0.982 -0.118325
0.984 -0.118363
0.986 -0.118401
0.988 -0.118439
0.990 -0.118477
0.992 -0.118515
0.994 -0.118552
0.996 -0.118590
0.998 -0.118628
1.000 -0.118666
1.002 -0.118704
1.004 -0.118742
1.006 -0.118780
1.008 -0.118817
1.010 -0.118855
1.012 -0.118893
1.014 -0.118931
1.016 -0.118969
1.018 -0.119007
1.020 -0.119045
1.022 -0.119082
1.024 -0.119120
1.026 -0.119158
1.028 -0.119196
1.030 -0.119234
1.032 -0.119272
1.034 -0.119310
1.036 -0.119347
1.038 -0.119385
1.040 -0.119423
1.042 -0.119461
1.044 -0.119499
1.046 -0.119537
1.048 -0.119575
1.050 -0.119612
1.052 -0.119650
1.054 -0.119688
1.056 -0.119726
1.058 -0.119764
1.060 -0.119802
1.062 -0.119840
1.064 -0.119878
1.066 -0.119915
1.068 -0.119953
1.070 -0.119991
1.072 -0.120029
1.074 -0.120067
1.076 -0.120105
1.078 -0.120143
1.080 -0.120180
1.082 -0.120218
1.084 -0.120256
1.086 -0.120294
1.088 -0.120332
1.090 -0.120370
1.092 -0.120408
1.094 -0.120445
1.096 -0.120483
1.098 -0.120521
1.100 -0.120559
1.102 -0.120597
1.104 -0.120635
1.106 -0.120673
1.108 -0.120748
1.110 -0.120748
1.112 -0.120786
1.114 -0.120824
1.116 -0.120862
1.118 -0.120900
1.120 -0.120938
1.122 -0.120975
1.124 -0.121013
1.126 -0.121051
1.128 -0.121089
1.130 -0.121127
1.132 -0.121165
1.134 -0.121203
1.136 -0.121240
1.138 -0.121240
1.140 -0.121316
1.142 -0.121354
1.144 -0.121392
1.146 -0.121430
1.148 -0.121468
1.150 -0.121468
1.152 -0.121543
1.154 -0.121581
1.156 -0.121619
1.158 -0.121657
1.160 -0.121695
1.162 -0.121733
1.164 -0.121770
1.166 -0.121808
1.168 -0.121846
1.170 -0.121884
1.172 -0.121922
1.174 -0.121960
1.176 -0.121998
1.178 -0.122035
1.180 -0.122073
1.182 -0.122111
1.184 -0.122149
1.186 -0.122187
1.188 -0.122225
1.190 -0.122263
1.192 -0.122300
1.194 -0.122338
1.196 -0.122376
1.198 -0.122414
1.200 -0.122452
1.202 -0.122490
1.204 -0.122528
1.206 -0.122565
1.208 -0.122603
1.210 -0.122641
1.212 -0.122679
1.214 -0.122717
1.216 -0.122755
1.218 -0.122793
1.220 -0.122830
1.222 -0.122868
1.224 -0.122906
1.226 -0.122944
1.228 -0.122944
1.230 -0.123020
1.232 -0.123058
1.234 -0.123095
1.236 -0.123133
1.238 -0.123171
1.240 -0.123209
1.242 -0.123247
1.244 -0.123285
1.246 -0.123323
1.248 -0.123360
1.250 -0.123398
1.252 -0.123436
1.254 -0.123474
1.256 -0.123512
1.258 -0.123550
1.260 -0.123588
1.262 -0.123625
1.264 -0.123663
1.266 -0.123701
1.268 -0.123701
1.270 -0.123739
1.272 -0.123815
1.274 -0.123853
1.276 -0.123890
1.278 -0.123928
1.280 -0.123966
1.282 -0.124004
1.284 -0.124042
1.286 -0.124080
1.288 -0.124118
1.290 -0.124155
1.292 -0.124193
1.294 -0.124231
1.296 -0.124269
1.298 -0.124307
1.300 -0.124345
1.302 -0.124383
1.304 -0.124420
1.306 -0.124458
1.308 -0.124496
1.310 -0.124534
1.312 -0.124572
1.314 -0.124610
1.316 -0.124648
1.318 -0.124685
1.320 -0.124723
1.322 -0.124761
1.324 -0.124799
1.326 -0.124837
1.328 -0.124875
1.330 -0.124913
1.332 -0.124950
1.334 -0.124988
1.336 -0.125026
1.338 -0.125064
1.340 -0.125102
1.342 -0.125140
1.344 -0.125178
1.346 -0.125215
1.348 -0.125253
1.350 -0.125253
1.352 -0.125329
1.354 -0.125367
1.356 -0.125405
1.358 -0.125443
1.360 -0.125480
1.362 -0.125518
1.364 -0.125556
1.366 -0.125594
1.368 -0.125632
1.370 -0.125670
1.372 -0.125708
1.374 -0.125745
1.376 -0.125783
1.378 -0.125821
1.380 -0.125859
1.382 -0.125897
1.384 -0.125935
1.386 -0.125973
1.388 -0.125973
1.390 -0.125973
1.392 -0.125973
1.394 -0.125973
1.396 -0.125973
1.398 -0.126010
1.400 -0.126086
1.402 -0.126086
1.404 -0.126200
1.406 -0.126238
1.408 -0.126275
1.410 -0.126313
1.412 -0.126351
1.414 -0.126389
1.416 -0.126427
1.418 -0.126465
1.420 -0.126503
1.422 -0.126540
1.424 -0.126578
1.426 -0.126616
1.428 -0.126654
1.430 -0.126692
1.432 -0.126730
1.434 -0.126768
1.436 -0.126805
1.438 -0.126843
1.440 -0.126843
1.442 -0.126843
1.444 -0.126919
1.446 -0.126995
1.448 -0.127033
1.450 -0.127070
1.452 -0.127108
1.454 -0.127146
1.456 -0.127184
1.458 -0.127222
1.460 -0.127260
1.462 -0.127298
1.464 -0.127335
1.466 -0.127373
1.468 -0.127411
1.470 -0.127449
1.472 -0.127449
1.474 -0.127525
1.476 -0.127563
1.478 -0.127600
1.480 -0.127600
1.482 -0.127676
1.484 -0.127714
1.486 -0.127752
1.488 -0.127790
1.490 -0.127828
1.492 -0.127866
1.494 -0.127903
1.496 -0.127941
1.498 -0.127979
1.500 -0.128017
1.502 -0.128055
1.504 -0.128093
1.506 -0.128131
1.508 -0.128206
1.510 -0.128244
1.512 -0.128244
1.514 -0.128282
1.516 -0.128320
1.518 -0.128358
1.520 -0.128396
1.522 -0.128433
1.524 -0.128471
1.526 -0.128509
1.528 -0.128547
1.530 -0.128585
1.532 -0.128623
1.534 -0.128661
1.536 -0.128698
1.538 -0.128698
1.540 -0.128774
1.542 -0.128812
1.544 -0.128850
1.546 -0.128888
1.548 -0.128926
1.550 -0.128963
1.552 -0.129001
1.554 -0.129039
1.556 -0.129115
1.558 -0.129153
1.560 -0.129153
1.562 -0.129191
1.564 -0.129228
1.566 -0.129266
1.568 -0.129304
1.570 -0.129342
1.572 -0.129380
1.574 -0.129418
1.576 -0.129456
1.578 -0.129493
1.580 -0.129531
1.582 -0.129569
1.584 -0.129607
1.586 -0.129645
1.588 -0.129683
1.590 -0.129721
1.592 -0.129721
1.594 -0.129796
1.596 -0.129834
1.598 -0.129872
1.600 -0.129910
1.602 -0.129948
1.604 -0.129986
1.606 -0.130023
1.608 -0.130061
1.610 -0.130099
1.612 -0.130137
1.614 -0.130175
1.616 -0.130213
1.618 -0.130251
1.620 -0.130288
1.622 -0.130326
1.624 -0.130364
1.626 -0.130402
1.628 -0.130440
1.630 -0.130478
1.632 -0.130516
1.634 -0.130553
1.636 -0.130591
1.638 -0.130629
1.640 -0.130629
1.642 -0.130629
1.644 -0.130629
1.646 -0.130705
1.648 -0.130818
1.650 -0.130856
1.652 -0.130894
1.654 -0.130932
1.656 -0.130970
1.658 -0.131008
1.660 -0.131046
1.662 -0.131083
1.664 -0.131121
1.666 -0.131159
1.668 -0.131197
1.670 -0.131235
1.672 -0.131273
1.674 -0.131311
1.676 -0.131348
1.678 -0.131386
1.680 -0.131424
1.682 -0.131462
1.684 -0.131500
1.686 -0.131538
1.688 -0.131576
1.690 -0.131613
1.692 -0.131651
1.694 -0.131689
1.696 -0.131727
1.698 -0.131765
1.700 -0.131803
1.702 -0.131841
1.704 -0.131878
1.706 -0.131916
1.708 -0.131954
1.710 -0.131992
1.712 -0.132030
1.714 -0.132068
1.716 -0.132106
1.718 -0.132143
1.720 -0.132181
1.722 -0.132219
1.724 -0.132257
1.726 -0.132295
1.728 -0.132333
1.730 -0.132371
1.732 -0.132408
1.734 -0.132446
1.736 -0.132484
1.738 -0.132522
1.740 -0.132560
1.742 -0.132598
1.744 -0.132636
1.746 -0.132673
1.748 -0.132711
1.750 -0.132749
1.752 -0.132787
1.754 -0.132825
1.756 -0.132863
1.758 -0.132901
1.760 -0.132938
1.762 -0.132976
1.764 -0.133014
1.766 -0.133052
1.768 -0.133090
1.770 -0.133128
1.772 -0.133166
1.774 -0.133203
1.776 -0.133241
1.778 -0.133279
1.780 -0.133317
1.782 -0.133355
1.784 -0.133393
1.786 -0.133431
1.788 -0.133468
1.790 -0.133506
1.792 -0.133544
1.794 -0.133582
1.796 -0.133620
1.798 -0.133658
1.800 -0.133696
1.802 -0.133733
1.804 -0.133771
1.806 -0.133809
1.808 -0.133847
1.810 -0.133885
1.812 -0.133923
1.814 -0.133961
1.816 -0.133998
1.818 -0.134036
1.820 -0.134074
1.822 -0.134112
1.824 -0.134150
1.826 -0.134188
1.828 -0.134339
1.830 -0.134339
1.832 -0.134339
1.834 -0.134339
1.836 -0.134377
1.838 -0.134415
1.840 -0.134453
1.842 -0.134491
1.844 -0.134528
1.846 -0.134566
1.848 -0.134604
1.850 -0.134642
1.852 -0.134680
1.854 -0.134718
1.856 -0.134756
1.858 -0.134793
1.860 -0.134831
1.862 -0.134869
1.864 -0.134907
1.866 -0.134945
1.868 -0.134983
1.870 -0.135021
1.872 -0.135021
1.874 -0.135096
1.876 -0.135134
1.878 -0.135172
1.880 -0.135210
1.882 -0.135248
1.884 -0.135286
1.886 -0.135323
1.888 -0.135361
1.890 -0.135399
1.892 -0.135437
1.894 -0.135475
1.896 -0.135513
1.898 -0.135551
1.900 -0.135588
1.902 -0.135626
1.904 -0.135664
1.906 -0.135702
1.908 -0.135740
1.910 -0.135778
1.912 -0.135816
1.914 -0.135853
1.916 -0.135891
1.918 -0.135929
1.920 -0.135967
1.922 -0.136005
1.924 -0.136043
1.926 -0.136081
1.928 -0.136119
1.930 -0.136156
1.932 -0.136194
1.934 -0.136232
1.936 -0.136270
1.938 -0.136308
1.940 -0.136346
1.942 -0.136384
1.944 -0.136421
1.946 -0.136459
1.948 -0.136497
1.950 -0.136497
1.952 -0.136497
1.954 -0.136611
1.956 -0.136649
1.958 -0.136686
1.960 -0.136724
1.962 -0.136762
1.964 -0.136800
1.966 -0.136838
1.968 -0.136876
1.970 -0.136914
1.972 -0.136951
1.974 -0.136989
1.976 -0.137027
1.978 -0.137065
1.980 -0.137103
1.982 -0.137141
1.984 -0.137179
1.986 -0.137216
1.988 -0.137254
1.990 -0.137292
1.992 -0.137330
1.994 -0.137368
1.996 -0.137406
1.998 -0.137444
2.000 -0.137444
2.002 -0.137519
2.004 -0.137557
2.006 -0.137595
2.008 -0.137633
2.010 -0.137671
2.012 -0.137709
2.014 -0.137746
2.016 -0.137784
2.018 -0.137822
2.020 -0.137860
2.022 -0.137898
2.024 -0.137936
2.026 -0.137974
2.028 -0.138011
2.030 -0.138049
2.032 -0.138087
2.034 -0.138125
2.036 -0.138163
2.038 -0.138201
2.040 -0.138239
2.042 -0.138276
2.044 -0.138314
2.046 -0.138352
2.048 -0.138390
2.050 -0.138428
2.052 -0.138466
2.054 -0.138504
2.056 -0.138541
2.058 -0.138579
2.060 -0.138617
2.062 -0.138655
2.064 -0.138693
2.066 -0.138731
2.068 -0.138806
2.070 -0.138806
2.072 -0.138844
2.074 -0.138882
2.076 -0.138920
2.078 -0.138958
2.080 -0.138996
2.082 -0.139034
2.084 -0.139071
2.086 -0.139109
2.088 -0.139147
2.090 -0.139185
2.092 -0.139223
2.094 -0.139261
2.096 -0.139299
2.098 -0.139336
2.100 -0.139374
2.102 -0.139412
2.104 -0.139450
2.106 -0.139488
2.108 -0.139526
2.110 -0.139564
2.112 -0.139601
2.114 -0.139639
2.116 -0.139677
2.118 -0.139715
2.120 -0.139753
2.122 -0.139829
2.124 -0.139829
2.126 -0.139866
2.128 -0.139904
2.130 -0.139942
2.132 -0.139980
2.134 -0.139980
2.136 -0.140056
2.138 -0.140094
2.140 -0.140131
2.142 -0.140169
2.144 -0.140207
2.146 -0.140245
2.148 -0.140283
2.150 -0.140321
2.152 -0.140359
2.154 -0.140396
2.156 -0.140434
2.158 -0.140472
2.160 -0.140510
2.162 -0.140548
2.164 -0.140586
2.166 -0.140586
2.168 -0.140661
2.170 -0.140699
2.172 -0.140737
2.174 -0.140775
2.176 -0.140813
2.178 -0.140851
2.180 -0.140889
2.182 -0.140926
2.184 -0.140964
2.186 -0.141002
2.188 -0.141040
2.190 -0.141078
2.192 -0.141116
2.194 -0.141154
2.196 -0.141191
2.198 -0.141229
2.200 -0.141267
2.202 -0.141305
2.204 -0.141343
2.206 -0.141381
2.208 -0.141419
2.210 -0.141456
2.212 -0.141494
2.214 -0.141532
2.216 -0.141570
2.218 -0.141608
2.220 -0.141646
2.222 -0.141684
2.224 -0.141721
2.226 -0.141759
2.228 -0.141797
2.230 -0.141835
2.232 -0.141873
2.234 -0.141911
2.236 -0.141949
2.238 -0.141986
2.240 -0.142024
2.242 -0.142062
2.244 -0.142100
2.246 -0.142138
2.248 -0.142176
2.250 -0.142214
2.252 -0.142251
2.254 -0.142289
2.256 -0.142327
2.258 -0.142365
2.260 -0.142403
2.262 -0.142441
2.264 -0.142479
2.266 -0.142516
2.268 -0.142554
2.270 -0.142592
2.272 -0.142630
2.274 -0.142668
2.276 -0.142706
2.278 -0.142744
2.280 -0.142781
2.282 -0.142819
2.284 -0.142857
2.286 -0.142895
2.288 -0.142933
2.290 -0.142971
2.292 -0.143009
2.294 -0.143046
2.296 -0.143084
2.298 -0.143122
2.300 -0.143160
2.302 -0.143198
2.304 -0.143236
2.306 -0.143274
2.308 -0.143311
2.310 -0.143349
2.312 -0.143349
2.314 -0.143425
2.316 -0.143463
2.318 -0.143501
2.320 -0.143539
2.322 -0.143576
2.324 -0.143614
2.326 -0.143652
2.328 -0.143690
2.330 -0.143728
2.332 -0.143766
2.334 -0.143804
2.336 -0.143841
2.338 -0.143879
2.340 -0.143917
2.342 -0.143955
2.344 -0.143993
2.346 -0.144031
2.348 -0.144069
2.350 -0.144106
2.352 -0.144144
2.354 -0.144182
2.356 -0.144220
2.358 -0.144258
2.360 -0.144296
2.362 -0.144334
2.364 -0.144372
2.366 -0.144409
2.368 -0.144447
2.370 -0.144485
2.372 -0.144523
2.374 -0.144561
2.376 -0.144599
2.378 -0.144637
2.380 -0.144674
2.382 -0.144712
2.384 -0.144750
2.386 -0.144788
2.388 -0.144788
2.390 -0.144864
2.392 -0.144902
2.394 -0.144939
2.396 -0.144977
2.398 -0.145015
2.400 -0.145053
2.402 -0.145091
2.404 -0.145129
2.406 -0.145167
2.408 -0.145204
2.410 -0.145242
2.412 -0.145280
2.414 -0.145318
2.416 -0.145356
2.418 -0.145394
2.420 -0.145432
2.422 -0.145469
2.424 -0.145507
2.426 -0.145545
2.428 -0.145583
2.430 -0.145621
2.432 -0.145659
2.434 -0.145697
2.436 -0.145734
2.438 -0.145772
2.440 -0.145810
2.442 -0.145848
2.444 -0.145886
2.446 -0.145924
2.448 -0.145962
2.450 -0.145999
2.452 -0.146037
2.454 -0.146075
2.456 -0.146113
2.458 -0.146151
2.460 -0.146189
2.462 -0.146227
2.464 -0.146264
2.466 -0.146302
2.468 -0.146340
2.470 -0.146378
2.472 -0.146416
2.474 -0.146454
2.476 -0.146492
2.478 -0.146529
2.480 -0.146567
2.482 -0.146605
2.484 -0.146643
2.486 -0.146681
2.488 -0.146719
2.490 -0.146757
2.492 -0.146794
2.494 -0.146832
2.496 -0.146870
2.498 -0.146908
2.500 -0.146946
2.502 -0.146984
2.504 -0.147022
2.506 -0.147059
2.508 -0.147059
2.510 -0.147135
2.512 -0.147173
2.514 -0.147211
2.516 -0.147249
2.518 -0.147287
2.520 -0.147324
2.522 -0.147362
2.524 -0.147400
2.526 -0.147438
2.528 -0.147476
2.530 -0.147514
2.532 -0.147552
2.534 -0.147589
2.536 -0.147627
2.538 -0.147665
2.540 -0.147703
2.542 -0.147741
2.544 -0.147779
2.546 -0.147817
2.548 -0.147854
2.550 -0.147892
2.552 -0.147930
2.554 -0.147968
2.556 -0.148006
2.558 -0.148044
2.560 -0.148082
2.562 -0.148119
2.564 -0.148157
2.566 -0.148195
2.568 -0.148233
2.570 -0.148271
2.572 -0.148309
2.574 -0.148347
2.576 -0.148384
2.578 -0.148422
2.580 -0.148460
2.582 -0.148498
2.584 -0.148536
2.586 -0.148574
2.588 -0.148574
2.590 -0.148574
2.592 -0.148574
2.594 -0.148612
2.596 -0.148649
2.598 -0.148649
2.600 -0.148763
2.602 -0.148877
2.604 -0.148877
2.606 -0.148952
2.608 -0.148990
2.610 -0.149028
2.612 -0.149066
2.614 -0.149104
2.616 -0.149142
2.618 -0.149179
2.620 -0.149217
2.622 -0.149217
2.624 -0.149293
2.626 -0.149331
2.628 -0.149369
2.630 -0.149407
2.632 -0.149444
2.634 -0.149482
2.636 -0.149520
2.638 -0.149558
2.640 -0.149596
2.642 -0.149634
2.644 -0.149672
2.646 -0.149672
2.648 -0.149747
2.650 -0.149785
2.652 -0.149823
2.654 -0.149861
2.656 -0.149899
2.658 -0.149937
2.660 -0.149974
2.662 -0.150012
2.664 -0.150050
2.666 -0.150088
2.668 -0.150088
2.670 -0.150088
2.672 -0.150164
2.674 -0.150239
2.676 -0.150239
2.678 -0.150277
2.680 -0.150315
2.682 -0.150391
2.684 -0.150429
2.686 -0.150467
2.688 -0.150504
2.690 -0.150542
2.692 -0.150580
2.694 -0.150618
2.696 -0.150656
2.698 -0.150694
2.700 -0.150732
2.702 -0.150769
2.704 -0.150807
2.706 -0.150845
2.708 -0.150883
2.710 -0.150921
2.712 -0.150959
2.714 -0.150997
2.716 -0.151034
2.718 -0.151072
2.720 -0.151110
2.722 -0.151148
2.724 -0.151186
2.726 -0.151224
2.728 -0.151262
2.730 -0.151299
2.732 -0.151337
2.734 -0.151375
2.736 -0.151413
2.738 -0.151451
2.740 -0.151489
2.742 -0.151527
2.744 -0.151564
2.746 -0.151602
2.748 -0.151640
2.750 -0.151678
2.752 -0.151716
2.754 -0.151754
2.756 -0.151792
2.758 -0.151829
2.760 -0.151867
2.762 -0.151905
2.764 -0.151943
2.766 -0.151981
2.768 -0.152019
2.770 -0.152057
2.772 -0.152094
2.774 -0.152132
2.776 -0.152170
2.778 -0.152208
2.780 -0.152246
2.782 -0.152284
2.784 -0.152322
2.786 -0.152359
2.788 -0.152397
2.790 -0.152435
2.792 -0.152473
2.794 -0.152511
2.796 -0.152549
2.798 -0.152587
2.800 -0.152625
2.802 -0.152662
2.804 -0.152700
2.806 -0.152738
2.808 -0.152776
2.810 -0.152814
2.812 -0.152852
2.814 -0.152890
2.816 -0.152927
2.818 -0.152965
2.820 -0.153003
2.822 -0.153041
2.824 -0.153079
2.826 -0.153117
2.828 -0.153155
2.830 -0.153192
2.832 -0.153230
2.834 -0.153268
2.836 -0.153306
2.838 -0.153344
2.840 -0.153382
2.842 -0.153420
2.844 -0.153457
2.846 -0.153495
2.848 -0.153533
2.850 -0.153571
2.852 -0.153609
2.854 -0.153647
2.856 -0.153685
2.858 -0.153722
2.860 -0.153760
2.862 -0.153798
2.864 -0.153836
2.866 -0.153874
2.868 -0.153950
2.870 -0.153950
2.872 -0.153987
2.874 -0.154025
2.876 -0.154063
2.878 -0.154101
2.880 -0.154139
2.882 -0.154177
2.884 -0.154215
2.886 -0.154252
2.888 -0.154290
2.890 -0.154328
2.892 -0.154366
2.894 -0.154404
2.896 -0.154442
2.898 -0.154480
2.900 -0.154517
2.902 -0.154555
2.904 -0.154593
2.906 -0.154631
2.908 -0.154669
2.910 -0.154707
2.912 -0.154745
2.914 -0.154782
2.916 -0.154820
2.918 -0.154858
2.920 -0.154896
2.922 -0.154934
2.924 -0.154972
2.926 -0.155010
2.928 -0.155047
2.930 -0.155047
2.932 -0.155123
2.934 -0.155161
2.936 -0.155199
2.938 -0.155237
2.940 -0.155275
2.942 -0.155312
2.944 -0.155350
2.946 -0.155388
2.948 -0.155426
2.950 -0.155464
2.952 -0.155502
2.954 -0.155540
2.956 -0.155653
2.958 -0.155653
2.960 -0.155653
2.962 -0.155691
2.964 -0.155729
2.966 -0.155767
2.968 -0.155805
2.970 -0.155842
2.972 -0.155880
2.974 -0.155918
2.976 -0.155956
2.978 -0.155994
2.980 -0.156032
2.982 -0.156070
2.984 -0.156107
2.986 -0.156145
2.988 -0.156183
2.990 -0.156221
2.992 -0.156221
2.994 -0.156297
2.996 -0.156335
2.998 -0.156372
3.000 -0.156410
3.002 -0.156448
3.004 -0.156486
3.006 -0.156524
3.008 -0.156562
3.010 -0.156600
3.012 -0.156637
3.014 -0.156675
3.016 -0.156713
3.018 -0.156751
3.020 -0.156789
3.022 -0.156827
3.024 -0.156865
3.026 -0.156902
3.028 -0.156940
3.030 -0.156978
3.032 -0.157016
3.034 -0.157054
3.036 -0.157092
3.038 -0.157130
3.040 -0.157130
3.042 -0.157130
3.044 -0.157130
3.046 -0.157281
3.048 -0.157319
3.050 -0.157357
3.052 -0.157395
3.054 -0.157432
3.056 -0.157470
3.058 -0.157508
3.060 -0.157546
3.062 -0.157584
3.064 -0.157622
3.066 -0.157660
3.068 -0.157697
3.070 -0.157735
3.072 -0.157773
3.074 -0.157811
3.076 -0.157849
3.078 -0.157887
3.080 -0.157925
3.082 -0.157962
3.084 -0.158000
3.086 -0.158038
3.088 -0.158076
3.090 -0.158114
3.092 -0.158152
3.094 -0.158190
3.096 -0.158227
3.098 -0.158265
3.100 -0.158303
3.102 -0.158341
3.104 -0.158379
3.106 -0.158417
3.108 -0.158455
3.110 -0.158492
3.112 -0.158530
3.114 -0.158568
3.116 -0.158606
3.118 -0.158644
3.120 -0.158682
3.122 -0.158720
3.124 -0.158757
3.126 -0.158795
3.128 -0.158833
3.130 -0.158871
3.132 -0.158909
3.134 -0.158947
3.136 -0.158985
3.138 -0.159022
3.140 -0.159060
3.142 -0.159098
3.144 -0.159136
3.146 -0.159174
3.148 -0.159212
3.150 -0.159250
3.152 -0.159287
3.154 -0.159325
3.156 -0.159363
3.158 -0.159401
3.160 -0.159439
3.162 -0.159477
3.164 -0.159515
3.166 -0.159552
3.168 -0.159590
3.170 -0.159628
3.172 -0.159666
3.174 -0.159704
3.176 -0.159742
3.178 -0.159780
3.180 -0.159817
3.182 -0.159855
3.184 -0.159893
3.186 -0.159931
3.188 -0.159969
3.190 -0.160007
3.192 -0.160045
3.194 -0.160082
3.196 -0.160120
3.198 -0.160158
3.200 -0.160196
3.202 -0.160234
3.204 -0.160272
3.206 -0.160310
3.208 -0.160347
3.210 -0.160385
3.212 -0.160423
3.214 -0.160461
3.216 -0.160499
3.218 -0.160537
3.220 -0.160613
3.222 -0.160613
3.224 -0.160650
3.226 -0.160688
3.228 -0.160764
3.230 -0.160764
3.232 -0.160802
3.234 -0.160840
3.236 -0.160878
3.238 -0.160915
3.240 -0.160953
3.242 -0.160991
3.244 -0.161029
3.246 -0.161067
3.248 -0.161105
3.250 -0.161143
3.252 -0.161180
3.254 -0.161218
3.256 -0.161256
3.258 -0.161294
3.260 -0.161332
3.262 -0.161370
3.264 -0.161408
3.266 -0.161445
3.268 -0.161445
3.270 -0.161521
3.272 -0.161559
3.274 -0.161597
3.276 -0.161635
3.278 -0.161673
3.280 -0.161710
3.282 -0.161748
3.284 -0.161786
3.286 -0.161824
3.288 -0.161862
3.290 -0.161900
3.292 -0.161938
3.294 -0.161975
3.296 -0.162013
3.298 -0.162051
3.300 -0.162089
3.302 -0.162127
3.304 -0.162165
3.306 -0.162203
3.308 -0.162203
3.310 -0.162278
3.312 -0.162316
3.314 -0.162354
3.316 -0.162392
3.318 -0.162430
3.320 -0.162468
3.322 -0.162505
3.324 -0.162543
3.326 -0.162581
3.328 -0.162619
3.330 -0.162657
3.332 -0.162695
3.334 -0.162733
3.336 -0.162770
3.338 -0.162808
3.340 -0.162808
3.342 -0.162884
3.344 -0.162922
3.346 -0.162960
3.348 -0.162960
3.350 -0.163035
3.352 -0.163073
3.354 -0.163111
3.356 -0.163149
3.358 -0.163187
3.360 -0.163225
3.362 -0.163263
3.364 -0.163300
3.366 -0.163338
3.368 -0.163376
3.370 -0.163414
3.372 -0.163452
3.374 -0.163490
3.376 -0.163528
3.378 -0.163565
3.380 -0.163603
3.382 -0.163641
3.384 -0.163679
3.386 -0.163717
3.388 -0.163755
3.390 -0.163793
3.392 -0.163830
3.394 -0.163868
3.396 -0.163906
3.398 -0.163944
3.400 -0.163944
3.402 -0.164020
3.404 -0.164058
3.406 -0.164095
3.408 -0.164133
3.410 -0.164171
3.412 -0.164171
3.414 -0.164209
3.416 -0.164285
3.418 -0.164323
3.420 -0.164360
3.422 -0.164398
3.424 -0.164436
3.426 -0.164474
3.428 -0.164512
3.430 -0.164550
3.432 -0.164588
3.434 -0.164625
3.436 -0.164663
3.438 -0.164701
3.440 -0.164739
3.442 -0.164777
3.444 -0.164815
3.446 -0.164815
3.448 -0.164890
3.450 -0.164890
3.452 -0.164966
3.454 -0.165004
3.456 -0.165042
3.458 -0.165080
3.460 -0.165118
3.462 -0.165155
3.464 -0.165193
3.466 -0.165231
3.468 -0.165269
3.470 -0.165307
3.472 -0.165345
3.474 -0.165383
3.476 -0.165420
3.478 -0.165458
3.480 -0.165496
3.482 -0.165534
3.484 -0.165572
3.486 -0.165610
3.488 -0.165648
3.490 -0.165685
3.492 -0.165723
3.494 -0.165761
3.496 -0.165799
3.498 -0.165837
3.500 -0.165875
3.502 -0.165913
3.504 -0.165950
3.506 -0.165988
3.508 -0.166026
3.510 -0.166064
3.512 -0.166102
3.514 -0.166140
3.516 -0.166178
3.518 -0.166215
3.520 -0.166253
3.522 -0.166291
3.524 -0.166329
3.526 -0.166367
3.528 -0.166405
3.530 -0.166443
3.532 -0.166480
3.534 -0.166518
3.536 -0.166556
3.538 -0.166594
3.540 -0.166632
3.542 -0.166670
3.544 -0.166708
3.546 -0.166745
3.548 -0.166783
3.550 -0.166783
3.552 -0.166859
3.554 -0.166897
3.556 -0.166935
3.558 -0.166973
3.560 -0.167010
3.562 -0.167048
3.564 -0.167086
3.566 -0.167124
3.568 -0.167162
3.570 -0.167200
3.572 -0.167238
3.574 -0.167275
3.576 -0.167313
3.578 -0.167351
3.580 -0.167389
3.582 -0.167427
3.584 -0.167465
3.586 -0.167503
3.588 -0.167540
3.590 -0.167578
3.592 -0.167616
3.594 -0.167654
3.596 -0.167692
3.598 -0.167730
3.600 -0.167768
3.602 -0.167805
3.604 -0.167843
3.606 -0.167881
3.608 -0.167919
3.610 -0.167957
3.612 -0.167995
3.614 -0.168033
3.616 -0.168070
3.618 -0.168108
3.620 -0.168146
3.622 -0.168184
3.624 -0.168222
3.626 -0.168260
3.628 -0.168298
3.630 -0.168335
3.632 -0.168373
3.634 -0.168411
3.636 -0.168449
3.638 -0.168449
3.640 -0.168525
3.642 -0.168525
3.644 -0.168600
3.646 -0.168638
3.648 -0.168676
3.650 -0.168714
3.652 -0.168752
3.654 -0.168790
3.656 -0.168828
3.658 -0.168866
3.660 -0.168903
3.662 -0.168941
3.664 -0.168979
3.666 -0.169017
3.668 -0.169055
3.670 -0.169093
3.672 -0.169131
3.674 -0.169168
3.676 -0.169206
3.678 -0.169244
3.680 -0.169282
3.682 -0.169320
3.684 -0.169358
3.686 -0.169396
3.688 -0.169433
3.690 -0.169471
3.692 -0.169509
3.694 -0.169547
3.696 -0.169585
3.698 -0.169623
3.700 -0.169661
3.702 -0.169698
3.704 -0.169736
3.706 -0.169774
3.708 -0.169812
3.710 -0.169850
3.712 -0.169888
3.714 -0.169926
3.716 -0.169963
3.718 -0.170001
3.720 -0.170039
3.722 -0.170077
3.724 -0.170115
3.726 -0.170153
3.728 -0.170191
3.730 -0.170228
3.732 -0.170266
3.734 -0.170304
3.736 -0.170342
3.738 -0.170380
3.740 -0.170418
3.742 -0.170456
3.744 -0.170493
3.746 -0.170531
3.748 -0.170607
3.750 -0.170607
3.752 -0.170645
3.754 -0.170683
3.756 -0.170721
3.758 -0.170758
3.760 -0.170796
3.762 -0.170834
3.764 -0.170834
3.766 -0.170910
3.768 -0.170948
3.770 -0.170986
3.772 -0.171023
3.774 -0.171061
3.776 -0.171099
3.778 -0.171137
3.780 -0.171175
3.782 -0.171213
3.784 -0.171251
3.786 -0.171288
3.788 -0.171326
3.790 -0.171364
3.792 -0.171402
3.794 -0.171402
3.796 -0.171478
3.798 -0.171516
3.800 -0.171553
3.802 -0.171591
3.804 -0.171629
3.806 -0.171667
3.808 -0.171705
3.810 -0.171743
3.812 -0.171781
3.814 -0.171818
3.816 -0.171856
3.818 -0.171894
3.820 -0.171932
3.822 -0.171970
3.824 -0.172008
3.826 -0.172046
3.828 -0.172121
3.830 -0.172121
3.832 -0.172159
3.834 -0.172197
3.836 -0.172235
3.838 -0.172273
3.840 -0.172311
3.842 -0.172348
3.844 -0.172386
3.846 -0.172424
3.848 -0.172462
3.850 -0.172500
3.852 -0.172538
3.854 -0.172576
3.856 -0.172613
3.858 -0.172651
3.860 -0.172689
3.862 -0.172689
3.864 -0.172765
3.866 -0.172803
3.868 -0.172841
3.870 -0.172878
3.872 -0.172916
3.874 -0.172954
3.876 -0.172992
3.878 -0.173030
3.880 -0.173068
3.882 -0.173106
3.884 -0.173143
3.886 -0.173181
3.888 -0.173219
3.890 -0.173257
3.892 -0.173295
3.894 -0.173333
3.896 -0.173371
3.898 -0.173408
3.900 -0.173446
3.902 -0.173484
3.904 -0.173522
3.906 -0.173560
3.908 -0.173598
3.910 -0.173636
3.912 -0.173673
3.914 -0.173711
3.916 -0.173749
3.918 -0.173787
3.920 -0.173825
3.922 -0.173863
3.924 -0.173901
3.926 -0.173901
3.928 -0.173976
3.930 -0.174014
3.932 -0.174052
3.934 -0.174090
3.936 -0.174128
3.938 -0.174166
3.940 -0.174203
3.942 -0.174241
3.944 -0.174279
3.946 -0.174317
3.948 -0.174355
3.950 -0.174393
3.952 -0.174431
3.954 -0.174468
3.956 -0.174468
3.958 -0.174544
3.960 -0.174582
3.962 -0.174620
3.964 -0.174658
3.966 -0.174696
3.968 -0.174733
3.970 -0.174771
3.972 -0.174809
3.974 -0.174847
3.976 -0.174885
3.978 -0.174923
3.980 -0.174961
3.982 -0.174998
3.984 -0.175036
3.986 -0.175074
3.988 -0.175074
3.990 -0.175074
3.992 -0.175074
3.994 -0.175150
3.996 -0.175263
3.998 -0.175301
4.000 -0.175339
4.002 -0.175377
4.004 -0.175415
4.006 -0.175453
4.008 -0.175491
4.010 -0.175528
4.012 -0.175566
4.014 -0.175604
4.016 -0.175642
4.018 -0.175680
4.020 -0.175718
4.022 -0.175756
4.024 -0.175793
4.026 -0.175831
4.028 -0.175869
4.030 -0.175907
4.032 -0.175945
4.034 -0.175983
4.036 -0.176021
4.038 -0.176058
4.040 -0.176096
4.042 -0.176134
4.044 -0.176172
4.046 -0.176210
4.048 -0.176248
4.050 -0.176286
4.052 -0.176323
4.054 -0.176361
4.056 -0.176399
4.058 -0.176437
4.060 -0.176475
4.062 -0.176513
4.064 -0.176551
4.066 -0.176588
4.068 -0.176626
4.070 -0.176664
4.072 -0.176702
4.074 -0.176740
4.076 -0.176778
4.078 -0.176816
4.080 -0.176853
4.082 -0.176891
4.084 -0.176929
4.086 -0.176967
4.088 -0.177005
4.090 -0.177043
4.092 -0.177081
4.094 -0.177119
4.096 -0.177156
4.098 -0.177194
4.100 -0.177232
4.102 -0.177270
4.104 -0.177308
4.106 -0.177346
4.108 -0.177384
4.110 -0.177421
4.112 -0.177459
4.114 -0.177497
4.116 -0.177535
4.118 -0.177573
4.120 -0.177611
4.122 -0.177649
4.124 -0.177686
4.126 -0.177724
4.128 -0.177762
4.130 -0.177800
4.132 -0.177838
4.134 -0.177876
4.136 -0.177914
4.138 -0.177951
4.140 -0.177989
4.142 -0.178027
4.144 -0.178065
4.146 -0.178103
4.148 -0.178141
4.150 -0.178179
4.152 -0.178216
4.154 -0.178254
4.156 -0.178292
4.158 -0.178330
4.160 -0.178368
4.162 -0.178406
4.164 -0.178444
4.166 -0.178481
4.168 -0.178519
4.170 -0.178557
4.172 -0.178595
4.174 -0.178633
4.176 -0.178671
4.178 -0.178709
4.180 -0.178746
4.182 -0.178784
4.184 -0.178822
4.186 -0.178860
4.188 -0.178898
4.190 -0.178936
4.192 -0.178974
4.194 -0.179011
4.196 -0.179049
4.198 -0.179087
4.200 -0.179125
4.202 -0.179163
4.204 -0.179201
4.206 -0.179239
4.208 -0.179276
4.210 -0.179314
4.212 -0.179352
4.214 -0.179390
4.216 -0.179428
4.218 -0.179466
4.220 -0.179504
4.222 -0.179541
4.224 -0.179579
4.226 -0.179617
4.228 -0.179655
4.230 -0.179693
4.232 -0.179731
4.234 -0.179769
4.236 -0.179806
4.238 -0.179844
4.240 -0.179882
4.242 -0.179920
4.244 -0.179958
4.246 -0.179996
4.248 -0.180034
4.250 -0.180071
4.252 -0.180109
4.254 -0.180147
4.256 -0.180185
4.258 -0.180223
4.260 -0.180261
4.262 -0.180299
4.264 -0.180336
4.266 -0.180374
4.268 -0.180412
4.270 -0.180450
4.272 -0.180488
4.274 -0.180526
4.276 -0.180526
4.278 -0.180601
4.280 -0.180639
4.282 -0.180677
4.284 -0.180715
4.286 -0.180753
4.288 -0.180791
4.290 -0.180829
4.292 -0.180866
4.294 -0.180904
4.296 -0.180942
4.298 -0.180980
4.300 -0.181018
4.302 -0.181056
4.304 -0.181094
4.306 -0.181131
4.308 -0.181169
4.310 -0.181207
4.312 -0.181245
4.314 -0.181283
4.316 -0.181321
4.318 -0.181359
4.320 -0.181396
4.322 -0.181434
4.324 -0.181472
4.326 -0.181510
4.328 -0.181548
4.330 -0.181586
4.332 -0.181624
4.334 -0.181661
4.336 -0.181699
4.338 -0.181737
4.340 -0.181775
4.342 -0.181813
4.344 -0.181851
4.346 -0.181889
4.348 -0.181926
4.350 -0.181926
4.352 -0.181926
4.354 -0.182040
4.356 -0.182078
4.358 -0.182116
4.360 -0.182154
4.362 -0.182191
4.364 -0.182229
4.366 -0.182267
4.368 -0.182305
4.370 -0.182343
4.372 -0.182381
4.374 -0.182419
4.376 -0.182456
4.378 -0.182494
4.380 -0.182532
4.382 -0.182570
4.384 -0.182608
4.386 -0.182646
4.388 -0.182684
4.390 -0.182721
4.392 -0.182759
4.394 -0.182797
4.396 -0.182835
4.398 -0.182873
4.400 -0.182911
4.402 -0.182949
4.404 -0.182986
4.406 -0.183024
4.408 -0.183062
4.410 -0.183100
4.412 -0.183138
4.414 -0.183176
4.416 -0.183214
4.418 -0.183251
4.420 -0.183289
4.422 -0.183327
4.424 -0.183365
4.426 -0.183403
4.428 -0.183441
4.430 -0.183479
4.432 -0.183516
4.434 -0.183554
4.436 -0.183592
4.438 -0.183630
4.440 -0.183668
4.442 -0.183706
4.444 -0.183744
4.446 -0.183781
4.448 -0.183819
4.450 -0.183819
4.452 -0.183895
4.454 -0.183933
4.456 -0.183971
4.458 -0.184009
4.460 -0.184046
4.462 -0.184084
4.464 -0.184122
4.466 -0.184160
4.468 -0.184160
4.470 -0.184160
4.472 -0.184160
4.474 -0.184311
4.476 -0.184349
4.478 -0.184349
4.480 -0.184387
4.482 -0.184463
4.484 -0.184501
4.486 -0.184539
4.488 -0.184576
4.490 -0.184614
4.492 -0.184652
4.494 -0.184690
4.496 -0.184728
4.498 -0.184766
4.500 -0.184804
4.502 -0.184841
4.504 -0.184879
4.506 -0.184917
4.508 -0.184955
4.510 -0.184993
4.512 -0.185031
4.514 -0.185069
4.516 -0.185106
4.518 -0.185144
4.520 -0.185182
4.522 -0.185220
4.524 -0.185258
4.526 -0.185296
4.528 -0.185334
4.530 -0.185372
4.532 -0.185447
4.534 -0.185447
4.536 -0.185485
4.538 -0.185523
4.540 -0.185561
4.542 -0.185599
4.544 -0.185637
4.546 -0.185674
4.548 -0.185712
4.550 -0.185750
4.552 -0.185788
4.554 -0.185826
4.556 -0.185864
4.558 -0.185902
4.560 -0.185939
4.562 -0.185977
4.564 -0.186015
4.566 -0.186053
4.568 -0.186091
4.570 -0.186129
4.572 -0.186167
4.574 -0.186204
4.576 -0.186242
4.578 -0.186280
4.580 -0.186394
4.582 -0.186394
4.584 -0.186394
4.586 -0.186432
4.588 -0.186545
4.590 -0.186621
4.592 -0.186621
4.594 -0.186621
4.596 -0.186621
4.598 -0.186659
4.600 -0.186697
4.602 -0.186734
4.604 -0.186772
4.606 -0.186810
4.608 -0.186848
4.610 -0.186886
4.612 -0.186924
4.614 -0.186962
4.616 -0.186999
4.618 -0.187037
4.620 -0.187075
4.622 -0.187113
4.624 -0.187151
4.626 -0.187189
4.628 -0.187227
4.630 -0.187227
4.632 -0.187227
4.634 -0.187340
4.636 -0.187378
4.638 -0.187416
4.640 -0.187454
4.642 -0.187492
4.644 -0.187529
4.646 -0.187567
4.648 -0.187605
4.650 -0.187643
4.652 -0.187681
4.654 -0.187719
4.656 -0.187757
4.658 -0.187794
4.660 -0.187832
4.662 -0.187870
4.664 -0.187908
4.666 -0.187946
4.668 -0.187984
4.670 -0.188022
4.672 -0.188022
4.674 -0.188097
4.676 -0.188135
4.678 -0.188135
4.680 -0.188211
4.682 -0.188249
4.684 -0.188287
4.686 -0.188324
4.688 -0.188362
4.690 -0.188400
4.692 -0.188438
4.694 -0.188476
4.696 -0.188514
4.698 -0.188552
4.700 -0.188589
4.702 -0.188627
4.704 -0.188665
4.706 -0.188703
4.708 -0.188741
4.710 -0.188779
4.712 -0.188817
4.714 -0.188854
4.716 -0.188892
4.718 -0.188930
4.720 -0.188968
4.722 -0.189006
4.724 -0.189044
4.726 -0.189082
4.728 -0.189119
4.730 -0.189157
4.732 -0.189195
4.734 -0.189233
4.736 -0.189271
4.738 -0.189309
4.740 -0.189347
4.742 -0.189384
4.744 -0.189422
4.746 -0.189460
4.748 -0.189498
4.750 -0.189536
4.752 -0.189574
4.754 -0.189612
4.756 -0.189649
4.758 -0.189687
4.760 -0.189725
4.762 -0.189763
4.764 -0.189801
4.766 -0.189839
4.768 -0.189877
4.770 -0.189914
4.772 -0.189952
4.774 -0.189990
4.776 -0.190028
4.778 -0.190066
4.780 -0.190104
4.782 -0.190142
4.784 -0.190179
4.786 -0.190217
4.788 -0.190255
4.790 -0.190293
4.792 -0.190331
4.794 -0.190369
4.796 -0.190407
4.798 -0.190444
4.800 -0.190482
4.802 -0.190520
4.804 -0.190558
4.806 -0.190596
4.808 -0.190634
4.810 -0.190672
4.812 -0.190709
4.814 -0.190747
4.816 -0.190785
4.818 -0.190823
4.820 -0.190861
4.822 -0.190899
4.824 -0.190937
4.826 -0.190974
4.828 -0.191012
4.830 -0.191050
4.832 -0.191088
4.834 -0.191126
4.836 -0.191164
4.838 -0.191202
4.840 -0.191239
4.842 -0.191277
4.844 -0.191315
4.846 -0.191353
4.848 -0.191391
4.850 -0.191429
4.852 -0.191467
4.854 -0.191504
4.856 -0.191542
4.858 -0.191580
4.860 -0.191618
4.862 -0.191656
4.864 -0.191694
4.866 -0.191732
4.868 -0.191769
4.870 -0.191807
4.872 -0.191845
4.874 -0.191883
4.876 -0.191921
4.878 -0.191959
4.880 -0.191997
4.882 -0.192034
4.884 -0.192072
4.886 -0.192110
4.888 -0.192148
4.890 -0.192186
4.892 -0.192224
4.894 -0.192262
4.896 -0.192299
4.898 -0.192337
4.900 -0.192375
4.902 -0.192413
4.904 -0.192451
4.906 -0.192489
4.908 -0.192527
4.910 -0.192527
4.912 -0.192602
4.914 -0.192640
4.916 -0.192678
4.918 -0.192716
4.920 -0.192754
4.922 -0.192792
4.924 -0.192829
4.926 -0.192867
4.928 -0.192905
4.930 -0.192943
4.932 -0.192981
4.934 -0.193019
4.936 -0.193057
4.938 -0.193094
4.940 -0.193132
4.942 -0.193170
4.944 -0.193208
4.946 -0.193246
4.948 -0.193284
4.950 -0.193284
4.952 -0.193360
4.954 -0.193397
4.956 -0.193435
4.958 -0.193473
4.960 -0.193511
4.962 -0.193549
4.964 -0.193587
4.966 -0.193625
4.968 -0.193662
4.970 -0.193700
4.972 -0.193738
4.974 -0.193776
4.976 -0.193814
4.978 -0.193852
4.980 -0.193890
4.982 -0.193927
4.984 -0.193965
4.986 -0.194003
4.988 -0.194003
4.990 -0.194079
4.992 -0.194117
4.994 -0.194155
4.996 -0.194192
4.998 -0.194230
5.000 -0.194268
5.002 -0.194306
5.004 -0.194344
5.006 -0.194382
5.008 -0.194420
5.010 -0.194457
5.012 -0.194495
5.014 -0.194533
5.016 -0.194571
5.018 -0.194609
5.020 -0.194647
5.022 -0.194685
5.024 -0.194722
5.026 -0.194760
5.028 -0.194798
5.030 -0.194836
5.032 -0.194874
5.034 -0.194912
5.036 -0.194950
5.038 -0.194987
5.040 -0.195025
5.042 -0.195063
5.044 -0.195101
5.046 -0.195139
5.048 -0.195177
5.050 -0.195215
5.052 -0.195252
5.054 -0.195290
5.056 -0.195328
5.058 -0.195366
5.060 -0.195404
5.062 -0.195442
5.064 -0.195480
5.066 -0.195517
5.068 -0.195555
5.070 -0.195593
5.072 -0.195631
5.074 -0.195669
5.076 -0.195669
5.078 -0.195745
5.080 -0.195782
5.082 -0.195820
5.084 -0.195858
5.086 -0.195896
5.088 -0.195934
5.090 -0.195972
5.092 -0.196010
5.094 -0.196047
5.096 -0.196085
5.098 -0.196123
5.100 -0.196161
5.102 -0.196199
5.104 -0.196237
5.106 -0.196275
5.108 -0.196312
5.110 -0.196350
5.112 -0.196388
5.114 -0.196426
5.116 -0.196464
5.118 -0.196502
5.120 -0.196540
5.122 -0.196577
5.124 -0.196615
5.126 -0.196653
5.128 -0.196691
5.130 -0.196729
5.132 -0.196767
5.134 -0.196805
5.136 -0.196842
5.138 -0.196880
5.140 -0.196918
5.142 -0.196956
5.144 -0.196994
5.146 -0.197032
5.148 -0.197070
5.150 -0.197107
5.152 -0.197145
5.154 -0.197183
5.156 -0.197221
5.158 -0.197259
5.160 -0.197297
5.162 -0.197335
5.164 -0.197372
5.166 -0.197410
5.168 -0.197448
5.170 -0.197486
5.172 -0.197524
5.174 -0.197562
5.176 -0.197600
5.178 -0.197637
5.180 -0.197675
5.182 -0.197713
5.184 -0.197751
5.186 -0.197789
5.188 -0.197827
5.190 -0.197865
5.192 -0.197902
5.194 -0.197940
5.196 -0.197978
5.198 -0.198016
5.200 -0.198054
5.202 -0.198092
5.204 -0.198130
5.206 -0.198167
5.208 -0.198205
5.210 -0.198243
5.212 -0.198281
5.214 -0.198319
5.216 -0.198357
5.218 -0.198395
5.220 -0.198432
5.222 -0.198470
5.224 -0.198508
5.226 -0.198546
5.228 -0.198584
5.230 -0.198622
5.232 -0.198660
5.234 -0.198697
5.236 -0.198735
5.238 -0.198773
5.240 -0.198811
5.242 -0.198849
5.244 -0.198887
5.246 -0.198925
5.248 -0.198962
5.250 -0.199000
5.252 -0.199038
5.254 -0.199076
5.256 -0.199114
5.258 -0.199152
5.260 -0.199190
5.262 -0.199227
5.264 -0.199265
5.266 -0.199303
5.268 -0.199303
5.270 -0.199303
5.272 -0.199303
5.274 -0.199455
5.276 -0.199492
5.278 -0.199530
5.280 -0.199568
5.282 -0.199606
5.284 -0.199644
5.286 -0.199682
5.288 -0.199720
5.290 -0.199757
5.292 -0.199795
5.294 -0.199833
5.296 -0.199871
5.298 -0.199909
5.300 -0.199909
5.302 -0.199985
5.304 -0.200022
5.306 -0.200060
5.308 -0.200098
5.310 -0.200136
5.312 -0.200136
5.314 -0.200212
5.316 -0.200250
5.318 -0.200287
5.320 -0.200325
5.322 -0.200363
5.324 -0.200401
5.326 -0.200439
5.328 -0.200477
5.330 -0.200515
5.332 -0.200552
5.334 -0.200590
5.336 -0.200628
5.338 -0.200666
5.340 -0.200704
5.342 -0.200742
5.344 -0.200780
5.346 -0.200817
5.348 -0.200855
5.350 -0.200893
5.352 -0.200931
5.354 -0.200969
5.356 -0.201007
5.358 -0.201045
5.360 -0.201082
5.362 -0.201120
5.364 -0.201196
5.366 -0.201196
5.368 -0.201234
5.370 -0.201272
5.372 -0.201310
5.374 -0.201347
5.376 -0.201385
5.378 -0.201385
5.380 -0.201461
5.382 -0.201499
5.384 -0.201537
5.386 -0.201575
5.388 -0.201688
5.390 -0.201688
5.392 -0.201688
5.394 -0.201726
5.396 -0.201764
5.398 -0.201764
5.400 -0.201840
5.402 -0.201878
5.404 -0.201915
5.406 -0.201953
5.408 -0.201991
5.410 -0.202029
5.412 -0.202067
5.414 -0.202105
5.416 -0.202143
5.418 -0.202180
5.420 -0.202218
5.422 -0.202256
5.424 -0.202294
5.426 -0.202332
5.428 -0.202370
5.430 -0.202370
5.432 -0.202445
5.434 -0.202483
5.436 -0.202521
5.438 -0.202559
5.440 -0.202597
5.442 -0.202635
5.444 -0.202673
5.446 -0.202710
5.448 -0.202748
5.450 -0.202786
5.452 -0.202824
5.454 -0.202862
5.456 -0.202900
5.458 -0.202938
5.460 -0.202938
5.462 -0.203013
5.464 -0.203051
5.466 -0.203089
5.468 -0.203127
5.470 -0.203165
5.472 -0.203203
5.474 -0.203240
5.476 -0.203278
5.478 -0.203316
5.480 -0.203354
5.482 -0.203392
5.484 -0.203430
5.486 -0.203468
5.488 -0.203505
5.490 -0.203543
5.492 -0.203581
5.494 -0.203619
5.496 -0.203657
5.498 -0.203695
5.500 -0.203733
5.502 -0.203770
5.504 -0.203808
5.506 -0.203846
5.508 -0.203846
5.510 -0.203884
5.512 -0.203922
5.514 -0.203960
5.516 -0.203960
5.518 -0.204073
5.520 -0.204111
5.522 -0.204149
5.524 -0.204187
5.526 -0.204225
5.528 -0.204263
5.530 -0.204300
5.532 -0.204338
5.534 -0.204376
5.536 -0.204414
5.538 -0.204452
5.540 -0.204490
5.542 -0.204528
5.544 -0.204565
5.546 -0.204603
5.548 -0.204603
5.550 -0.204679
5.552 -0.204717
5.554 -0.204755
5.556 -0.204830
5.558 -0.204830
5.560 -0.204868
5.562 -0.204906
5.564 -0.204944
5.566 -0.204982
5.568 -0.205020
5.570 -0.205058
5.572 -0.205095
5.574 -0.205133
5.576 -0.205171
5.578 -0.205209
5.580 -0.205247
5.582 -0.205285
5.584 -0.205323
5.586 -0.205360
5.588 -0.205398
5.590 -0.205398
5.592 -0.205474
5.594 -0.205512
5.596 -0.205550
5.598 -0.205588
5.600 -0.205625
5.602 -0.205663
5.604 -0.205701
5.606 -0.205739
5.608 -0.205777
5.610 -0.205815
5.612 -0.205853
5.614 -0.205890
5.616 -0.205928
5.618 -0.205966
5.620 -0.206004
5.622 -0.206042
5.624 -0.206080
5.626 -0.206118
5.628 -0.206155
5.630 -0.206193
5.632 -0.206231
5.634 -0.206269
5.636 -0.206307
5.638 -0.206345
5.640 -0.206383
5.642 -0.206420
5.644 -0.206458
5.646 -0.206496
5.648 -0.206534
5.650 -0.206610
5.652 -0.206610
5.654 -0.206648
5.656 -0.206685
5.658 -0.206723
5.660 -0.206761
5.662 -0.206799
5.664 -0.206837
5.666 -0.206875
5.668 -0.206913
5.670 -0.206950
5.672 -0.206988
5.674 -0.207026
5.676 -0.207064
5.678 -0.207102
5.680 -0.207140
5.682 -0.207178
5.684 -0.207215
5.686 -0.207253
5.688 -0.207291
5.690 -0.207329
5.692 -0.207367
5.694 -0.207405
5.696 -0.207443
5.698 -0.207480
5.700 -0.207518
5.702 -0.207556
5.704 -0.207594
5.706 -0.207632
5.708 -0.207670
5.710 -0.207708
5.712 -0.207708
5.714 -0.207783
5.716 -0.207821
5.718 -0.207859
5.720 -0.207897
5.722 -0.207935
5.724 -0.207973
5.726 -0.208010
5.728 -0.208048
5.730 -0.208086
5.732 -0.208124
5.734 -0.208162
5.736 -0.208200
5.738 -0.208238
5.740 -0.208275
5.742 -0.208313
5.744 -0.208351
5.746 -0.208389
5.748 -0.208389
5.750 -0.208389
5.752 -0.208503
5.754 -0.208540
5.756 -0.208578
5.758 -0.208616
5.760 -0.208654
5.762 -0.208692
5.764 -0.208730
5.766 -0.208768
5.768 -0.208805
5.770 -0.208843
5.772 -0.208881
5.774 -0.208919
5.776 -0.208957
5.778 -0.208995
5.780 -0.209033
5.782 -0.209070
5.784 -0.209108
5.786 -0.209146
5.788 -0.209260
5.790 -0.209298
5.792 -0.209335
5.794 -0.209335
5.796 -0.209335
5.798 -0.209373
5.800 -0.209411
5.802 -0.209449
5.804 -0.209487
5.806 -0.209525
5.808 -0.209563
5.810 -0.209600
5.812 -0.209638
5.814 -0.209676
5.816 -0.209714
5.818 -0.209752
5.820 -0.209790
5.822 -0.209828
5.824 -0.209866
5.826 -0.209903
5.828 -0.209941
5.830 -0.209979
5.832 -0.209979
5.834 -0.210055
5.836 -0.210093
5.838 -0.210131
5.840 -0.210131
5.842 -0.210206
5.844 -0.210244
5.846 -0.210282
5.848 -0.210320
5.850 -0.210358
5.852 -0.210396
5.854 -0.210433
5.856 -0.210471
5.858 -0.210509
5.860 -0.210547
5.862 -0.210585
5.864 -0.210623
5.866 -0.210661
5.868 -0.210698
5.870 -0.210736
5.872 -0.210774
5.874 -0.210812
5.876 -0.210812
5.878 -0.210850
5.880 -0.210926
5.882 -0.210963
5.884 -0.211001
5.886 -0.211039
5.888 -0.211077
5.890 -0.211115
5.892 -0.211153
5.894 -0.211191
5.896 -0.211228
5.898 -0.211266
5.900 -0.211304
5.902 -0.211342
5.904 -0.211380
5.906 -0.211418
5.908 -0.211456
5.910 -0.211493
5.912 -0.211493
5.914 -0.211569
5.916 -0.211607
5.918 -0.211645
5.920 -0.211683
5.922 -0.211721
5.924 -0.211758
5.926 -0.211796
5.928 -0.211834
5.930 -0.211872
5.932 -0.211910
5.934 -0.211948
5.936 -0.211986
5.938 -0.212023
5.940 -0.212061
5.942 -0.212099
5.944 -0.212137
5.946 -0.212175
5.948 -0.212213
5.950 -0.212251
5.952 -0.212288
5.954 -0.212326
5.956 -0.212364
5.958 -0.212402
5.960 -0.212440
5.962 -0.212440
5.964 -0.212516
5.966 -0.212553
5.968 -0.212591
5.970 -0.212629
5.972 -0.212629
5.974 -0.212705
5.976 -0.212743
5.978 -0.212781
5.980 -0.212818
5.982 -0.212856
5.984 -0.212894
5.986 -0.212932
5.988 -0.212970
5.990 -0.213008
5.992 -0.213046
5.994 -0.213083
5.996 -0.213121
5.998 -0.213159
6.000 -0.213197
6.002 -0.213235
6.004 -0.213273
6.006 -0.213311
6.008 -0.213348
6.010 -0.213386
6.012 -0.213424
6.014 -0.213462
6.016 -0.213500
6.018 -0.213538
6.020 -0.213576
6.022 -0.213613
6.024 -0.213651
6.026 -0.213689
6.028 -0.213689
6.030 -0.213878
6.032 -0.213878
6.034 -0.213878
6.036 -0.213878
6.038 -0.213916
6.040 -0.213954
6.042 -0.213992
6.044 -0.214030
6.046 -0.214068
6.048 -0.214106
6.050 -0.214143
6.052 -0.214181
6.054 -0.214219
6.056 -0.214257
6.058 -0.214295
6.060 -0.214333
6.062 -0.214371
6.064 -0.214408
6.066 -0.214446
6.068 -0.214484
6.070 -0.214522
6.072 -0.214560
6.074 -0.214598
6.076 -0.214636
6.078 -0.214673
6.080 -0.214711
6.082 -0.214749
6.084 -0.214787
6.086 -0.214825
6.088 -0.214863
6.090 -0.214901
6.092 -0.214938
6.094 -0.214976
6.096 -0.215014
6.098 -0.215052
6.100 -0.215052
6.102 -0.215090
6.104 -0.215166
6.106 -0.215203
6.108 -0.215241
6.110 -0.215279
6.112 -0.215317
6.114 -0.215355
6.116 -0.215393
6.118 -0.215431
6.120 -0.215468
6.122 -0.215506
6.124 -0.215544
6.126 -0.215582
6.128 -0.215620
6.130 -0.215658
6.132 -0.215696
6.134 -0.215733
6.136 -0.215771
6.138 -0.215809
6.140 -0.215847
6.142 -0.215885
6.144 -0.215923
6.146 -0.215961
6.148 -0.215998
6.150 -0.216036
6.152 -0.216074
6.154 -0.216112
6.156 -0.216150
6.158 -0.216188
6.160 -0.216226
6.162 -0.216263
6.164 -0.216301
6.166 -0.216339
6.168 -0.216377
6.170 -0.216415
6.172 -0.216453
6.174 -0.216491
6.176 -0.216528
6.178 -0.216566
6.180 -0.216604
6.182 -0.216642
6.184 -0.216680
6.186 -0.216718
6.188 -0.216756
6.190 -0.216793
6.192 -0.216831
6.194 -0.216869
6.196 -0.216907
6.198 -0.216945
6.200 -0.216983
6.202 -0.217021
6.204 -0.217058
6.206 -0.217096
6.208 -0.217134
6.210 -0.217172
6.212 -0.217210
6.214 -0.217248
6.216 -0.217286
6.218 -0.217323
6.220 -0.217361
6.222 -0.217399
6.224 -0.217437
6.226 -0.217475
6.228 -0.217513
6.230 -0.217513
6.232 -0.217551
6.234 -0.217626
6.236 -0.217664
6.238 -0.217702
6.240 -0.217853
6.242 -0.217891
6.244 -0.217891
6.246 -0.217891
6.248 -0.217891
6.250 -0.217929
6.252 -0.217967
6.254 -0.218005
6.256 -0.218043
6.258 -0.218081
6.260 -0.218119
6.262 -0.218156
6.264 -0.218194
6.266 -0.218232
6.268 -0.218270
6.270 -0.218308
6.272 -0.218346
6.274 -0.218421
6.276 -0.218459
6.278 -0.218497
6.280 -0.218497
6.282 -0.218535
6.284 -0.218573
6.286 -0.218611
6.288 -0.218649
6.290 -0.218686
6.292 -0.218724
6.294 -0.218762
6.296 -0.218800
6.298 -0.218838
6.300 -0.218838
6.302 -0.218914
6.304 -0.218951
6.306 -0.218989
6.308 -0.219027
6.310 -0.219065
6.312 -0.219103
6.314 -0.219141
6.316 -0.219179
6.318 -0.219216
6.320 -0.219254
6.322 -0.219292
6.324 -0.219330
6.326 -0.219368
6.328 -0.219406
6.330 -0.219406
6.332 -0.219481
6.334 -0.219519
6.336 -0.219557
6.338 -0.219595
6.340 -0.219633
6.342 -0.219671
6.344 -0.219709
6.346 -0.219746
6.348 -0.219784
6.350 -0.219822
6.352 -0.219860
6.354 -0.219898
6.356 -0.219936
6.358 -0.219974
6.360 -0.220011
6.362 -0.220011
6.364 -0.220087
6.366 -0.220125
6.368 -0.220163
6.370 -0.220201
6.372 -0.220239
6.374 -0.220276
6.376 -0.220314
6.378 -0.220352
6.380 -0.220390
6.382 -0.220428
6.384 -0.220466
6.386 -0.220504
6.388 -0.220541
6.390 -0.220541
6.392 -0.220617
6.394 -0.220655
6.396 -0.220693
6.398 -0.220731
6.400 -0.220731
6.402 -0.220806
6.404 -0.220844
6.406 -0.220882
6.408 -0.220920
6.410 -0.220958
6.412 -0.220996
6.414 -0.221034
6.416 -0.221071
6.418 -0.221109
6.420 -0.221147
6.422 -0.221185
6.424 -0.221223
6.426 -0.221261
6.428 -0.221299
6.430 -0.221336
6.432 -0.221374
6.434 -0.221412
6.436 -0.221450
6.438 -0.221488
6.440 -0.221526
6.442 -0.221564
6.444 -0.221601
6.446 -0.221639
6.448 -0.221677
6.450 -0.221715
6.452 -0.221753
6.454 -0.221791
6.456 -0.221829
6.458 -0.221866
6.460 -0.221904
6.462 -0.221942
6.464 -0.221980
6.466 -0.222018
6.468 -0.222056
6.470 -0.222056
6.472 -0.222131
6.474 -0.222169
6.476 -0.222207
6.478 -0.222245
6.480 -0.222283
6.482 -0.222283
6.484 -0.222359
6.486 -0.222396
6.488 -0.222434
6.490 -0.222472
6.492 -0.222510
6.494 -0.222548
6.496 -0.222586
6.498 -0.222624
6.500 -0.222661
6.502 -0.222699
6.504 -0.222737
6.506 -0.222775
6.508 -0.222813
6.510 -0.222851
6.512 -0.222889
6.514 -0.222926
6.516 -0.222964
6.518 -0.223002
6.520 -0.223040
6.522 -0.223078
6.524 -0.223116
6.526 -0.223154
6.528 -0.223191
6.530 -0.223229
6.532 -0.223267
6.534 -0.223305
6.536 -0.223343
6.538 -0.223381
6.540 -0.223419
6.542 -0.223456
6.544 -0.223494
6.546 -0.223532
6.548 -0.223570
6.550 -0.223608
6.552 -0.223646
6.554 -0.223684
6.556 -0.223759
6.558 -0.223759
6.560 -0.223797
6.562 -0.223835
6.564 -0.223873
6.566 -0.223911
6.568 -0.223949
6.570 -0.223986
6.572 -0.224024
6.574 -0.224062
6.576 -0.224100
6.578 -0.224138
6.580 -0.224176
6.582 -0.224214
6.584 -0.224251
6.586 -0.224289
6.588 -0.224289
6.590 -0.224365
6.592 -0.224403
6.594 -0.224441
6.596 -0.224479
6.598 -0.224516
6.600 -0.224554
6.602 -0.224592
6.604 -0.224630
6.606 -0.224668
6.608 -0.224706
6.610 -0.224744
6.612 -0.224781
6.614 -0.224819
6.616 -0.224857
6.618 -0.224895
6.620 -0.224933
6.622 -0.224971
6.624 -0.225009
6.626 -0.225046
6.628 -0.225084
6.630 -0.225122
6.632 -0.225160
6.634 -0.225198
6.636 -0.225236
6.638 -0.225274
6.640 -0.225311
6.642 -0.225349
6.644 -0.225425
6.646 -0.225425
6.648 -0.225463
6.650 -0.225501
6.652 -0.225539
6.654 -0.225576
6.656 -0.225614
6.658 -0.225652
6.660 -0.225690
6.662 -0.225728
6.664 -0.225766
6.666 -0.225804
6.668 -0.225841
6.670 -0.225879
6.672 -0.225917
6.674 -0.225993
6.676 -0.226106
6.678 -0.226106
6.680 -0.226144
6.682 -0.226144
6.684 -0.226144
6.686 -0.226182
6.688 -0.226220
6.690 -0.226258
6.692 -0.226296
6.694 -0.226334
6.696 -0.226372
6.698 -0.226409
6.700 -0.226447
6.702 -0.226485
6.704 -0.226523
6.706 -0.226561
6.708 -0.226599
6.710 -0.226637
6.712 -0.226674
6.714 -0.226712
6.716 -0.226750
6.718 -0.226788
6.720 -0.226826
6.722 -0.226864
6.724 -0.226902
6.726 -0.226939
6.728 -0.226977
6.730 -0.227015
6.732 -0.227053
6.734 -0.227091
6.736 -0.227129
6.738 -0.227167
6.740 -0.227204
6.742 -0.227242
6.744 -0.227280
6.746 -0.227318
6.748 -0.227356
6.750 -0.227394
6.752 -0.227432
6.754 -0.227469
6.756 -0.227507
6.758 -0.227545
6.760 -0.227583
6.762 -0.227621
6.764 -0.227621
6.766 -0.227697
6.768 -0.227734
6.770 -0.227772
6.772 -0.227810
6.774 -0.227848
6.776 -0.227886
6.778 -0.227924
6.780 -0.227962
6.782 -0.227999
6.784 -0.228037
6.786 -0.228075
6.788 -0.228113
6.790 -0.228151
6.792 -0.228189
6.794 -0.228227
6.796 -0.228264
6.798 -0.228302
6.800 -0.228340
6.802 -0.228378
6.804 -0.228416
6.806 -0.228454
6.808 -0.228492
6.810 -0.228529
6.812 -0.228567
6.814 -0.228605
6.816 -0.228643
6.818 -0.228681
6.820 -0.228719
6.822 -0.228757
6.824 -0.228794
6.826 -0.228832
6.828 -0.228870
6.830 -0.228908
6.832 -0.228946
6.834 -0.228984
6.836 -0.229022
6.838 -0.229059
6.840 -0.229097
6.842 -0.229135
6.844 -0.229173
6.846 -0.229211
6.848 -0.229211
6.850 -0.229287
6.852 -0.229324
6.854 -0.229362
6.856 -0.229400
6.858 -0.229438
6.860 -0.229476
6.862 -0.229514
6.864 -0.229552
6.866 -0.229589
6.868 -0.229627
6.870 -0.229665
6.872 -0.229703
6.874 -0.229741
6.876 -0.229779
6.878 -0.229817
6.880 -0.229854
6.882 -0.229892
6.884 -0.229930
6.886 -0.229968
6.888 -0.230006
6.890 -0.230044
6.892 -0.230082
6.894 -0.230119
6.896 -0.230157
6.898 -0.230195
6.900 -0.230195
6.902 -0.230271
6.904 -0.230309
6.906 -0.230347
6.908 -0.230384
6.910 -0.230422
6.912 -0.230460
6.914 -0.230498
6.916 -0.230536
6.918 -0.230574
6.920 -0.230612
6.922 -0.230649
6.924 -0.230687
6.926 -0.230725
6.928 -0.230763
6.930 -0.230801
6.932 -0.230839
6.934 -0.230877
6.936 -0.230914
6.938 -0.230952
6.940 -0.230990
6.942 -0.231028
6.944 -0.231066
6.946 -0.231104
6.948 -0.231142
6.950 -0.231142
6.952 -0.231179
6.954 -0.231255
6.956 -0.231293
6.958 -0.231331
6.960 -0.231369
6.962 -0.231407
6.964 -0.231444
6.966 -0.231444
6.968 -0.231520
6.970 -0.231558
6.972 -0.231596
6.974 -0.231634
6.976 -0.231672
6.978 -0.231709
6.980 -0.231747
6.982 -0.231785
6.984 -0.231823
6.986 -0.231861
6.988 -0.231861
6.990 -0.231937
6.992 -0.231974
6.994 -0.232012
6.996 -0.232050
6.998 -0.232088
7.000 -0.232088
7.002 -0.232164
7.004 -0.232202
7.006 -0.232239
7.008 -0.232277
7.010 -0.232315
7.012 -0.232353
7.014 -0.232391
7.016 -0.232429
7.018 -0.232467
7.020 -0.232504
7.022 -0.232542
7.024 -0.232580
7.026 -0.232618
7.028 -0.232656
7.030 -0.232694
7.032 -0.232732
7.034 -0.232769
7.036 -0.232807
7.038 -0.232845
7.040 -0.232883
7.042 -0.232921
7.044 -0.232959
7.046 -0.232997
7.048 -0.233034
7.050 -0.233072
7.052 -0.233110
7.054 -0.233148
7.056 -0.233186
7.058 -0.233224
7.060 -0.233262
7.062 -0.233299
7.064 -0.233337
7.066 -0.233375
7.068 -0.233413
7.070 -0.233413
7.072 -0.233413
7.074 -0.233413
7.076 -0.233489
7.078 -0.233564
7.080 -0.233602
7.082 -0.233678
7.084 -0.233716
7.086 -0.233754
7.088 -0.233792
7.090 -0.233829
7.092 -0.233867
7.094 -0.233905
7.096 -0.233943
7.098 -0.233981
7.100 -0.234019
7.102 -0.234057
7.104 -0.234094
7.106 -0.234132
7.108 -0.234132
7.110 -0.234208
7.112 -0.234246
7.114 -0.234284
7.116 -0.234322
7.118 -0.234360
7.120 -0.234397
7.122 -0.234435
7.124 -0.234473
7.126 -0.234511
7.128 -0.234549
7.130 -0.234587
7.132 -0.234625
7.134 -0.234662
7.136 -0.234700
7.138 -0.234738
7.140 -0.234776
7.142 -0.234814
7.144 -0.234852
7.146 -0.234890
7.148 -0.234927
7.150 -0.234965
7.152 -0.235003
7.154 -0.235041
7.156 -0.235079
7.158 -0.235117
7.160 -0.235155
7.162 -0.235192
7.164 -0.235230
7.166 -0.235268
7.168 -0.235306
7.170 -0.235344
7.172 -0.235382
7.174 -0.235420
7.176 -0.235457
7.178 -0.235495
7.180 -0.235533
7.182 -0.235571
7.184 -0.235609
7.186 -0.235647
7.188 -0.235685
7.190 -0.235685
7.192 -0.235722
7.194 -0.235798
7.196 -0.235836
7.198 -0.235874
7.200 -0.235912
7.202 -0.235950
7.204 -0.235987
7.206 -0.236025
7.208 -0.236063
7.210 -0.236101
7.212 -0.236139
7.214 -0.236177
7.216 -0.236215
7.218 -0.236252
7.220 -0.236290
7.222 -0.236328
7.224 -0.236366
7.226 -0.236404
7.228 -0.236442
7.230 -0.236480
7.232 -0.236517
7.234 -0.236555
7.236 -0.236593
7.238 -0.236707
7.240 -0.236707
7.242 -0.236707
7.244 -0.236745
7.246 -0.236782
7.248 -0.236820
7.250 -0.236858
7.252 -0.236896
7.254 -0.236934
7.256 -0.236972
7.258 -0.237010
7.260 -0.237047
7.262 -0.237085
7.264 -0.237123
7.266 -0.237161
7.268 -0.237199
7.270 -0.237237
7.272 -0.237275
7.274 -0.237312
7.276 -0.237350
7.278 -0.237388
7.280 -0.237426
7.282 -0.237464
7.284 -0.237540
7.286 -0.237540
7.288 -0.237577
7.290 -0.237615
7.292 -0.237653
7.294 -0.237691
7.296 -0.237729
7.298 -0.237767
7.300 -0.237805
7.302 -0.237842
7.304 -0.237880
7.306 -0.237918
7.308 -0.237956
7.310 -0.237994
7.312 -0.238032
7.314 -0.238070
7.316 -0.238107
7.318 -0.238145
7.320 -0.238183
7.322 -0.238221
7.324 -0.238259
7.326 -0.238297
7.328 -0.238335
7.330 -0.238372
7.332 -0.238410
7.334 -0.238448
7.336 -0.238486
7.338 -0.238524
7.340 -0.238562
7.342 -0.238600
7.344 -0.238637
7.346 -0.238675
7.348 -0.238713
7.350 -0.238751
7.352 -0.238789
7.354 -0.238827
7.356 -0.238865
7.358 -0.238902
7.360 -0.238940
7.362 -0.238978
7.364 -0.239016
7.366 -0.239054
7.368 -0.239092
7.370 -0.239130
7.372 -0.239167
7.374 -0.239205
7.376 -0.239243
7.378 -0.239281
7.380 -0.239319
7.382 -0.239357
7.384 -0.239395
7.386 -0.239432
7.388 -0.239470
7.390 -0.239470
7.392 -0.239470
7.394 -0.239470
7.396 -0.239470
7.398 -0.239470
7.400 -0.239697
7.402 -0.239735
7.404 -0.239773
7.406 -0.239811
7.408 -0.239849
7.410 -0.239887
7.412 -0.239925
7.414 -0.239962
7.416 -0.240000
7.418 -0.240038
7.420 -0.240076
7.422 -0.240114
7.424 -0.240152
7.426 -0.240190
7.428 -0.240227
7.430 -0.240265
7.432 -0.240303
7.434 -0.240341
7.436 -0.240379
7.438 -0.240417
7.440 -0.240455
7.442 -0.240455
7.444 -0.240530
7.446 -0.240568
7.448 -0.240606
7.450 -0.240644
7.452 -0.240682
7.454 -0.240720
7.456 -0.240757
7.458 -0.240795
7.460 -0.240833
7.462 -0.240871
7.464 -0.240909
7.466 -0.240947
7.468 -0.240985
7.470 -0.241022
7.472 -0.241060
7.474 -0.241098
7.476 -0.241136
7.478 -0.241174
7.480 -0.241212
7.482 -0.241250
7.484 -0.241287
7.486 -0.241325
7.488 -0.241363
7.490 -0.241401
7.492 -0.241439
7.494 -0.241477
7.496 -0.241515
7.498 -0.241552
7.500 -0.241590
7.502 -0.241628
7.504 -0.241666
7.506 -0.241704
7.508 -0.241742
7.510 -0.241780
7.512 -0.241817
7.514 -0.241855
7.516 -0.241893
7.518 -0.241931
7.520 -0.241969
7.522 -0.242007
7.524 -0.242045
7.526 -0.242082
7.528 -0.242120
7.530 -0.242120
7.532 -0.242196
7.534 -0.242234
7.536 -0.242272
7.538 -0.242310
7.540 -0.242347
7.542 -0.242385
7.544 -0.242423
7.546 -0.242461
7.548 -0.242499
7.550 -0.242537
7.552 -0.242575
7.554 -0.242613
7.556 -0.242650
7.558 -0.242650
7.560 -0.242726
7.562 -0.242764
7.564 -0.242802
7.566 -0.242840
7.568 -0.242878
7.570 -0.242915
7.572 -0.242953
7.574 -0.242991
7.576 -0.243029
7.578 -0.243067
7.580 -0.243105
7.582 -0.243143
7.584 -0.243180
7.586 -0.243218
7.588 -0.243256
7.590 -0.243294
7.592 -0.243332
7.594 -0.243370
7.596 -0.243408
7.598 -0.243445
7.600 -0.243483
7.602 -0.243521
7.604 -0.243559
7.606 -0.243597
7.608 -0.243635
7.610 -0.243673
7.612 -0.243710
7.614 -0.243748
7.616 -0.243786
7.618 -0.243824
7.620 -0.243862
7.622 -0.243900
7.624 -0.243938
7.626 -0.243975
7.628 -0.244013
7.630 -0.244051
7.632 -0.244089
7.634 -0.244127
7.636 -0.244165
7.638 -0.244203
7.640 -0.244240
7.642 -0.244278
7.644 -0.244316
7.646 -0.244316
7.648 -0.244354
7.650 -0.244392
7.652 -0.244468
7.654 -0.244505
7.656 -0.244543
7.658 -0.244581
7.660 -0.244619
7.662 -0.244657
7.664 -0.244695
7.666 -0.244733
7.668 -0.244770
7.670 -0.244808
7.672 -0.244846
7.674 -0.244884
7.676 -0.244922
7.678 -0.244960
7.680 -0.244998
7.682 -0.245035
7.684 -0.245073
7.686 -0.245111
7.688 -0.245149
7.690 -0.245187
7.692 -0.245225
7.694 -0.245263
7.696 -0.245300
7.698 -0.245300
7.700 -0.245338
7.702 -0.245414
7.704 -0.245452
7.706 -0.245490
7.708 -0.245528
7.710 -0.245565
7.712 -0.245603
7.714 -0.245641
7.716 -0.245679
7.718 -0.245717
7.720 -0.245755
7.722 -0.245793
7.724 -0.245830
7.726 -0.245868
7.728 -0.245906
7.730 -0.245944
7.732 -0.246020
7.734 -0.246020
7.736 -0.246058
7.738 -0.246095
7.740 -0.246133
7.742 -0.246171
7.744 -0.246209
7.746 -0.246247
7.748 -0.246247
7.750 -0.246285
7.752 -0.246360
7.754 -0.246398
7.756 -0.246436
7.758 -0.246474
7.760 -0.246512
7.762 -0.246550
7.764 -0.246588
7.766 -0.246625
7.768 -0.246663
7.770 -0.246701
7.772 -0.246739
7.774 -0.246777
7.776 -0.246815
7.778 -0.246853
7.780 -0.246890
7.782 -0.246928
7.784 -0.246966
7.786 -0.247004
7.788 -0.247042
7.790 -0.247080
7.792 -0.247118
7.794 -0.247155
7.796 -0.247193
7.798 -0.247231
7.800 -0.247269
7.802 -0.247307
7.804 -0.247345
7.806 -0.247383
7.808 -0.247420
7.810 -0.247458
7.812 -0.247496
7.814 -0.247534
7.816 -0.247572
7.818 -0.247610
7.820 -0.247648
7.822 -0.247685
7.824 -0.247723
7.826 -0.247761
7.828 -0.247799
7.830 -0.247875
7.832 -0.247875
7.834 -0.247913
7.836 -0.247950
7.838 -0.247988
7.840 -0.248026
7.842 -0.248064
7.844 -0.248102
7.846 -0.248140
7.848 -0.248178
7.850 -0.248215
7.852 -0.248253
7.854 -0.248291
7.856 -0.248329
7.858 -0.248367
7.860 -0.248405
7.862 -0.248443
7.864 -0.248480
7.866 -0.248518
7.868 -0.248556
7.870 -0.248594
7.872 -0.248632
7.874 -0.248670
7.876 -0.248708
7.878 -0.248745
7.880 -0.248783
7.882 -0.248821
7.884 -0.248859
7.886 -0.248897
7.888 -0.248935
7.890 -0.248973
7.892 -0.249010
7.894 -0.249048
7.896 -0.249086
7.898 -0.249124
7.900 -0.249162
7.902 -0.249200
7.904 -0.249238
7.906 -0.249275
7.908 -0.249313
7.910 -0.249351
7.912 -0.249389
7.914 -0.249427
7.916 -0.249465
7.918 -0.249503
7.920 -0.249540
7.922 -0.249578
7.924 -0.249616
7.926 -0.249654
7.928 -0.249654
7.930 -0.249730
7.932 -0.249768
7.934 -0.249805
7.936 -0.249843
7.938 -0.249881
7.940 -0.249919
7.942 -0.249957
7.944 -0.249995
7.946 -0.249995
7.948 -0.250070
7.950 -0.250108
7.952 -0.250146
7.954 -0.250184
7.956 -0.250222
7.958 -0.250260
7.960 -0.250298
7.962 -0.250335
7.964 -0.250335
7.966 -0.250411
7.968 -0.250449
7.970 -0.250487
7.972 -0.250525
7.974 -0.250563
7.976 -0.250600
7.978 -0.250638
7.980 -0.250676
7.982 -0.250714
7.984 -0.250752
7.986 -0.250790
7.988 -0.250828
7.990 -0.250866
7.992 -0.250903
7.994 -0.250941
7.996 -0.250979
7.998 -0.251017
8.000 -0.251055
8.002 -0.251093
8.004 -0.251131
8.006 -0.251168
8.008 -0.251206
8.010 -0.251244
8.012 -0.251282
8.014 -0.251320
8.016 -0.251358
8.018 -0.251396
8.020 -0.251433
8.022 -0.251471
8.024 -0.251509
8.026 -0.251547
8.028 -0.251585
8.030 -0.251585
8.032 -0.251661
8.034 -0.251698
8.036 -0.251736
8.038 -0.251774
8.040 -0.251812
8.042 -0.251850
8.044 -0.251888
8.046 -0.251926
8.048 -0.251963
8.050 -0.252001
8.052 -0.252039
8.054 -0.252077
8.056 -0.252115
8.058 -0.252153
8.060 -0.252191
8.062 -0.252228
8.064 -0.252266
8.066 -0.252304
8.068 -0.252342
8.070 -0.252380
8.072 -0.252418
8.074 -0.252456
8.076 -0.252456
8.078 -0.252493
8.080 -0.252531
8.082 -0.252607
8.084 -0.252607
8.086 -0.252607
8.088 -0.252645
8.090 -0.252721
8.092 -0.252796
8.094 -0.252834
8.096 -0.252872
8.098 -0.252910
8.100 -0.252948
8.102 -0.252986
8.104 -0.253023
8.106 -0.253061
8.108 -0.253099
8.110 -0.253099
8.112 -0.253175
8.114 -0.253213
8.116 -0.253288
8.118 -0.253288
8.120 -0.253326
8.122 -0.253364
8.124 -0.253402
8.126 -0.253440
8.128 -0.253478
8.130 -0.253516
8.132 -0.253553
8.134 -0.253591
8.136 -0.253629
8.138 -0.253667
8.140 -0.253705
8.142 -0.253743
8.144 -0.253781
8.146 -0.253818
8.148 -0.253856
8.150 -0.253894
8.152 -0.253932
8.154 -0.253970
8.156 -0.254008
8.158 -0.254046
8.160 -0.254083
8.162 -0.254083
8.164 -0.254159
8.166 -0.254197
8.168 -0.254235
8.170 -0.254273
8.172 -0.254311
8.174 -0.254348
8.176 -0.254386
8.178 -0.254424
8.180 -0.254462
8.182 -0.254500
8.184 -0.254538
8.186 -0.254576
8.188 -0.254613
8.190 -0.254651
8.192 -0.254651
8.194 -0.254727
8.196 -0.254765
8.198 -0.254803
8.200 -0.254841
8.202 -0.254878
8.204 -0.254916
8.206 -0.254954
8.208 -0.254992
8.210 -0.255030
8.212 -0.255068
8.214 -0.255106
8.216 -0.255143
8.218 -0.255181
8.220 -0.255219
8.222 -0.255257
8.224 -0.255295
8.226 -0.255333
8.228 -0.255371
8.230 -0.255408
8.232 -0.255446
8.234 -0.255484
8.236 -0.255522
8.238 -0.255560
8.240 -0.255598
8.242 -0.255636
8.244 -0.255673
8.246 -0.255673
8.248 -0.255749
8.250 -0.255749
8.252 -0.255825
8.254 -0.255863
8.256 -0.255901
8.258 -0.255938
8.260 -0.255976
8.262 -0.255976
8.264 -0.256052
8.266 -0.256090
8.268 -0.256128
8.270 -0.256166
8.272 -0.256279
8.274 -0.256317
8.276 -0.256317
8.278 -0.256317
8.280 -0.256355
8.282 -0.256393
8.284 -0.256431
8.286 -0.256468
8.288 -0.256468
8.290 -0.256544
8.292 -0.256582
8.294 -0.256620
8.296 -0.256658
8.298 -0.256696
8.300 -0.256733
8.302 -0.256771
8.304 -0.256809
8.306 -0.256847
8.308 -0.256923
8.310 -0.256923
8.312 -0.256961
8.314 -0.256998
8.316 -0.257036
8.318 -0.257074
8.320 -0.257112
8.322 -0.257150
8.324 -0.257188
8.326 -0.257226
8.328 -0.257263
8.330 -0.257301
8.332 -0.257339
8.334 -0.257377
8.336 -0.257415
8.338 -0.257453
8.340 -0.257453
8.342 -0.257528
8.344 -0.257566
8.346 -0.257604
8.348 -0.257642
8.350 -0.257680
8.352 -0.257718
8.354 -0.257756
8.356 -0.257869
8.358 -0.257907
8.360 -0.257907
8.362 -0.257907
8.364 -0.257945
8.366 -0.257983
8.368 -0.258021
8.370 -0.258058
8.372 -0.258096
8.374 -0.258134
8.376 -0.258172
8.378 -0.258210
8.380 -0.258248
8.382 -0.258286
8.384 -0.258323
8.386 -0.258361
8.388 -0.258399
8.390 -0.258437
8.392 -0.258475
8.394 -0.258513
8.396 -0.258551
8.398 -0.258588
8.400 -0.258626
8.402 -0.258664
8.404 -0.258702
8.406 -0.258740
8.408 -0.258778
8.410 -0.258816
8.412 -0.258853
8.414 -0.258891
8.416 -0.258929
8.418 -0.258967
8.420 -0.259005
8.422 -0.259043
8.424 -0.259081
8.426 -0.259119
8.428 -0.259194
8.430 -0.259194
8.432 -0.259232
8.434 -0.259270
8.436 -0.259308
8.438 -0.259346
8.440 -0.259384
8.442 -0.259421
8.444 -0.259459
8.446 -0.259497
8.448 -0.259535
8.450 -0.259573
8.452 -0.259611
8.454 -0.259649
8.456 -0.259686
8.458 -0.259724
8.460 -0.259762
8.462 -0.259800
8.464 -0.259838
8.466 -0.259876
8.468 -0.259914
8.470 -0.259951
8.472 -0.259989
8.474 -0.260027
8.476 -0.260065
8.478 -0.260065
8.480 -0.260141
8.482 -0.260179
8.484 -0.260216
8.486 -0.260254
8.488 -0.260292
8.490 -0.260292
8.492 -0.260368
8.494 -0.260406
8.496 -0.260444
8.498 -0.260481
8.500 -0.260519
8.502 -0.260557
8.504 -0.260595
8.506 -0.260633
8.508 -0.260671
8.510 -0.260709
8.512 -0.260746
8.514 -0.260784
8.516 -0.260822
8.518 -0.260860
8.520 -0.260898
8.522 -0.260936
8.524 -0.260974
8.526 -0.261011
8.528 -0.261049
8.530 -0.261087
8.532 -0.261125
8.534 -0.261163
8.536 -0.261201
8.538 -0.261239
8.540 -0.261276
8.542 -0.261314
8.544 -0.261352
8.546 -0.261390
8.548 -0.261428
8.550 -0.261466
8.552 -0.261504
8.554 -0.261541
8.556 -0.261579
8.558 -0.261617
8.560 -0.261655
8.562 -0.261693
8.564 -0.261693
8.566 -0.261769
8.568 -0.261806
8.570 -0.261844
8.572 -0.261882
8.574 -0.261920
8.576 -0.261958
8.578 -0.261996
8.580 -0.262034
8.582 -0.262071
8.584 -0.262109
8.586 -0.262147
8.588 -0.262185
8.590 -0.262223
8.592 -0.262261
8.594 -0.262299
8.596 -0.262336
8.598 -0.262374
8.600 -0.262412
8.602 -0.262450
8.604 -0.262488
8.606 -0.262526
8.608 -0.262564
8.610 -0.262601
8.612 -0.262639
8.614 -0.262677
8.616 -0.262715
8.618 -0.262753
8.620 -0.262791
8.622 -0.262829
8.624 -0.262866
8.626 -0.262904
8.628 -0.262942
8.630 -0.262980
8.632 -0.263018
8.634 -0.263056
8.636 -0.263094
8.638 -0.263131
8.640 -0.263169
8.642 -0.263207
8.644 -0.263245
8.646 -0.263283
8.648 -0.263321
8.650 -0.263359
8.652 -0.263396
8.654 -0.263434
8.656 -0.263472
8.658 -0.263510
8.660 -0.263548
8.662 -0.263586
8.664 -0.263624
8.666 -0.263661
8.668 -0.263661
8.670 -0.263737
8.672 -0.263775
8.674 -0.263813
8.676 -0.263851
8.678 -0.263889
8.680 -0.263926
8.682 -0.263964
8.684 -0.264002
8.686 -0.264040
8.688 -0.264078
8.690 -0.264116
8.692 -0.264154
8.694 -0.264191
8.696 -0.264229
8.698 -0.264267
8.700 -0.264267
8.702 -0.264343
8.704 -0.264381
8.706 -0.264419
8.708 -0.264494
8.710 -0.264494
8.712 -0.264532
8.714 -0.264570
8.716 -0.264608
8.718 -0.264646
8.720 -0.264684
8.722 -0.264721
8.724 -0.264759
8.726 -0.264797
8.728 -0.264835
8.730 -0.264873
8.732 -0.264911
8.734 -0.264949
8.736 -0.264986
8.738 -0.265024
8.740 -0.265062
8.742 -0.265100
8.744 -0.265138
8.746 -0.265176
8.748 -0.265214
8.750 -0.265251
8.752 -0.265289
8.754 -0.265327
8.756 -0.265365
8.758 -0.265403
8.760 -0.265403
8.762 -0.265479
8.764 -0.265516
8.766 -0.265554
8.768 -0.265592
8.770 -0.265630
8.772 -0.265668
8.774 -0.265706
8.776 -0.265744
8.778 -0.265781
8.780 -0.265819
8.782 -0.265857
8.784 -0.265895
8.786 -0.265933
8.788 -0.265971
8.790 -0.266009
8.792 -0.266009
8.794 -0.266084
8.796 -0.266122
8.798 -0.266160
8.800 -0.266198
8.802 -0.266236
8.804 -0.266274
8.806 -0.266311
8.808 -0.266349
8.810 -0.266387
8.812 -0.266425
8.814 -0.266463
8.816 -0.266501
8.818 -0.266539
8.820 -0.266576
8.822 -0.266614
8.824 -0.266652
8.826 -0.266690
8.828 -0.266728
8.830 -0.266766
8.832 -0.266804
8.834 -0.266841
8.836 -0.266879
8.838 -0.266917
8.840 -0.266955
8.842 -0.266993
8.844 -0.267031
8.846 -0.267069
8.848 -0.267107
8.850 -0.267144
8.852 -0.267182
8.854 -0.267220
8.856 -0.267258
8.858 -0.267296
8.860 -0.267334
8.862 -0.267372
8.864 -0.267409
8.866 -0.267447
8.868 -0.267485
8.870 -0.267523
8.872 -0.267561
8.874 -0.267599
8.876 -0.267637
8.878 -0.267674
8.880 -0.267712
8.882 -0.267750
8.884 -0.267788
8.886 -0.267826
8.888 -0.267826
8.890 -0.267902
8.892 -0.267939
8.894 -0.267977
8.896 -0.268015
8.898 -0.268053
8.900 -0.268091
8.902 -0.268129
8.904 -0.268167
8.906 -0.268204
8.908 -0.268242
8.910 -0.268280
8.912 -0.268318
8.914 -0.268356
8.916 -0.268394
8.918 -0.268432
8.920 -0.268469
8.922 -0.268507
8.924 -0.268545
8.926 -0.268583
8.928 -0.268621
8.930 -0.268659
8.932 -0.268697
8.934 -0.268734
8.936 -0.268772
8.938 -0.268810
8.940 -0.268848
8.942 -0.268886
8.944 -0.268924
8.946 -0.268962
8.948 -0.268999
8.950 -0.269037
8.952 -0.269075
8.954 -0.269113
8.956 -0.269151
8.958 -0.269189
8.960 -0.269227
8.962 -0.269264
8.964 -0.269302
8.966 -0.269340
8.968 -0.269378
8.970 -0.269416
8.972 -0.269454
8.974 -0.269492
8.976 -0.269529
8.978 -0.269567
8.980 -0.269605
8.982 -0.269643
8.984 -0.269681
8.986 -0.269719
8.988 -0.269757
8.990 -0.269757
8.992 -0.269832
8.994 -0.269870
8.996 -0.269908
8.998 -0.269946
9.000 -0.269984
9.002 -0.270022
9.004 -0.270059
9.006 -0.270097
9.008 -0.270135
9.010 -0.270173
9.012 -0.270211
9.014 -0.270249
9.016 -0.270287
9.018 -0.270324
9.020 -0.270362
9.022 -0.270400
9.024 -0.270438
9.026 -0.270476
9.028 -0.270514
9.030 -0.270552
9.032 -0.270589
9.034 -0.270627
9.036 -0.270665
9.038 -0.270703
9.040 -0.270741
9.042 -0.270779
9.044 -0.270817
9.046 -0.270817
9.048 -0.270892
9.050 -0.270930
9.052 -0.270968
9.054 -0.271006
9.056 -0.271044
9.058 -0.271082
9.060 -0.271119
9.062 -0.271157
9.064 -0.271195
9.066 -0.271233
9.068 -0.271271
9.070 -0.271309
9.072 -0.271347
9.074 -0.271384
9.076 -0.271422
9.078 -0.271460
9.080 -0.271498
9.082 -0.271536
9.084 -0.271574
9.086 -0.271612
9.088 -0.271649
9.090 -0.271687
9.092 -0.271725
9.094 -0.271763
9.096 -0.271801
9.098 -0.271839
9.100 -0.271877
9.102 -0.271914
9.104 -0.271952
9.106 -0.271990
9.108 -0.272028
9.110 -0.272066
9.112 -0.272104
9.114 -0.272142
9.116 -0.272179
9.118 -0.272217
9.120 -0.272255
9.122 -0.272293
9.124 -0.272331
9.126 -0.272369
9.128 -0.272407
9.130 -0.272444
9.132 -0.272482
9.134 -0.272520
9.136 -0.272558
9.138 -0.272596
9.140 -0.272634
9.142 -0.272672
9.144 -0.272709
9.146 -0.272747
9.148 -0.272785
9.150 -0.272823
9.152 -0.272861
9.154 -0.272899
9.156 -0.272937
9.158 -0.272974
9.160 -0.273012
9.162 -0.273050
9.164 -0.273088
9.166 -0.273126
9.168 -0.273164
9.170 -0.273202
9.172 -0.273239
9.174 -0.273277
9.176 -0.273315
9.178 -0.273353
9.180 -0.273391
9.182 -0.273429
9.184 -0.273467
9.186 -0.273504
9.188 -0.273542
9.190 -0.273580
9.192 -0.273618
9.194 -0.273656
9.196 -0.273694
9.198 -0.273732
9.200 -0.273769
9.202 -0.273807
9.204 -0.273845
9.206 -0.273883
9.208 -0.273921
9.210 -0.273959
9.212 -0.273997
9.214 -0.274034
9.216 -0.274072
9.218 -0.274110
9.220 -0.274148
9.222 -0.274186
9.224 -0.274224
9.226 -0.274262
9.228 -0.274299
9.230 -0.274337
9.232 -0.274375
9.234 -0.274413
9.236 -0.274451
9.238 -0.274489
9.240 -0.274527
9.242 -0.274564
9.244 -0.274602
9.246 -0.274640
9.248 -0.274678
9.250 -0.274716
9.252 -0.274754
9.254 -0.274792
9.256 -0.274829
9.258 -0.274867
9.260 -0.274905
9.262 -0.274943
9.264 -0.274981
9.266 -0.275019
9.268 -0.275057
9.270 -0.275094
9.272 -0.275132
9.274 -0.275170
9.276 -0.275208
9.278 -0.275246
9.280 -0.275284
9.282 -0.275322
9.284 -0.275360
9.286 -0.275397
9.288 -0.275435
9.290 -0.275473
9.292 -0.275511
9.294 -0.275549
9.296 -0.275587
9.298 -0.275625
9.300 -0.275662
9.302 -0.275700
9.304 -0.275738
9.306 -0.275776
9.308 -0.275852
9.310 -0.275852
9.312 -0.275890
9.314 -0.275927
9.316 -0.275965
9.318 -0.276003
9.320 -0.276041
9.322 -0.276079
9.324 -0.276117
9.326 -0.276155
9.328 -0.276192
9.330 -0.276230
9.332 -0.276268
9.334 -0.276306
9.336 -0.276344
9.338 -0.276382
9.340 -0.276420
9.342 -0.276457
9.344 -0.276495
9.346 -0.276533
9.348 -0.276571
9.350 -0.276609
9.352 -0.276647
9.354 -0.276685
9.356 -0.276722
9.358 -0.276760
9.360 -0.276798
9.362 -0.276836
9.364 -0.276874
9.366 -0.276912
9.368 -0.276950
9.370 -0.276987
9.372 -0.277025
9.374 -0.277063
9.376 -0.277101
9.378 -0.277139
9.380 -0.277177
9.382 -0.277215
9.384 -0.277252
9.386 -0.277290
9.388 -0.277328
9.390 -0.277366
9.392 -0.277404
9.394 -0.277442
9.396 -0.277480
9.398 -0.277480
9.400 -0.277555
9.402 -0.277593
9.404 -0.277631
9.406 -0.277669
9.408 -0.277707
9.410 -0.277745
9.412 -0.277782
9.414 -0.277820
9.416 -0.277858
9.418 -0.277896
9.420 -0.277934
9.422 -0.277972
9.424 -0.278010
9.426 -0.278047
9.428 -0.278085
9.430 -0.278123
9.432 -0.278161
9.434 -0.278199
9.436 -0.278237
9.438 -0.278275
9.440 -0.278312
9.442 -0.278350
9.444 -0.278388
9.446 -0.278426
9.448 -0.278464
9.450 -0.278502
9.452 -0.278540
9.454 -0.278577
9.456 -0.278615
9.458 -0.278653
9.460 -0.278691
9.462 -0.278691
9.464 -0.278767
9.466 -0.278805
9.468 -0.278842
9.470 -0.278880
9.472 -0.278918
9.474 -0.278956
9.476 -0.278994
9.478 -0.279032
9.480 -0.279070
9.482 -0.279107
9.484 -0.279145
9.486 -0.279183
9.488 -0.279221
9.490 -0.279259
9.492 -0.279297
9.494 -0.279335
9.496 -0.279372
9.498 -0.279410
9.500 -0.279448
9.502 -0.279486
9.504 -0.279524
9.506 -0.279562
9.508 -0.279562
9.510 -0.279562
9.512 -0.279675
9.514 -0.279713
9.516 -0.279751
9.518 -0.279789
9.520 -0.279827
9.522 -0.279865
9.524 -0.279902
9.526 -0.279940
9.528 -0.279978
9.530 -0.280016
9.532 -0.280054
9.534 -0.280092
9.536 -0.280130
9.538 -0.280167
9.540 -0.280205
9.542 -0.280243
9.544 -0.280281
9.546 -0.280319
9.548 -0.280357
9.550 -0.280395
9.552 -0.280432
9.554 -0.280470
9.556 -0.280508
9.558 -0.280546
9.560 -0.280584
9.562 -0.280622
9.564 -0.280660
9.566 -0.280697
9.568 -0.280735
9.570 -0.280773
9.572 -0.280811
9.574 -0.280849
9.576 -0.280887
9.578 -0.280925
9.580 -0.280962
9.582 -0.281000
9.584 -0.281038
9.586 -0.281076
9.588 -0.281114
9.590 -0.281152
9.592 -0.281190
9.594 -0.281227
9.596 -0.281265
9.598 -0.281303
9.600 -0.281341
9.602 -0.281379
9.604 -0.281417
9.606 -0.281455
9.608 -0.281492
9.610 -0.281530
9.612 -0.281568
9.614 -0.281606
9.616 -0.281644
9.618 -0.281682
9.620 -0.281720
9.622 -0.281757
9.624 -0.281795
9.626 -0.281833
9.628 -0.281871
9.630 -0.281909
9.632 -0.281947
9.634 -0.281985
9.636 -0.282022
9.638 -0.282060
9.640 -0.282098
9.642 -0.282136
9.644 -0.282174
9.646 -0.282212
9.648 -0.282250
9.650 -0.282287
9.652 -0.282325
9.654 -0.282363
9.656 -0.282401
9.658 -0.282439
9.660 -0.282477
9.662 -0.282515
9.664 -0.282552
9.666 -0.282590
9.668 -0.282704
9.670 -0.282704
9.672 -0.282704
9.674 -0.282742
9.676 -0.282780
9.678 -0.282817
9.680 -0.282855
9.682 -0.282893
9.684 -0.282931
9.686 -0.282969
9.688 -0.283007
9.690 -0.283045
9.692 -0.283082
9.694 -0.283120
9.696 -0.283158
9.698 -0.283196
9.700 -0.283234
9.702 -0.283272
9.704 -0.283310
9.706 -0.283347
9.708 -0.283423
9.710 -0.283423
9.712 -0.283461
9.714 -0.283499
9.716 -0.283537
9.718 -0.283575
9.720 -0.283613
9.722 -0.283650
9.724 -0.283688
9.726 -0.283726
9.728 -0.283764
9.730 -0.283802
9.732 -0.283840
9.734 -0.283878
9.736 -0.283915
9.738 -0.283953
9.740 -0.283991
9.742 -0.284029
9.744 -0.284067
9.746 -0.284105
9.748 -0.284143
9.750 -0.284180
9.752 -0.284218
9.754 -0.284256
9.756 -0.284294
9.758 -0.284332
9.760 -0.284370
9.762 -0.284408
9.764 -0.284445
9.766 -0.284483
9.768 -0.284521
9.770 -0.284559
9.772 -0.284597
9.774 -0.284635
9.776 -0.284673
9.778 -0.284710
9.780 -0.284748
9.782 -0.284786
9.784 -0.284824
9.786 -0.284862
9.788 -0.284900
9.790 -0.284938
9.792 -0.284975
9.794 -0.285013
9.796 -0.285051
9.798 -0.285089
9.800 -0.285089
9.802 -0.285165
9.804 -0.285203
9.806 -0.285240
9.808 -0.285278
9.810 -0.285316
9.812 -0.285354
9.814 -0.285392
9.816 -0.285430
9.818 -0.285468
9.820 -0.285505
9.822 -0.285543
9.824 -0.285581
9.826 -0.285619
9.828 -0.285657
9.830 -0.285695
9.832 -0.285733
9.834 -0.285770
9.836 -0.285808
9.838 -0.285846
9.840 -0.285884
9.842 -0.285922
9.844 -0.285960
9.846 -0.285998
9.848 -0.286035
9.850 -0.286073
9.852 -0.286111
9.854 -0.286149
9.856 -0.286187
9.858 -0.286225
9.860 -0.286263
9.862 -0.286300
9.864 -0.286338
9.866 -0.286376
9.868 -0.286414
9.870 -0.286452
9.872 -0.286490
9.874 -0.286528
9.876 -0.286603
9.878 -0.286641
9.880 -0.286641
9.882 -0.286679
9.884 -0.286717
9.886 -0.286755
9.888 -0.286793
9.890 -0.286830
9.892 -0.286868
9.894 -0.286906
9.896 -0.286944
9.898 -0.286982
9.900 -0.287020
9.902 -0.287058
9.904 -0.287095
9.906 -0.287133
9.908 -0.287171
9.910 -0.287209
9.912 -0.287247
9.914 -0.287285
9.916 -0.287323
9.918 -0.287360
9.920 -0.287398
9.922 -0.287436
9.924 -0.287474
9.926 -0.287512
9.928 -0.287550
9.930 -0.287588
9.932 -0.287625
9.934 -0.287663
9.936 -0.287701
9.938 -0.287739
9.940 -0.287777
9.942 -0.287815
9.944 -0.287853
9.946 -0.287890
9.948 -0.287928
9.950 -0.287966
9.952 -0.288004
9.954 -0.288042
9.956 -0.288080
9.958 -0.288118
9.960 -0.288155
9.962 -0.288193
9.964 -0.288231
9.966 -0.288269
9.968 -0.288307
9.970 -0.288345
9.972 -0.288383
9.974 -0.288420
9.976 -0.288458
9.978 -0.288496
9.980 -0.288534
9.982 -0.288572
9.984 -0.288610
9.986 -0.288648
9.988 -0.288685
9.990 -0.288723
9.992 -0.288761
9.994 -0.288799
9.996 -0.288837
9.998 -0.288875
10.000 -0.288913
10.002 -0.288950
10.004 -0.288988
10.006 -0.289026
10.008 -0.289064
10.010 -0.289102
10.012 -0.289140
10.014 -0.289178
10.016 -0.289215
10.018 -0.289253
10.020 -0.289291
10.022 -0.289329
10.024 -0.289367
10.026 -0.289405
10.028 -0.289443
10.030 -0.289480
10.032 -0.289518
10.034 -0.289556
10.036 -0.289594
10.038 -0.289632
10.040 -0.289670
10.042 -0.289708
10.044 -0.289745
10.046 -0.289783
10.048 -0.289821
10.050 -0.289859
10.052 -0.289897
10.054 -0.289935
10.056 -0.289973
10.058 -0.290010
10.060 -0.290048
10.062 -0.290086
10.064 -0.290124
10.066 -0.290162
10.068 -0.290200
10.070 -0.290200
10.072 -0.290275
10.074 -0.290313
10.076 -0.290351
10.078 -0.290389
10.080 -0.290427
10.082 -0.290465
10.084 -0.290503
10.086 -0.290540
10.088 -0.290578
10.090 -0.290616
10.092 -0.290654
10.094 -0.290692
10.096 -0.290730
10.098 -0.290768
10.100 -0.290805
10.102 -0.290843
10.104 -0.290881
10.106 -0.290919
10.108 -0.290957
10.110 -0.290995
10.112 -0.291033
10.114 -0.291070
10.116 -0.291108
10.118 -0.291146
10.120 -0.291184
10.122 -0.291222
10.124 -0.291260
10.126 -0.291298
10.128 -0.291335
10.130 -0.291335
10.132 -0.291411
10.134 -0.291449
10.136 -0.291487
10.138 -0.291525
10.140 -0.291563
10.142 -0.291600
10.144 -0.291638
10.146 -0.291676
10.148 -0.291714
10.150 -0.291752
10.152 -0.291790
10.154 -0.291828
10.156 -0.291866
10.158 -0.291903
10.160 -0.291941
10.162 -0.291979
10.164 -0.292017
10.166 -0.292055
10.168 -0.292093
10.170 -0.292131
10.172 -0.292168
10.174 -0.292206
10.176 -0.292244
10.178 -0.292282
10.180 -0.292320
10.182 -0.292358
10.184 -0.292396
10.186 -0.292433
10.188 -0.292471
10.190 -0.292509
10.192 -0.292547
10.194 -0.292585
10.196 -0.292623
10.198 -0.292661
10.200 -0.292661
10.202 -0.292736
10.204 -0.292774
10.206 -0.292812
10.208 -0.292850
10.210 -0.292888
10.212 -0.292926
10.214 -0.292963
10.216 -0.293001
10.218 -0.293039
10.220 -0.293077
10.222 -0.293115
10.224 -0.293153
10.226 -0.293191
10.228 -0.293228
10.230 -0.293266
10.232 -0.293304
10.234 -0.293342
10.236 -0.293380
10.238 -0.293418
10.240 -0.293456
10.242 -0.293493
10.244 -0.293531
10.246 -0.293569
10.248 -0.293607
10.250 -0.293645
10.252 -0.293683
10.254 -0.293721
10.256 -0.293721
10.258 -0.293796
10.260 -0.293796
10.262 -0.293872
10.264 -0.293910
10.266 -0.293948
10.268 -0.293948
10.270 -0.294023
10.272 -0.294061
10.274 -0.294099
10.276 -0.294137
10.278 -0.294137
10.280 -0.294175
10.282 -0.294251
10.284 -0.294288
10.286 -0.294326
10.288 -0.294364
10.290 -0.294402
10.292 -0.294440
10.294 -0.294478
10.296 -0.294516
10.298 -0.294553
10.300 -0.294591
10.302 -0.294629
10.304 -0.294667
10.306 -0.294705
10.308 -0.294743
10.310 -0.294781
10.312 -0.294818
10.314 -0.294894
10.316 -0.294894
10.318 -0.294932
10.320 -0.294970
10.322 -0.295008
10.324 -0.295083
10.326 -0.295083
10.328 -0.295121
10.330 -0.295159
10.332 -0.295197
10.334 -0.295235
10.336 -0.295273
10.338 -0.295311
10.340 -0.295348
10.342 -0.295386
10.344 -0.295424
10.346 -0.295462
10.348 -0.295500
10.350 -0.295538
10.352 -0.295576
10.354 -0.295613
10.356 -0.295651
10.358 -0.295689
10.360 -0.295727
10.362 -0.295765
10.364 -0.295803
10.366 -0.295841
10.368 -0.295878
10.370 -0.295916
10.372 -0.295954
10.374 -0.295992
10.376 -0.296030
10.378 -0.296068
10.380 -0.296106
10.382 -0.296143
10.384 -0.296181
10.386 -0.296219
10.388 -0.296295
10.390 -0.296295
10.392 -0.296295
10.394 -0.296371
10.396 -0.296408
10.398 -0.296446
10.400 -0.296484
10.402 -0.296522
10.404 -0.296560
10.406 -0.296598
10.408 -0.296636
10.410 -0.296673
10.412 -0.296711
10.414 -0.296749
10.416 -0.296787
10.418 -0.296825
10.420 -0.296863
10.422 -0.296901
10.424 -0.296938
10.426 -0.296976
10.428 -0.296976
10.430 -0.297014
10.432 -0.297090
10.434 -0.297128
10.436 -0.297166
10.438 -0.297203
10.440 -0.297241
10.442 -0.297279
10.444 -0.297317
10.446 -0.297355
10.448 -0.297393
10.450 -0.297431
10.452 -0.297468
10.454 -0.297506
10.456 -0.297544
10.458 -0.297582
10.460 -0.297620
10.462 -0.297658
10.464 -0.297696
10.466 -0.297733
10.468 -0.297809
10.470 -0.297809
10.472 -0.297847
10.474 -0.297885
10.476 -0.297923
10.478 -0.297961
10.480 -0.297998
10.482 -0.298036
10.484 -0.298074
10.486 -0.298112
10.488 -0.298150
10.490 -0.298188
10.492 -0.298226
10.494 -0.298263
10.496 -0.298301
10.498 -0.298339
10.500 -0.298377
10.502 -0.298415
10.504 -0.298453
10.506 -0.298491
10.508 -0.298528
10.510 -0.298566
10.512 -0.298604
10.514 -0.298642
10.516 -0.298680
10.518 -0.298718
10.520 -0.298756
10.522 -0.298793
10.524 -0.298831
10.526 -0.298869
10.528 -0.298907
10.530 -0.298907
10.532 -0.298983
10.534 -0.299021
10.536 -0.299058
10.538 -0.299096
10.540 -0.299134
10.542 -0.299171
10.544 -0.299207
10.546 -0.299242
10.548 -0.299276
10.550 -0.299310
10.552 -0.299343
10.554 -0.299375
10.556 -0.299406
10.558 -0.299437
10.560 -0.299466
10.562 -0.299495
10.564 -0.299523
10.566 -0.299550
10.568 -0.299577
10.570 -0.299602
10.572 -0.299627
10.574 -0.299651
10.576 -0.299674
10.578 -0.299697
10.580 -0.299697
10.582 -0.299739
10.584 -0.299759
10.586 -0.299779
10.588 -0.299797
10.590 -0.299815
10.592 -0.299831
10.594 -0.299847
10.596 -0.299863
10.598 -0.299877
10.600 -0.299891
10.602 -0.299904
10.604 -0.299916
10.606 -0.299927
10.608 -0.299937
10.610 -0.299947
10.612 -0.299956
10.614 -0.299964
10.616 -0.299971
10.618 -0.299977
10.620 -0.299983
10.622 -0.299988
10.624 -0.299992
10.626 -0.299995
10.628 -0.299997
10.630 -0.299997
10.632 -0.300000
