0.000 0.019738
0.002 0.019738
0.004 0.019739
0.006 0.019741
0.008 0.019744
0.010 0.019748
0.012 0.019748
0.014 0.019757
0.016 0.019763
0.018 0.019770
0.020 0.019778
0.022 0.019786
0.024 0.019795
0.026 0.019805
0.028 0.019816
0.030 0.019828
0.032 0.019840
0.034 0.019853
0.036 0.019867
0.038 0.019882
0.040 0.019898
0.042 0.019914
0.044 0.019931
0.046 0.019949
0.048 0.019968
0.050 0.019968
0.052 0.020008
0.054 0.020008
0.056 0.020029
0.058 0.020074
0.060 0.020074
0.062 0.020098
0.064 0.020147
0.066 0.020173
0.068 0.020200
0.070 0.020228
0.072 0.020256
0.074 0.020285
0.076 0.020315
0.078 0.020346
0.080 0.020378
0.082 0.020410
0.084 0.020443
0.086 0.020477
0.088 0.020512
0.090 0.020548
0.092 0.020584
0.094 0.020621
0.096 0.020659
0.098 0.020698
0.100 0.020738
0.102 0.020778
0.104 0.020819
0.106 0.020861
0.108 0.020904
0.110 0.020948
0.112 0.020992
0.114 0.021037
0.116 0.021083
0.118 0.021130
0.120 0.021178
0.122 0.021226
0.124 0.021275
0.126 0.021325
0.128 0.021376
0.130 0.021428
0.132 0.021480
0.134 0.021533
0.136 0.021587
0.138 0.021640
0.140 0.021693
0.142 0.021747
0.144 0.021800
0.146 0.021854
0.148 0.021907
0.150 0.021907
0.152 0.022014
0.154 0.022067
0.156 0.022121
0.158 0.022174
0.160 0.022228
0.162 0.022281
0.164 0.022334
0.166 0.022388
0.168 0.022441
0.170 0.022495
0.172 0.022548
0.174 0.022601
0.176 0.022655
0.178 0.022708
0.180 0.022708
0.182 0.022815
0.184 0.022869
0.186 0.022922
0.188 0.022975
0.190 0.023029
0.192 0.023082
0.194 0.023136
0.196 0.023189
0.198 0.023242
0.200 0.023296
0.202 0.023349
0.204 0.023403
0.206 0.023456
0.208 0.023510
0.210 0.023563
0.212 0.023616
0.214 0.023670
0.216 0.023723
0.218 0.023777
0.220 0.023830
0.222 0.023883
0.224 0.023937
0.226 0.023990
0.228 0.024044
0.230 0.024097
0.232 0.024151
0.234 0.024204
0.236 0.024257
0.238 0.024311
0.240 0.024364
0.242 0.024418
0.244 0.024471
0.246 0.024524
0.248 0.024578
0.250 0.024631
0.252 0.024685
0.254 0.024738
0.256 0.024792
0.258 0.024845
0.260 0.024898
0.262 0.024952
0.264 0.025005
0.266 0.025059
0.268 0.025112
0.270 0.025165
0.272 0.025219
0.274 0.025272
0.276 0.025326
0.278 0.025379
0.280 0.025433
0.282 0.025486
0.284 0.025539
0.286 0.025593
0.288 0.025646
0.290 0.025700
0.292 0.025753
0.294 0.025806
0.296 0.025860
0.298 0.025913
0.300 0.025967
0.302 0.026020
0.304 0.026074
0.306 0.026127
0.308 0.026180
0.310 0.026234
0.312 0.026287
0.314 0.026341
0.316 0.026394
0.318 0.026447
0.320 0.026501
0.322 0.026554
0.324 0.026608
0.326 0.026661
0.328 0.026715
0.330 0.026768
0.332 0.026821
0.334 0.026875
0.336 0.026928
0.338 0.026982
0.340 0.027035
0.342 0.027088
0.344 0.027142
0.346 0.027195
0.348 0.027195
0.350 0.027195
0.352 0.027356
0.354 0.027409
0.356 0.027462
0.358 0.027516
0.360 0.027569
0.362 0.027623
0.364 0.027676
0.366 0.027729
0.368 0.027783
0.370 0.027836
0.372 0.027890
0.374 0.027943
0.376 0.027997
0.378 0.028050
0.380 0.028103
0.382 0.028157
0.384 0.028210
0.386 0.028264
0.388 0.028317
0.390 0.028317
0.392 0.028424
0.394 0.028477
0.396 0.028531
0.398 0.028584
0.400 0.028638
0.402 0.028691
0.404 0.028798
0.406 0.028798
0.408 0.028851
0.410 0.028905
0.412 0.028958
0.414 0.029011
0.416 0.029065
0.418 0.029118
0.420 0.029172
0.422 0.029225
0.424 0.029278
0.426 0.029332
0.428 0.029385
0.430 0.029439
0.432 0.029492
0.434 0.029546
0.436 0.029706
0.438 0.029813
0.440 0.029813
0.442 0.029813
0.444 0.029813
0.446 0.029866
0.448 0.029919
0.450 0.029973
0.452 0.030026
0.454 0.030080
0.456 0.030133
0.458 0.030187
0.460 0.030240
0.462 0.030293
0.464 0.030347
0.466 0.030400
0.468 0.030454
0.470 0.030507
0.472 0.030560
0.474 0.030614
0.476 0.030667
0.478 0.030721
0.480 0.030774
0.482 0.030828
0.484 0.030881
0.486 0.030934
0.488 0.030988
0.490 0.031041
0.492 0.031095
0.494 0.031148
0.496 0.031201
0.498 0.031255
0.500 0.031308
0.502 0.031362
0.504 0.031415
0.506 0.031469
0.508 0.031522
0.510 0.031575
0.512 0.031629
0.514 0.031682
0.516 0.031736
0.518 0.031789
0.520 0.031842
0.522 0.031896
0.524 0.031949
0.526 0.032003
0.528 0.032056
0.530 0.032056
0.532 0.032163
0.534 0.032216
0.536 0.032270
0.538 0.032323
0.540 0.032377
0.542 0.032430
0.544 0.032483
0.546 0.032537
0.548 0.032590
0.550 0.032644
0.552 0.032697
0.554 0.032751
0.556 0.032804
0.558 0.032857
0.560 0.032911
0.562 0.032911
0.564 0.033018
0.566 0.033071
0.568 0.033124
0.570 0.033178
0.572 0.033231
0.574 0.033285
0.576 0.033338
0.578 0.033392
0.580 0.033445
0.582 0.033498
0.584 0.033552
0.586 0.033605
0.588 0.033659
0.590 0.033659
0.592 0.033712
0.594 0.033819
0.596 0.033872
0.598 0.033926
0.600 0.033979
0.602 0.034033
0.604 0.034086
0.606 0.034139
0.608 0.034193
0.610 0.034246
0.612 0.034300
0.614 0.034353
0.616 0.034406
0.618 0.034460
0.620 0.034513
0.622 0.034567
0.624 0.034620
0.626 0.034674
0.628 0.034727
0.630 0.034780
0.632 0.034834
0.634 0.034887
0.636 0.034941
0.638 0.035154
0.640 0.035208
0.642 0.035208
0.644 0.035208
0.646 0.035208
0.648 0.035261
0.650 0.035315
0.652 0.035368
0.654 0.035421
0.656 0.035475
0.658 0.035528
0.660 0.035582
0.662 0.035635
0.664 0.035688
0.666 0.035742
0.668 0.035849
0.670 0.035849
0.672 0.035902
0.674 0.035956
0.676 0.036009
0.678 0.036062
0.680 0.036116
0.682 0.036169
0.684 0.036223
0.686 0.036276
0.688 0.036329
0.690 0.036383
0.692 0.036436
0.694 0.036490
0.696 0.036543
0.698 0.036597
0.700 0.036650
0.702 0.036703
0.704 0.036757
0.706 0.036810
0.708 0.036864
0.710 0.036917
0.712 0.036970
0.714 0.037024
0.716 0.037077
0.718 0.037131
0.720 0.037184
0.722 0.037238
0.724 0.037291
0.726 0.037344
0.728 0.037398
0.730 0.037451
0.732 0.037505
0.734 0.037558
0.736 0.037611
0.738 0.037665
0.740 0.037718
0.742 0.037772
0.744 0.037825
0.746 0.037879
0.748 0.037932
0.750 0.037985
0.752 0.038039
0.754 0.038092
0.756 0.038146
0.758 0.038199
0.760 0.038252
0.762 0.038306
0.764 0.038359
0.766 0.038413
0.768 0.038466
0.770 0.038520
0.772 0.038573
0.774 0.038626
0.776 0.038680
0.778 0.038733
0.780 0.038787
0.782 0.038840
0.784 0.038893
0.786 0.038947
0.788 0.039000
0.790 0.039054
0.792 0.039107
0.794 0.039161
0.796 0.039214
0.798 0.039267
0.800 0.039321
0.802 0.039374
0.804 0.039428
0.806 0.039481
0.808 0.039534
0.810 0.039588
0.812 0.039641
0.814 0.039695
0.816 0.039748
0.818 0.039802
0.820 0.039855
0.822 0.039908
0.824 0.039962
0.826 0.040015
0.828 0.040069
0.830 0.040122
0.832 0.040175
0.834 0.040229
0.836 0.040282
0.838 0.040336
0.840 0.040389
0.842 0.040442
0.844 0.040496
0.846 0.040549
0.848 0.040603
0.850 0.040656
0.852 0.040710
0.854 0.040763
0.856 0.040816
0.858 0.040870
0.860 0.040923
0.862 0.040977
0.864 0.041030
0.866 0.041083
0.868 0.041083
0.870 0.041190
0.872 0.041244
0.874 0.041297
0.876 0.041351
0.878 0.041404
0.880 0.041457
0.882 0.041511
0.884 0.041564
0.886 0.041618
0.888 0.041671
0.890 0.041724
0.892 0.041778
0.894 0.041831
0.896 0.041885
0.898 0.041938
0.900 0.041992
0.902 0.042045
0.904 0.042098
0.906 0.042152
0.908 0.042259
0.910 0.042259
0.912 0.042312
0.914 0.042365
0.916 0.042419
0.918 0.042472
0.920 0.042526
0.922 0.042579
0.924 0.042633
0.926 0.042686
0.928 0.042739
0.930 0.042793
0.932 0.042846
0.934 0.042900
0.936 0.042953
0.938 0.043006
0.940 0.043060
0.942 0.043113
0.944 0.043167
0.946 0.043220
0.948 0.043327
0.950 0.043327
0.952 0.043380
0.954 0.043434
0.956 0.043487
0.958 0.043541
0.960 0.043594
0.962 0.043647
0.964 0.043701
0.966 0.043754
0.968 0.043808
0.970 0.043861
0.972 0.043915
0.974 0.043968
0.976 0.044021
0.978 0.044075
0.980 0.044128
0.982 0.044182
0.984 0.044235
0.986 0.044288
0.988 0.044342
0.990 0.044395
0.992 0.044449
0.994 0.044502
0.996 0.044556
0.998 0.044609
1.000 0.044662
1.002 0.044716
1.004 0.044769
1.006 0.044823
1.008 0.044876
1.010 0.044929
1.012 0.044983
1.014 0.045036
1.016 0.045090
1.018 0.045143
1.020 0.045197
1.022 0.045250
1.024 0.045303
1.026 0.045357
1.028 0.045410
1.030 0.045464
1.032 0.045517
1.034 0.045570
1.036 0.045624
1.038 0.045677
1.040 0.045731
1.042 0.045784
1.044 0.045838
1.046 0.045891
1.048 0.045944
1.050 0.045998
1.052 0.046051
1.054 0.046105
1.056 0.046158
1.058 0.046211
1.060 0.046265
1.062 0.046318
1.064 0.046372
1.066 0.046425
1.068 0.046479
1.070 0.046532
1.072 0.046585
1.074 0.046639
1.076 0.046692
1.078 0.046746
1.080 0.046799
1.082 0.046852
1.084 0.046906
1.086 0.046959
1.088 0.047013
1.090 0.047066
1.092 0.047120
1.094 0.047173
1.096 0.047226
1.098 0.047280
1.100 0.047333
1.102 0.047387
1.104 0.047440
1.106 0.047493
1.108 0.047600
1.110 0.047600
1.112 0.047654
1.114 0.047707
1.116 0.047761
1.118 0.047814
1.120 0.047867
1.122 0.047921
1.124 0.047974
1.126 0.048028
1.128 0.048081
1.130 0.048134
1.132 0.048188
1.134 0.048241
1.136 0.048295
1.138 0.048295
1.140 0.048402
1.142 0.048455
1.144 0.048508
1.146 0.048562
1.148 0.048615
1.150 0.048615
1.152 0.048722
1.154 0.048775
1.156 0.048829
1.158 0.048882
1.160 0.048936
1.162 0.048989
1.164 0.049043
1.166 0.049096
1.168 0.049149
1.170 0.049203
1.172 0.049256
1.174 0.049310
1.176 0.049363
1.178 0.049416
1.180 0.049470
1.182 0.049523
1.184 0.049577
1.186 0.049630
1.188 0.049684
1.190 0.049737
1.192 0.049790
1.194 0.049844
1.196 0.049897
1.198 0.049951
1.200 0.050004
1.202 0.050057
1.204 0.050111
1.206 0.050164
1.208 0.050218
1.210 0.050271
1.212 0.050325
1.214 0.050378
1.216 0.050431
1.218 0.050485
1.220 0.050538
1.222 0.050592
1.224 0.050645
1.226 0.050698
1.228 0.050698
1.230 0.050805
1.232 0.050859
1.234 0.050912
1.236 0.050966
1.238 0.051019
1.240 0.051072
1.242 0.051126
1.244 0.051179
1.246 0.051233
1.248 0.051286
1.250 0.051339
1.252 0.051393
1.254 0.051446
1.256 0.051500
1.258 0.051553
1.260 0.051607
1.262 0.051660
1.264 0.051713
1.266 0.051767
1.268 0.051767
1.270 0.051820
1.272 0.051927
1.274 0.051980
1.276 0.052034
1.278 0.052087
1.280 0.052141
1.282 0.052194
1.284 0.052247
1.286 0.052301
1.288 0.052354
1.290 0.052408
1.292 0.052461
1.294 0.052515
1.296 0.052568
1.298 0.052621
1.300 0.052675
1.302 0.052728
1.304 0.052782
1.306 0.052835
1.308 0.052888
1.310 0.052942
1.312 0.052995
1.314 0.053049
1.316 0.053102
1.318 0.053156
1.320 0.053209
1.322 0.053262
1.324 0.053316
1.326 0.053369
1.328 0.053423
1.330 0.053476
1.332 0.053529
1.334 0.053583
1.336 0.053636
1.338 0.053690
1.340 0.053743
1.342 0.053797
1.344 0.053850
1.346 0.053903
1.348 0.053957
1.350 0.053957
1.352 0.054064
1.354 0.054117
1.356 0.054170
1.358 0.054224
1.360 0.054277
1.362 0.054331
1.364 0.054384
1.366 0.054438
1.368 0.054491
1.370 0.054544
1.372 0.054598
1.374 0.054651
1.376 0.054705
1.378 0.054758
1.380 0.054811
1.382 0.054865
1.384 0.054918
1.386 0.054972
1.388 0.054972
1.390 0.054972
1.392 0.054972
1.394 0.054972
1.396 0.054972
1.398 0.055025
1.400 0.055132
1.402 0.055132
1.404 0.055292
1.406 0.055346
1.408 0.055399
1.410 0.055452
1.412 0.055506
1.414 0.055559
1.416 0.055613
1.418 0.055666
1.420 0.055720
1.422 0.055773
1.424 0.055826
1.426 0.055880
1.428 0.055933
1.430 0.055987
1.432 0.056040
1.434 0.056093
1.436 0.056147
1.438 0.056200
1.440 0.056200
1.442 0.056200
1.444 0.056307
1.446 0.056414
1.448 0.056467
1.450 0.056521
1.452 0.056574
1.454 0.056628
1.456 0.056681
1.458 0.056734
1.460 0.056788
1.462 0.056841
1.464 0.056895
1.466 0.056948
1.468 0.057002
1.470 0.057055
1.472 0.057055
1.474 0.057162
1.476 0.057215
1.478 0.057269
1.480 0.057269
1.482 0.057375
1.484 0.057429
1.486 0.057482
1.488 0.057536
1.490 0.057589
1.492 0.057643
1.494 0.057696
1.496 0.057749
1.498 0.057803
1.500 0.057856
1.502 0.057910
1.504 0.057963
1.506 0.058016
1.508 0.058123
1.510 0.058177
1.512 0.058177
1.514 0.058230
1.516 0.058284
1.518 0.058337
1.520 0.058390
1.522 0.058444
1.524 0.058497
1.526 0.058551
1.528 0.058604
1.530 0.058657
1.532 0.058711
1.534 0.058764
1.536 0.058818
1.538 0.058818
1.540 0.058925
1.542 0.058978
1.544 0.059031
1.546 0.059085
1.548 0.059138
1.550 0.059192
1.552 0.059245
1.554 0.059298
1.556 0.059405
1.558 0.059459
1.560 0.059459
1.562 0.059512
1.564 0.059566
1.566 0.059619
1.568 0.059672
1.570 0.059726
1.572 0.059779
1.574 0.059833
1.576 0.059886
1.578 0.059939
1.580 0.059993
1.582 0.060046
1.584 0.060100
1.586 0.060153
1.588 0.060207
1.590 0.060260
1.592 0.060260
1.594 0.060367
1.596 0.060420
1.598 0.060474
1.600 0.060527
1.602 0.060580
1.604 0.060634
1.606 0.060687
1.608 0.060741
1.610 0.060794
1.612 0.060848
1.614 0.060901
1.616 0.060954
1.618 0.061008
1.620 0.061061
1.622 0.061115
1.624 0.061168
1.626 0.061221
1.628 0.061275
1.630 0.061328
1.632 0.061382
1.634 0.061435
1.636 0.061489
1.638 0.061542
1.640 0.061542
1.642 0.061542
1.644 0.061542
1.646 0.061649
1.648 0.061809
1.650 0.061862
1.652 0.061916
1.654 0.061969
1.656 0.062023
1.658 0.062076
1.660 0.062130
1.662 0.062183
1.664 0.062236
1.666 0.062290
1.668 0.062343
1.670 0.062397
1.672 0.062450
1.674 0.062503
1.676 0.062557
1.678 0.062610
1.680 0.062664
1.682 0.062717
1.684 0.062771
1.686 0.062824
1.688 0.062877
1.690 0.062931
1.692 0.062984
1.694 0.063038
1.696 0.063091
1.698 0.063144
1.700 0.063198
1.702 0.063251
1.704 0.063305
1.706 0.063358
1.708 0.063412
1.710 0.063465
1.712 0.063518
1.714 0.063572
1.716 0.063625
1.718 0.063679
1.720 0.063732
1.722 0.063785
1.724 0.063839
1.726 0.063892
1.728 0.063946
1.730 0.063999
1.732 0.064052
1.734 0.064106
1.736 0.064159
1.738 0.064213
1.740 0.064266
1.742 0.064320
1.744 0.064373
1.746 0.064426
1.748 0.064480
1.750 0.064533
1.752 0.064587
1.754 0.064640
1.756 0.064693
1.758 0.064747
1.760 0.064800
1.762 0.064854
1.764 0.064907
1.766 0.064961
1.768 0.065014
1.770 0.065067
1.772 0.065121
1.774 0.065174
1.776 0.065228
1.778 0.065281
1.780 0.065334
1.782 0.065388
1.784 0.065441
1.786 0.065495
1.788 0.065548
1.790 0.065602
1.792 0.065655
1.794 0.065708
1.796 0.065762
1.798 0.065815
1.800 0.065869
1.802 0.065922
1.804 0.065975
1.806 0.066029
1.808 0.066082
1.810 0.066136
1.812 0.066189
1.814 0.066243
1.816 0.066296
1.818 0.066349
1.820 0.066403
1.822 0.066456
1.824 0.066510
1.826 0.066563
1.828 0.066777
1.830 0.066777
1.832 0.066777
1.834 0.066777
1.836 0.066830
1.838 0.066884
1.840 0.066937
1.842 0.066990
1.844 0.067044
1.846 0.067097
1.848 0.067151
1.850 0.067204
1.852 0.067257
1.854 0.067311
1.856 0.067364
1.858 0.067418
1.860 0.067471
1.862 0.067525
1.864 0.067578
1.866 0.067631
1.868 0.067685
1.870 0.067738
1.872 0.067738
1.874 0.067845
1.876 0.067898
1.878 0.067952
1.880 0.068005
1.882 0.068059
1.884 0.068112
1.886 0.068166
1.888 0.068219
1.890 0.068272
1.892 0.068326
1.894 0.068379
1.896 0.068433
1.898 0.068486
1.900 0.068539
1.902 0.068593
1.904 0.068646
1.906 0.068700
1.908 0.068753
1.910 0.068807
1.912 0.068860
1.914 0.068913
1.916 0.068967
1.918 0.069020
1.920 0.069074
1.922 0.069127
1.924 0.069180
1.926 0.069234
1.928 0.069287
1.930 0.069341
1.932 0.069394
1.934 0.069448
1.936 0.069501
1.938 0.069554
1.940 0.069608
1.942 0.069661
1.944 0.069715
1.946 0.069768
1.948 0.069821
1.950 0.069821
1.952 0.069821
1.954 0.069982
1.956 0.070035
1.958 0.070089
1.960 0.070142
1.962 0.070195
1.964 0.070249
1.966 0.070302
1.968 0.070356
1.970 0.070409
1.972 0.070462
1.974 0.070516
1.976 0.070569
1.978 0.070623
1.980 0.070676
1.982 0.070730
1.984 0.070783
1.986 0.070836
1.988 0.070890
1.990 0.070943
1.992 0.070997
1.994 0.071050
1.996 0.071103
1.998 0.071157
2.000 0.071157
2.002 0.071264
2.004 0.071317
2.006 0.071371
2.008 0.071424
2.010 0.071477
2.012 0.071531
2.014 0.071584
2.016 0.071638
2.018 0.071691
2.020 0.071744
2.022 0.071798
2.024 0.071851
2.026 0.071905
2.028 0.071958
2.030 0.072012
2.032 0.072065
2.034 0.072118
2.036 0.072172
2.038 0.072225
2.040 0.072279
2.042 0.072332
2.044 0.072385
2.046 0.072439
2.048 0.072492
2.050 0.072546
2.052 0.072599
2.054 0.072653
2.056 0.072706
2.058 0.072759
2.060 0.072813
2.062 0.072866
2.064 0.072920
2.066 0.072973
2.068 0.073080
2.070 0.073080
2.072 0.073133
2.074 0.073187
2.076 0.073240
2.078 0.073294
2.080 0.073347
2.082 0.073400
2.084 0.073454
2.086 0.073507
2.088 0.073561
2.090 0.073614
2.092 0.073667
2.094 0.073721
2.096 0.073774
2.098 0.073828
2.100 0.073881
2.102 0.073935
2.104 0.073988
2.106 0.074041
2.108 0.074095
2.110 0.074148
2.112 0.074202
2.114 0.074255
2.116 0.074308
2.118 0.074362
2.120 0.074415
2.122 0.074522
2.124 0.074522
2.126 0.074576
2.128 0.074629
2.130 0.074682
2.132 0.074736
2.134 0.074736
2.136 0.074843
2.138 0.074896
2.140 0.074949
2.142 0.075003
2.144 0.075056
2.146 0.075110
2.148 0.075163
2.150 0.075216
2.152 0.075270
2.154 0.075323
2.156 0.075377
2.158 0.075430
2.160 0.075484
2.162 0.075537
2.164 0.075590
2.166 0.075590
2.168 0.075697
2.170 0.075751
2.172 0.075804
2.174 0.075857
2.176 0.075911
2.178 0.075964
2.180 0.076018
2.182 0.076071
2.184 0.076125
2.186 0.076178
2.188 0.076231
2.190 0.076285
2.192 0.076338
2.194 0.076392
2.196 0.076445
2.198 0.076498
2.200 0.076552
2.202 0.076605
2.204 0.076659
2.206 0.076712
2.208 0.076766
2.210 0.076819
2.212 0.076872
2.214 0.076926
2.216 0.076979
2.218 0.077033
2.220 0.077086
2.222 0.077139
2.224 0.077193
2.226 0.077246
2.228 0.077300
2.230 0.077353
2.232 0.077407
2.234 0.077460
2.236 0.077513
2.238 0.077567
2.240 0.077620
2.242 0.077674
2.244 0.077727
2.246 0.077780
2.248 0.077834
2.250 0.077887
2.252 0.077941
2.254 0.077994
2.256 0.078048
2.258 0.078101
2.260 0.078154
2.262 0.078208
2.264 0.078261
2.266 0.078315
2.268 0.078368
2.270 0.078421
2.272 0.078475
2.274 0.078528
2.276 0.078582
2.278 0.078635
2.280 0.078689
2.282 0.078742
2.284 0.078795
2.286 0.078849
2.288 0.078902
2.290 0.078956
2.292 0.079009
2.294 0.079062
2.296 0.079116
2.298 0.079169
2.300 0.079223
2.302 0.079276
2.304 0.079330
2.306 0.079383
2.308 0.079436
2.310 0.079490
2.312 0.079490
2.314 0.079597
2.316 0.079650
2.318 0.079703
2.320 0.079757
2.322 0.079810
2.324 0.079864
2.326 0.079917
2.328 0.079971
2.330 0.080024
2.332 0.080077
2.334 0.080131
2.336 0.080184
2.338 0.080238
2.340 0.080291
2.342 0.080344
2.344 0.080398
2.346 0.080451
2.348 0.080505
2.350 0.080558
2.352 0.080612
2.354 0.080665
2.356 0.080718
2.358 0.080772
2.360 0.080825
2.362 0.080879
2.364 0.080932
2.366 0.080985
2.368 0.081039
2.370 0.081092
2.372 0.081146
2.374 0.081199
2.376 0.081253
2.378 0.081306
2.380 0.081359
2.382 0.081413
2.384 0.081466
2.386 0.081520
2.388 0.081520
2.390 0.081626
2.392 0.081680
2.394 0.081733
2.396 0.081787
2.398 0.081840
2.400 0.081894
2.402 0.081947
2.404 0.082000
2.406 0.082054
2.408 0.082107
2.410 0.082161
2.412 0.082214
2.414 0.082267
2.416 0.082321
2.418 0.082374
2.420 0.082428
2.422 0.082481
2.424 0.082535
2.426 0.082588
2.428 0.082641
2.430 0.082695
2.432 0.082748
2.434 0.082802
2.436 0.082855
2.438 0.082908
2.440 0.082962
2.442 0.083015
2.444 0.083069
2.446 0.083122
2.448 0.083176
2.450 0.083229
2.452 0.083282
2.454 0.083336
2.456 0.083389
2.458 0.083443
2.460 0.083496
2.462 0.083549
2.464 0.083603
2.466 0.083656
2.468 0.083710
2.470 0.083763
2.472 0.083817
2.474 0.083870
2.476 0.083923
2.478 0.083977
2.480 0.084030
2.482 0.084084
2.484 0.084137
2.486 0.084190
2.488 0.084244
2.490 0.084297
2.492 0.084351
2.494 0.084404
2.496 0.084458
2.498 0.084511
2.500 0.084564
2.502 0.084618
2.504 0.084671
2.506 0.084725
2.508 0.084725
2.510 0.084831
2.512 0.084885
2.514 0.084938
2.516 0.084992
2.518 0.085045
2.520 0.085099
2.522 0.085152
2.524 0.085205
2.526 0.085259
2.528 0.085312
2.530 0.085366
2.532 0.085419
2.534 0.085472
2.536 0.085526
2.538 0.085579
2.540 0.085633
2.542 0.085686
2.544 0.085740
2.546 0.085793
2.548 0.085846
2.550 0.085900
2.552 0.085953
2.554 0.086007
2.556 0.086060
2.558 0.086113
2.560 0.086167
2.562 0.086220
2.564 0.086274
2.566 0.086327
2.568 0.086381
2.570 0.086434
2.572 0.086487
2.574 0.086541
2.576 0.086594
2.578 0.086648
2.580 0.086701
2.582 0.086754
2.584 0.086808
2.586 0.086861
2.588 0.086861
2.590 0.086861
2.592 0.086861
2.594 0.086915
2.596 0.086968
2.598 0.086968
2.600 0.087128
2.602 0.087289
2.604 0.087289
2.606 0.087395
2.608 0.087449
2.610 0.087502
2.612 0.087556
2.614 0.087609
2.616 0.087662
2.618 0.087716
2.620 0.087769
2.622 0.087769
2.624 0.087876
2.626 0.087930
2.628 0.087983
2.630 0.088036
2.632 0.088090
2.634 0.088143
2.636 0.088197
2.638 0.088250
2.640 0.088303
2.642 0.088357
2.644 0.088410
2.646 0.088410
2.648 0.088517
2.650 0.088571
2.652 0.088624
2.654 0.088677
2.656 0.088731
2.658 0.088784
2.660 0.088838
2.662 0.088891
2.664 0.088944
2.666 0.088998
2.668 0.088998
2.670 0.088998
2.672 0.089105
2.674 0.089212
2.676 0.089212
2.678 0.089265
2.680 0.089318
2.682 0.089425
2.684 0.089479
2.686 0.089532
2.688 0.089585
2.690 0.089639
2.692 0.089692
2.694 0.089746
2.696 0.089799
2.698 0.089853
2.700 0.089906
2.702 0.089959
2.704 0.090013
2.706 0.090066
2.708 0.090120
2.710 0.090173
2.712 0.090226
2.714 0.090280
2.716 0.090333
2.718 0.090387
2.720 0.090440
2.722 0.090494
2.724 0.090547
2.726 0.090600
2.728 0.090654
2.730 0.090707
2.732 0.090761
2.734 0.090814
2.736 0.090867
2.738 0.090921
2.740 0.090974
2.742 0.091028
2.744 0.091081
2.746 0.091135
2.748 0.091188
2.750 0.091241
2.752 0.091295
2.754 0.091348
2.756 0.091402
2.758 0.091455
2.760 0.091508
2.762 0.091562
2.764 0.091615
2.766 0.091669
2.768 0.091722
2.770 0.091776
2.772 0.091829
2.774 0.091882
2.776 0.091936
2.778 0.091989
2.780 0.092043
2.782 0.092096
2.784 0.092149
2.786 0.092203
2.788 0.092256
2.790 0.092310
2.792 0.092363
2.794 0.092417
2.796 0.092470
2.798 0.092523
2.800 0.092577
2.802 0.092630
2.804 0.092684
2.806 0.092737
2.808 0.092790
2.810 0.092844
2.812 0.092897
2.814 0.092951
2.816 0.093004
2.818 0.093058
2.820 0.093111
2.822 0.093164
2.824 0.093218
2.826 0.093271
2.828 0.093325
2.830 0.093378
2.832 0.093431
2.834 0.093485
2.836 0.093538
2.838 0.093592
2.840 0.093645
2.842 0.093699
2.844 0.093752
2.846 0.093805
2.848 0.093859
2.850 0.093912
2.852 0.093966
2.854 0.094019
2.856 0.094072
2.858 0.094126
2.860 0.094179
2.862 0.094233
2.864 0.094286
2.866 0.094340
2.868 0.094446
2.870 0.094446
2.872 0.094500
2.874 0.094553
2.876 0.094607
2.878 0.094660
2.880 0.094713
2.882 0.094767
2.884 0.094820
2.886 0.094874
2.888 0.094927
2.890 0.094981
2.892 0.095034
2.894 0.095087
2.896 0.095141
2.898 0.095194
2.900 0.095248
2.902 0.095301
2.904 0.095354
2.906 0.095408
2.908 0.095461
2.910 0.095515
2.912 0.095568
2.914 0.095622
2.916 0.095675
2.918 0.095728
2.920 0.095782
2.922 0.095835
2.924 0.095889
2.926 0.095942
2.928 0.095995
2.930 0.095995
2.932 0.096102
2.934 0.096156
2.936 0.096209
2.938 0.096263
2.940 0.096316
2.942 0.096369
2.944 0.096423
2.946 0.096476
2.948 0.096530
2.950 0.096583
2.952 0.096636
2.954 0.096690
2.956 0.096850
2.958 0.096850
2.960 0.096850
2.962 0.096904
2.964 0.096957
2.966 0.097010
2.968 0.097064
2.970 0.097117
2.972 0.097171
2.974 0.097224
2.976 0.097277
2.978 0.097331
2.980 0.097384
2.982 0.097438
2.984 0.097491
2.986 0.097545
2.988 0.097598
2.990 0.097651
2.992 0.097651
2.994 0.097758
2.996 0.097812
2.998 0.097865
3.000 0.097918
3.002 0.097972
3.004 0.098025
3.006 0.098079
3.008 0.098132
3.010 0.098186
3.012 0.098239
3.014 0.098292
3.016 0.098346
3.018 0.098399
3.020 0.098453
3.022 0.098506
3.024 0.098559
3.026 0.098613
3.028 0.098666
3.030 0.098720
3.032 0.098773
3.034 0.098826
3.036 0.098880
3.038 0.098933
3.040 0.098933
3.042 0.098933
3.044 0.098933
3.046 0.099147
3.048 0.099200
3.050 0.099254
3.052 0.099307
3.054 0.099361
3.056 0.099414
3.058 0.099467
3.060 0.099521
3.062 0.099574
3.064 0.099628
3.066 0.099681
3.068 0.099735
3.070 0.099788
3.072 0.099841
3.074 0.099895
3.076 0.099948
3.078 0.100002
3.080 0.100055
3.082 0.100108
3.084 0.100162
3.086 0.100215
3.088 0.100269
3.090 0.100322
3.092 0.100376
3.094 0.100429
3.096 0.100482
3.098 0.100536
3.100 0.100589
3.102 0.100643
3.104 0.100696
3.106 0.100749
3.108 0.100803
3.110 0.100856
3.112 0.100910
3.114 0.100963
3.116 0.101017
3.118 0.101070
3.120 0.101123
3.122 0.101177
3.124 0.101230
3.126 0.101284
3.128 0.101337
3.130 0.101390
3.132 0.101444
3.134 0.101497
3.136 0.101551
3.138 0.101604
3.140 0.101658
3.142 0.101711
3.144 0.101764
3.146 0.101818
3.148 0.101871
3.150 0.101925
3.152 0.101978
3.154 0.102031
3.156 0.102085
3.158 0.102138
3.160 0.102192
3.162 0.102245
3.164 0.102299
3.166 0.102352
3.168 0.102405
3.170 0.102459
3.172 0.102512
3.174 0.102566
3.176 0.102619
3.178 0.102672
3.180 0.102726
3.182 0.102779
3.184 0.102833
3.186 0.102886
3.188 0.102940
3.190 0.102993
3.192 0.103046
3.194 0.103100
3.196 0.103153
3.198 0.103207
3.200 0.103260
3.202 0.103313
3.204 0.103367
3.206 0.103420
3.208 0.103474
3.210 0.103527
3.212 0.103581
3.214 0.103634
3.216 0.103687
3.218 0.103741
3.220 0.103848
3.222 0.103848
3.224 0.103901
3.226 0.103954
3.228 0.104061
3.230 0.104061
3.232 0.104115
3.234 0.104168
3.236 0.104222
3.238 0.104275
3.240 0.104328
3.242 0.104382
3.244 0.104435
3.246 0.104489
3.248 0.104542
3.250 0.104595
3.252 0.104649
3.254 0.104702
3.256 0.104756
3.258 0.104809
3.260 0.104863
3.262 0.104916
3.264 0.104969
3.266 0.105023
3.268 0.105023
3.270 0.105130
3.272 0.105183
3.274 0.105236
3.276 0.105290
3.278 0.105343
3.280 0.105397
3.282 0.105450
3.284 0.105504
3.286 0.105557
3.288 0.105610
3.290 0.105664
3.292 0.105717
3.294 0.105771
3.296 0.105824
3.298 0.105877
3.300 0.105931
3.302 0.105984
3.304 0.106038
3.306 0.106091
3.308 0.106091
3.310 0.106198
3.312 0.106251
3.314 0.106305
3.316 0.106358
3.318 0.106412
3.320 0.106465
3.322 0.106518
3.324 0.106572
3.326 0.106625
3.328 0.106679
3.330 0.106732
3.332 0.106786
3.334 0.106839
3.336 0.106892
3.338 0.106946
3.340 0.106946
3.342 0.107053
3.344 0.107106
3.346 0.107159
3.348 0.107159
3.350 0.107266
3.352 0.107320
3.354 0.107373
3.356 0.107427
3.358 0.107480
3.360 0.107533
3.362 0.107587
3.364 0.107640
3.366 0.107694
3.368 0.107747
3.370 0.107800
3.372 0.107854
3.374 0.107907
3.376 0.107961
3.378 0.108014
3.380 0.108068
3.382 0.108121
3.384 0.108174
3.386 0.108228
3.388 0.108281
3.390 0.108335
3.392 0.108388
3.394 0.108441
3.396 0.108495
3.398 0.108548
3.400 0.108548
3.402 0.108655
3.404 0.108709
3.406 0.108762
3.408 0.108815
3.410 0.108869
3.412 0.108869
3.414 0.108922
3.416 0.109029
3.418 0.109082
3.420 0.109136
3.422 0.109189
3.424 0.109243
3.426 0.109296
3.428 0.109350
3.430 0.109403
3.432 0.109456
3.434 0.109510
3.436 0.109563
3.438 0.109617
3.440 0.109670
3.442 0.109723
3.444 0.109777
3.446 0.109777
3.448 0.109884
3.450 0.109884
3.452 0.109990
3.454 0.110044
3.456 0.110097
3.458 0.110151
3.460 0.110204
3.462 0.110258
3.464 0.110311
3.466 0.110364
3.468 0.110418
3.470 0.110471
3.472 0.110525
3.474 0.110578
3.476 0.110631
3.478 0.110685
3.480 0.110738
3.482 0.110792
3.484 0.110845
3.486 0.110899
3.488 0.110952
3.490 0.111005
3.492 0.111059
3.494 0.111112
3.496 0.111166
3.498 0.111219
3.500 0.111272
3.502 0.111326
3.504 0.111379
3.506 0.111433
3.508 0.111486
3.510 0.111540
3.512 0.111593
3.514 0.111646
3.516 0.111700
3.518 0.111753
3.520 0.111807
3.522 0.111860
3.524 0.111913
3.526 0.111967
3.528 0.112020
3.530 0.112074
3.532 0.112127
3.534 0.112181
3.536 0.112234
3.538 0.112287
3.540 0.112341
3.542 0.112394
3.544 0.112448
3.546 0.112501
3.548 0.112554
3.550 0.112554
3.552 0.112661
3.554 0.112715
3.556 0.112768
3.558 0.112822
3.560 0.112875
3.562 0.112928
3.564 0.112982
3.566 0.113035
3.568 0.113089
3.570 0.113142
3.572 0.113195
3.574 0.113249
3.576 0.113302
3.578 0.113356
3.580 0.113409
3.582 0.113463
3.584 0.113516
3.586 0.113569
3.588 0.113623
3.590 0.113676
3.592 0.113730
3.594 0.113783
3.596 0.113836
3.598 0.113890
3.600 0.113943
3.602 0.113997
3.604 0.114050
3.606 0.114104
3.608 0.114157
3.610 0.114210
3.612 0.114264
3.614 0.114317
3.616 0.114371
3.618 0.114424
3.620 0.114477
3.622 0.114531
3.624 0.114584
3.626 0.114638
3.628 0.114691
3.630 0.114745
3.632 0.114798
3.634 0.114851
3.636 0.114905
3.638 0.114905
3.640 0.115012
3.642 0.115012
3.644 0.115118
3.646 0.115172
3.648 0.115225
3.650 0.115279
3.652 0.115332
3.654 0.115386
3.656 0.115439
3.658 0.115492
3.660 0.115546
3.662 0.115599
3.664 0.115653
3.666 0.115706
3.668 0.115759
3.670 0.115813
3.672 0.115866
3.674 0.115920
3.676 0.115973
3.678 0.116027
3.680 0.116080
3.682 0.116133
3.684 0.116187
3.686 0.116240
3.688 0.116294
3.690 0.116347
3.692 0.116400
3.694 0.116454
3.696 0.116507
3.698 0.116561
3.700 0.116614
3.702 0.116668
3.704 0.116721
3.706 0.116774
3.708 0.116828
3.710 0.116881
3.712 0.116935
3.714 0.116988
3.716 0.117041
3.718 0.117095
3.720 0.117148
3.722 0.117202
3.724 0.117255
3.726 0.117309
3.728 0.117362
3.730 0.117415
3.732 0.117469
3.734 0.117522
3.736 0.117576
3.738 0.117629
3.740 0.117682
3.742 0.117736
3.744 0.117789
3.746 0.117843
3.748 0.117950
3.750 0.117950
3.752 0.118003
3.754 0.118056
3.756 0.118110
3.758 0.118163
3.760 0.118217
3.762 0.118270
3.764 0.118270
3.766 0.118377
3.768 0.118430
3.770 0.118484
3.772 0.118537
3.774 0.118591
3.776 0.118644
3.778 0.118697
3.780 0.118751
3.782 0.118804
3.784 0.118858
3.786 0.118911
3.788 0.118964
3.790 0.119018
3.792 0.119071
3.794 0.119071
3.796 0.119178
3.798 0.119232
3.800 0.119285
3.802 0.119338
3.804 0.119392
3.806 0.119445
3.808 0.119499
3.810 0.119552
3.812 0.119605
3.814 0.119659
3.816 0.119712
3.818 0.119766
3.820 0.119819
3.822 0.119873
3.824 0.119926
3.826 0.119979
3.828 0.120086
3.830 0.120086
3.832 0.120140
3.834 0.120193
3.836 0.120246
3.838 0.120300
3.840 0.120353
3.842 0.120407
3.844 0.120460
3.846 0.120514
3.848 0.120567
3.850 0.120620
3.852 0.120674
3.854 0.120727
3.856 0.120781
3.858 0.120834
3.860 0.120887
3.862 0.120887
3.864 0.120994
3.866 0.121048
3.868 0.121101
3.870 0.121155
3.872 0.121208
3.874 0.121261
3.876 0.121315
3.878 0.121368
3.880 0.121422
3.882 0.121475
3.884 0.121528
3.886 0.121582
3.888 0.121635
3.890 0.121689
3.892 0.121742
3.894 0.121795
3.896 0.121849
3.898 0.121902
3.900 0.121956
3.902 0.122009
3.904 0.122063
3.906 0.122116
3.908 0.122169
3.910 0.122223
3.912 0.122276
3.914 0.122330
3.916 0.122383
3.918 0.122436
3.920 0.122490
3.922 0.122543
3.924 0.122597
3.926 0.122597
3.928 0.122704
3.930 0.122757
3.932 0.122810
3.934 0.122864
3.936 0.122917
3.938 0.122971
3.940 0.123024
3.942 0.123077
3.944 0.123131
3.946 0.123184
3.948 0.123238
3.950 0.123291
3.952 0.123345
3.954 0.123398
3.956 0.123398
3.958 0.123505
3.960 0.123558
3.962 0.123612
3.964 0.123665
3.966 0.123718
3.968 0.123772
3.970 0.123825
3.972 0.123879
3.974 0.123932
3.976 0.123986
3.978 0.124039
3.980 0.124092
3.982 0.124146
3.984 0.124199
3.986 0.124253
3.988 0.124253
3.990 0.124253
3.992 0.124253
3.994 0.124359
3.996 0.124520
3.998 0.124573
4.000 0.124627
4.002 0.124680
4.004 0.124733
4.006 0.124787
4.008 0.124840
4.010 0.124894
4.012 0.124947
4.014 0.125000
4.016 0.125054
4.018 0.125107
4.020 0.125161
4.022 0.125214
4.024 0.125268
4.026 0.125321
4.028 0.125374
4.030 0.125428
4.032 0.125481
4.034 0.125535
4.036 0.125588
4.038 0.125641
4.040 0.125695
4.042 0.125748
4.044 0.125802
4.046 0.125855
4.048 0.125909
4.050 0.125962
4.052 0.126015
4.054 0.126069
4.056 0.126122
4.058 0.126176
4.060 0.126229
4.062 0.126282
4.064 0.126336
4.066 0.126389
4.068 0.126443
4.070 0.126496
4.072 0.126550
4.074 0.126603
4.076 0.126656
4.078 0.126710
4.080 0.126763
4.082 0.126817
4.084 0.126870
4.086 0.126923
4.088 0.126977
4.090 0.127030
4.092 0.127084
4.094 0.127137
4.096 0.127191
4.098 0.127244
4.100 0.127297
4.102 0.127351
4.104 0.127404
4.106 0.127458
4.108 0.127511
4.110 0.127564
4.112 0.127618
4.114 0.127671
4.116 0.127725
4.118 0.127778
4.120 0.127832
4.122 0.127885
4.124 0.127938
4.126 0.127992
4.128 0.128045
4.130 0.128099
4.132 0.128152
4.134 0.128205
4.136 0.128259
4.138 0.128312
4.140 0.128366
4.142 0.128419
4.144 0.128473
4.146 0.128526
4.148 0.128579
4.150 0.128633
4.152 0.128686
4.154 0.128740
4.156 0.128793
4.158 0.128846
4.160 0.128900
4.162 0.128953
4.164 0.129007
4.166 0.129060
4.168 0.129114
4.170 0.129167
4.172 0.129220
4.174 0.129274
4.176 0.129327
4.178 0.129381
4.180 0.129434
4.182 0.129487
4.184 0.129541
4.186 0.129594
4.188 0.129648
4.190 0.129701
4.192 0.129755
4.194 0.129808
4.196 0.129861
4.198 0.129915
4.200 0.129968
4.202 0.130022
4.204 0.130075
4.206 0.130128
4.208 0.130182
4.210 0.130235
4.212 0.130289
4.214 0.130342
4.216 0.130396
4.218 0.130449
4.220 0.130502
4.222 0.130556
4.224 0.130609
4.226 0.130663
4.228 0.130716
4.230 0.130769
4.232 0.130823
4.234 0.130876
4.236 0.130930
4.238 0.130983
4.240 0.131037
4.242 0.131090
4.244 0.131143
4.246 0.131197
4.248 0.131250
4.250 0.131304
4.252 0.131357
4.254 0.131410
4.256 0.131464
4.258 0.131517
4.260 0.131571
4.262 0.131624
4.264 0.131678
4.266 0.131731
4.268 0.131784
4.270 0.131838
4.272 0.131891
4.274 0.131945
4.276 0.131945
4.278 0.132051
4.280 0.132105
4.282 0.132158
4.284 0.132212
4.286 0.132265
4.288 0.132319
4.290 0.132372
4.292 0.132425
4.294 0.132479
4.296 0.132532
4.298 0.132586
4.300 0.132639
4.302 0.132692
4.304 0.132746
4.306 0.132799
4.308 0.132853
4.310 0.132906
4.312 0.132960
4.314 0.133013
4.316 0.133066
4.318 0.133120
4.320 0.133173
4.322 0.133227
4.324 0.133280
4.326 0.133333
4.328 0.133387
4.330 0.133440
4.332 0.133494
4.334 0.133547
4.336 0.133600
4.338 0.133654
4.340 0.133707
4.342 0.133761
4.344 0.133814
4.346 0.133868
4.348 0.133921
4.350 0.133921
4.352 0.133921
4.354 0.134081
4.356 0.134135
4.358 0.134188
4.360 0.134241
4.362 0.134295
4.364 0.134348
4.366 0.134402
4.368 0.134455
4.370 0.134509
4.372 0.134562
4.374 0.134615
4.376 0.134669
4.378 0.134722
4.380 0.134776
4.382 0.134829
4.384 0.134882
4.386 0.134936
4.388 0.134989
4.390 0.135043
4.392 0.135096
4.394 0.135150
4.396 0.135203
4.398 0.135256
4.400 0.135310
4.402 0.135363
4.404 0.135417
4.406 0.135470
4.408 0.135523
4.410 0.135577
4.412 0.135630
4.414 0.135684
4.416 0.135737
4.418 0.135791
4.420 0.135844
4.422 0.135897
4.424 0.135951
4.426 0.136004
4.428 0.136058
4.430 0.136111
4.432 0.136164
4.434 0.136218
4.436 0.136271
4.438 0.136325
4.440 0.136378
4.442 0.136432
4.444 0.136485
4.446 0.136538
4.448 0.136592
4.450 0.136592
4.452 0.136699
4.454 0.136752
4.456 0.136805
4.458 0.136859
4.460 0.136912
4.462 0.136966
4.464 0.137019
4.466 0.137073
4.468 0.137073
4.470 0.137073
4.472 0.137073
4.474 0.137286
4.476 0.137340
4.478 0.137340
4.480 0.137393
4.482 0.137500
4.484 0.137553
4.486 0.137607
4.488 0.137660
4.490 0.137714
4.492 0.137767
4.494 0.137820
4.496 0.137874
4.498 0.137927
4.500 0.137981
4.502 0.138034
4.504 0.138087
4.506 0.138141
4.508 0.138194
4.510 0.138248
4.512 0.138301
4.514 0.138355
4.516 0.138408
4.518 0.138461
4.520 0.138515
4.522 0.138568
4.524 0.138622
4.526 0.138675
4.528 0.138728
4.530 0.138782
4.532 0.138889
4.534 0.138889
4.536 0.138942
4.538 0.138996
4.540 0.139049
4.542 0.139102
4.544 0.139156
4.546 0.139209
4.548 0.139263
4.550 0.139316
4.552 0.139369
4.554 0.139423
4.556 0.139476
4.558 0.139530
4.560 0.139583
4.562 0.139637
4.564 0.139690
4.566 0.139743
4.568 0.139797
4.570 0.139850
4.572 0.139904
4.574 0.139957
4.576 0.140010
4.578 0.140064
4.580 0.140224
4.582 0.140224
4.584 0.140224
4.586 0.140278
4.588 0.140438
4.590 0.140545
4.592 0.140545
4.594 0.140545
4.596 0.140545
4.598 0.140598
4.600 0.140651
4.602 0.140705
4.604 0.140758
4.606 0.140812
4.608 0.140865
4.610 0.140919
4.612 0.140972
4.614 0.141025
4.616 0.141079
4.618 0.141132
4.620 0.141186
4.622 0.141239
4.624 0.141292
4.626 0.141346
4.628 0.141399
4.630 0.141399
4.632 0.141399
4.634 0.141560
4.636 0.141613
4.638 0.141666
4.640 0.141720
4.642 0.141773
4.644 0.141827
4.646 0.141880
4.648 0.141933
4.650 0.141987
4.652 0.142040
4.654 0.142094
4.656 0.142147
4.658 0.142201
4.660 0.142254
4.662 0.142307
4.664 0.142361
4.666 0.142414
4.668 0.142468
4.670 0.142521
4.672 0.142521
4.674 0.142628
4.676 0.142681
4.678 0.142681
4.680 0.142788
4.682 0.142842
4.684 0.142895
4.686 0.142948
4.688 0.143002
4.690 0.143055
4.692 0.143109
4.694 0.143162
4.696 0.143215
4.698 0.143269
4.700 0.143322
4.702 0.143376
4.704 0.143429
4.706 0.143483
4.708 0.143536
4.710 0.143589
4.712 0.143643
4.714 0.143696
4.716 0.143750
4.718 0.143803
4.720 0.143856
4.722 0.143910
4.724 0.143963
4.726 0.144017
4.728 0.144070
4.730 0.144124
4.732 0.144177
4.734 0.144230
4.736 0.144284
4.738 0.144337
4.740 0.144391
4.742 0.144444
4.744 0.144497
4.746 0.144551
4.748 0.144604
4.750 0.144658
4.752 0.144711
4.754 0.144765
4.756 0.144818
4.758 0.144871
4.760 0.144925
4.762 0.144978
4.764 0.145032
4.766 0.145085
4.768 0.145138
4.770 0.145192
4.772 0.145245
4.774 0.145299
4.776 0.145352
4.778 0.145405
4.780 0.145459
4.782 0.145512
4.784 0.145566
4.786 0.145619
4.788 0.145673
4.790 0.145726
4.792 0.145779
4.794 0.145833
4.796 0.145886
4.798 0.145940
4.800 0.145993
4.802 0.146046
4.804 0.146100
4.806 0.146153
4.808 0.146207
4.810 0.146260
4.812 0.146314
4.814 0.146367
4.816 0.146420
4.818 0.146474
4.820 0.146527
4.822 0.146581
4.824 0.146634
4.826 0.146687
4.828 0.146741
4.830 0.146794
4.832 0.146848
4.834 0.146901
4.836 0.146955
4.838 0.147008
4.840 0.147061
4.842 0.147115
4.844 0.147168
4.846 0.147222
4.848 0.147275
4.850 0.147328
4.852 0.147382
4.854 0.147435
4.856 0.147489
4.858 0.147542
4.860 0.147596
4.862 0.147649
4.864 0.147702
4.866 0.147756
4.868 0.147809
4.870 0.147863
4.872 0.147916
4.874 0.147969
4.876 0.148023
4.878 0.148076
4.880 0.148130
4.882 0.148183
4.884 0.148237
4.886 0.148290
4.888 0.148343
4.890 0.148397
4.892 0.148450
4.894 0.148504
4.896 0.148557
4.898 0.148610
4.900 0.148664
4.902 0.148717
4.904 0.148771
4.906 0.148824
4.908 0.148878
4.910 0.148878
4.912 0.148984
4.914 0.149038
4.916 0.149091
4.918 0.149145
4.920 0.149198
4.922 0.149251
4.924 0.149305
4.926 0.149358
4.928 0.149412
4.930 0.149465
4.932 0.149519
4.934 0.149572
4.936 0.149625
4.938 0.149679
4.940 0.149732
4.942 0.149786
4.944 0.149839
4.946 0.149892
4.948 0.149946
4.950 0.149946
4.952 0.150053
4.954 0.150106
4.956 0.150160
4.958 0.150213
4.960 0.150266
4.962 0.150320
4.964 0.150373
4.966 0.150427
4.968 0.150480
4.970 0.150533
4.972 0.150587
4.974 0.150640
4.976 0.150694
4.978 0.150747
4.980 0.150801
4.982 0.150854
4.984 0.150907
4.986 0.150961
4.988 0.150961
4.990 0.151068
4.992 0.151121
4.994 0.151174
4.996 0.151228
4.998 0.151281
5.000 0.151335
5.002 0.151388
5.004 0.151442
5.006 0.151495
5.008 0.151548
5.010 0.151602
5.012 0.151655
5.014 0.151709
5.016 0.151762
5.018 0.151815
5.020 0.151869
5.022 0.151922
5.024 0.151976
5.026 0.152029
5.028 0.152083
5.030 0.152136
5.032 0.152189
5.034 0.152243
5.036 0.152296
5.038 0.152350
5.040 0.152403
5.042 0.152456
5.044 0.152510
5.046 0.152563
5.048 0.152617
5.050 0.152670
5.052 0.152724
5.054 0.152777
5.056 0.152830
5.058 0.152884
5.060 0.152937
5.062 0.152991
5.064 0.153044
5.066 0.153097
5.068 0.153151
5.070 0.153204
5.072 0.153258
5.074 0.153311
5.076 0.153311
5.078 0.153418
5.080 0.153471
5.082 0.153525
5.084 0.153578
5.086 0.153632
5.088 0.153685
5.090 0.153738
5.092 0.153792
5.094 0.153845
5.096 0.153899
5.098 0.153952
5.100 0.154006
5.102 0.154059
5.104 0.154112
5.106 0.154166
5.108 0.154219
5.110 0.154273
5.112 0.154326
5.114 0.154379
5.116 0.154433
5.118 0.154486
5.120 0.154540
5.122 0.154593
5.124 0.154647
5.126 0.154700
5.128 0.154753
5.130 0.154807
5.132 0.154860
5.134 0.154914
5.136 0.154967
5.138 0.155020
5.140 0.155074
5.142 0.155127
5.144 0.155181
5.146 0.155234
5.148 0.155288
5.150 0.155341
5.152 0.155394
5.154 0.155448
5.156 0.155501
5.158 0.155555
5.160 0.155608
5.162 0.155661
5.164 0.155715
5.166 0.155768
5.168 0.155822
5.170 0.155875
5.172 0.155929
5.174 0.155982
5.176 0.156035
5.178 0.156089
5.180 0.156142
5.182 0.156196
5.184 0.156249
5.186 0.156302
5.188 0.156356
5.190 0.156409
5.192 0.156463
5.194 0.156516
5.196 0.156569
5.198 0.156623
5.200 0.156676
5.202 0.156730
5.204 0.156783
5.206 0.156837
5.208 0.156890
5.210 0.156943
5.212 0.156997
5.214 0.157050
5.216 0.157104
5.218 0.157157
5.220 0.157210
5.222 0.157264
5.224 0.157317
5.226 0.157371
5.228 0.157424
5.230 0.157478
5.232 0.157531
5.234 0.157584
5.236 0.157638
5.238 0.157691
5.240 0.157745
5.242 0.157798
5.244 0.157851
5.246 0.157905
5.248 0.157958
5.250 0.158012
5.252 0.158065
5.254 0.158119
5.256 0.158172
5.258 0.158225
5.260 0.158279
5.262 0.158332
5.264 0.158386
5.266 0.158439
5.268 0.158439
5.270 0.158439
5.272 0.158439
5.274 0.158653
5.276 0.158706
5.278 0.158760
5.280 0.158813
5.282 0.158866
5.284 0.158920
5.286 0.158973
5.288 0.159027
5.290 0.159080
5.292 0.159133
5.294 0.159187
5.296 0.159240
5.298 0.159294
5.300 0.159294
5.302 0.159401
5.304 0.159454
5.306 0.159507
5.308 0.159561
5.310 0.159614
5.312 0.159614
5.314 0.159721
5.316 0.159774
5.318 0.159828
5.320 0.159881
5.322 0.159935
5.324 0.159988
5.326 0.160042
5.328 0.160095
5.330 0.160148
5.332 0.160202
5.334 0.160255
5.336 0.160309
5.338 0.160362
5.340 0.160415
5.342 0.160469
5.344 0.160522
5.346 0.160576
5.348 0.160629
5.350 0.160683
5.352 0.160736
5.354 0.160789
5.356 0.160843
5.358 0.160896
5.360 0.160950
5.362 0.161003
5.364 0.161110
5.366 0.161110
5.368 0.161163
5.370 0.161217
5.372 0.161270
5.374 0.161324
5.376 0.161377
5.378 0.161377
5.380 0.161484
5.382 0.161537
5.384 0.161591
5.386 0.161644
5.388 0.161804
5.390 0.161804
5.392 0.161804
5.394 0.161858
5.396 0.161911
5.398 0.161911
5.400 0.162018
5.402 0.162071
5.404 0.162125
5.406 0.162178
5.408 0.162232
5.410 0.162285
5.412 0.162338
5.414 0.162392
5.416 0.162445
5.418 0.162499
5.420 0.162552
5.422 0.162606
5.424 0.162659
5.426 0.162712
5.428 0.162766
5.430 0.162766
5.432 0.162873
5.434 0.162926
5.436 0.162979
5.438 0.163033
5.440 0.163086
5.442 0.163140
5.444 0.163193
5.446 0.163247
5.448 0.163300
5.450 0.163353
5.452 0.163407
5.454 0.163460
5.456 0.163514
5.458 0.163567
5.460 0.163567
5.462 0.163674
5.464 0.163727
5.466 0.163781
5.468 0.163834
5.470 0.163888
5.472 0.163941
5.474 0.163994
5.476 0.164048
5.478 0.164101
5.480 0.164155
5.482 0.164208
5.484 0.164261
5.486 0.164315
5.488 0.164368
5.490 0.164422
5.492 0.164475
5.494 0.164529
5.496 0.164582
5.498 0.164635
5.500 0.164689
5.502 0.164742
5.504 0.164796
5.506 0.164849
5.508 0.164849
5.510 0.164902
5.512 0.164956
5.514 0.165009
5.516 0.165009
5.518 0.165170
5.520 0.165223
5.522 0.165276
5.524 0.165330
5.526 0.165383
5.528 0.165437
5.530 0.165490
5.532 0.165543
5.534 0.165597
5.536 0.165650
5.538 0.165704
5.540 0.165757
5.542 0.165811
5.544 0.165864
5.546 0.165917
5.548 0.165917
5.550 0.166024
5.552 0.166078
5.554 0.166131
5.556 0.166238
5.558 0.166238
5.560 0.166291
5.562 0.166345
5.564 0.166398
5.566 0.166452
5.568 0.166505
5.570 0.166558
5.572 0.166612
5.574 0.166665
5.576 0.166719
5.578 0.166772
5.580 0.166825
5.582 0.166879
5.584 0.166932
5.586 0.166986
5.588 0.167039
5.590 0.167039
5.592 0.167146
5.594 0.167199
5.596 0.167253
5.598 0.167306
5.600 0.167360
5.602 0.167413
5.604 0.167466
5.606 0.167520
5.608 0.167573
5.610 0.167627
5.612 0.167680
5.614 0.167734
5.616 0.167787
5.618 0.167840
5.620 0.167894
5.622 0.167947
5.624 0.168001
5.626 0.168054
5.628 0.168107
5.630 0.168161
5.632 0.168214
5.634 0.168268
5.636 0.168321
5.638 0.168374
5.640 0.168428
5.642 0.168481
5.644 0.168535
5.646 0.168588
5.648 0.168642
5.650 0.168748
5.652 0.168748
5.654 0.168802
5.656 0.168855
5.658 0.168909
5.660 0.168962
5.662 0.169015
5.664 0.169069
5.666 0.169122
5.668 0.169176
5.670 0.169229
5.672 0.169283
5.674 0.169336
5.676 0.169389
5.678 0.169443
5.680 0.169496
5.682 0.169550
5.684 0.169603
5.686 0.169656
5.688 0.169710
5.690 0.169763
5.692 0.169817
5.694 0.169870
5.696 0.169924
5.698 0.169977
5.700 0.170030
5.702 0.170084
5.704 0.170137
5.706 0.170191
5.708 0.170244
5.710 0.170297
5.712 0.170297
5.714 0.170404
5.716 0.170458
5.718 0.170511
5.720 0.170565
5.722 0.170618
5.724 0.170671
5.726 0.170725
5.728 0.170778
5.730 0.170832
5.732 0.170885
5.734 0.170938
5.736 0.170992
5.738 0.171045
5.740 0.171099
5.742 0.171152
5.744 0.171206
5.746 0.171259
5.748 0.171259
5.750 0.171259
5.752 0.171419
5.754 0.171473
5.756 0.171526
5.758 0.171579
5.760 0.171633
5.762 0.171686
5.764 0.171740
5.766 0.171793
5.768 0.171847
5.770 0.171900
5.772 0.171953
5.774 0.172007
5.776 0.172060
5.778 0.172114
5.780 0.172167
5.782 0.172220
5.784 0.172274
5.786 0.172327
5.788 0.172488
5.790 0.172541
5.792 0.172594
5.794 0.172594
5.796 0.172594
5.798 0.172648
5.800 0.172701
5.802 0.172755
5.804 0.172808
5.806 0.172861
5.808 0.172915
5.810 0.172968
5.812 0.173022
5.814 0.173075
5.816 0.173129
5.818 0.173182
5.820 0.173235
5.822 0.173289
5.824 0.173342
5.826 0.173396
5.828 0.173449
5.830 0.173502
5.832 0.173502
5.834 0.173609
5.836 0.173663
5.838 0.173716
5.840 0.173716
5.842 0.173823
5.844 0.173876
5.846 0.173930
5.848 0.173983
5.850 0.174037
5.852 0.174090
5.854 0.174143
5.856 0.174197
5.858 0.174250
5.860 0.174304
5.862 0.174357
5.864 0.174411
5.866 0.174464
5.868 0.174517
5.870 0.174571
5.872 0.174624
5.874 0.174678
5.876 0.174678
5.878 0.174731
5.880 0.174838
5.882 0.174891
5.884 0.174945
5.886 0.174998
5.888 0.175052
5.890 0.175105
5.892 0.175158
5.894 0.175212
5.896 0.175265
5.898 0.175319
5.900 0.175372
5.902 0.175425
5.904 0.175479
5.906 0.175532
5.908 0.175586
5.910 0.175639
5.912 0.175639
5.914 0.175746
5.916 0.175799
5.918 0.175853
5.920 0.175906
5.922 0.175960
5.924 0.176013
5.926 0.176066
5.928 0.176120
5.930 0.176173
5.932 0.176227
5.934 0.176280
5.936 0.176334
5.938 0.176387
5.940 0.176440
5.942 0.176494
5.944 0.176547
5.946 0.176601
5.948 0.176654
5.950 0.176707
5.952 0.176761
5.954 0.176814
5.956 0.176868
5.958 0.176921
5.960 0.176975
5.962 0.176975
5.964 0.177081
5.966 0.177135
5.968 0.177188
5.970 0.177242
5.972 0.177242
5.974 0.177348
5.976 0.177402
5.978 0.177455
5.980 0.177509
5.982 0.177562
5.984 0.177616
5.986 0.177669
5.988 0.177722
5.990 0.177776
5.992 0.177829
5.994 0.177883
5.996 0.177936
5.998 0.177989
6.000 0.178043
6.002 0.178096
6.004 0.178150
6.006 0.178203
6.008 0.178257
6.010 0.178310
6.012 0.178363
6.014 0.178417
6.016 0.178470
6.018 0.178524
6.020 0.178577
6.022 0.178630
6.024 0.178684
6.026 0.178737
6.028 0.178737
6.030 0.179004
6.032 0.179004
6.034 0.179004
6.036 0.179004
6.038 0.179058
6.040 0.179111
6.042 0.179165
6.044 0.179218
6.046 0.179271
6.048 0.179325
6.050 0.179378
6.052 0.179432
6.054 0.179485
6.056 0.179539
6.058 0.179592
6.060 0.179645
6.062 0.179699
6.064 0.179752
6.066 0.179806
6.068 0.179859
6.070 0.179912
6.072 0.179966
6.074 0.180019
6.076 0.180073
6.078 0.180126
6.080 0.180179
6.082 0.180233
6.084 0.180286
6.086 0.180340
6.088 0.180393
6.090 0.180447
6.092 0.180500
6.094 0.180553
6.096 0.180607
6.098 0.180660
6.100 0.180660
6.102 0.180714
6.104 0.180820
6.106 0.180874
6.108 0.180927
6.110 0.180981
6.112 0.181034
6.114 0.181088
6.116 0.181141
6.118 0.181194
6.120 0.181248
6.122 0.181301
6.124 0.181355
6.126 0.181408
6.128 0.181461
6.130 0.181515
6.132 0.181568
6.134 0.181622
6.136 0.181675
6.138 0.181729
6.140 0.181782
6.142 0.181835
6.144 0.181889
6.146 0.181942
6.148 0.181996
6.150 0.182049
6.152 0.182102
6.154 0.182156
6.156 0.182209
6.158 0.182263
6.160 0.182316
6.162 0.182370
6.164 0.182423
6.166 0.182476
6.168 0.182530
6.170 0.182583
6.172 0.182637
6.174 0.182690
6.176 0.182743
6.178 0.182797
6.180 0.182850
6.182 0.182904
6.184 0.182957
6.186 0.183011
6.188 0.183064
6.190 0.183117
6.192 0.183171
6.194 0.183224
6.196 0.183278
6.198 0.183331
6.200 0.183384
6.202 0.183438
6.204 0.183491
6.206 0.183545
6.208 0.183598
6.210 0.183652
6.212 0.183705
6.214 0.183758
6.216 0.183812
6.218 0.183865
6.220 0.183919
6.222 0.183972
6.224 0.184025
6.226 0.184079
6.228 0.184132
6.230 0.184132
6.232 0.184186
6.234 0.184293
6.236 0.184346
6.238 0.184399
6.240 0.184613
6.242 0.184666
6.244 0.184666
6.246 0.184666
6.248 0.184666
6.250 0.184720
6.252 0.184773
6.254 0.184827
6.256 0.184880
6.258 0.184934
6.260 0.184987
6.262 0.185040
6.264 0.185094
6.266 0.185147
6.268 0.185201
6.270 0.185254
6.272 0.185307
6.274 0.185414
6.276 0.185468
6.278 0.185521
6.280 0.185521
6.282 0.185575
6.284 0.185628
6.286 0.185681
6.288 0.185735
6.290 0.185788
6.292 0.185842
6.294 0.185895
6.296 0.185948
6.298 0.186002
6.300 0.186002
6.302 0.186109
6.304 0.186162
6.306 0.186216
6.308 0.186269
6.310 0.186322
6.312 0.186376
6.314 0.186429
6.316 0.186483
6.318 0.186536
6.320 0.186589
6.322 0.186643
6.324 0.186696
6.326 0.186750
6.328 0.186803
6.330 0.186803
6.332 0.186910
6.334 0.186963
6.336 0.187017
6.338 0.187070
6.340 0.187124
6.342 0.187177
6.344 0.187230
6.346 0.187284
6.348 0.187337
6.350 0.187391
6.352 0.187444
6.354 0.187498
6.356 0.187551
6.358 0.187604
6.360 0.187658
6.362 0.187658
6.364 0.187765
6.366 0.187818
6.368 0.187871
6.370 0.187925
6.372 0.187978
6.374 0.188032
6.376 0.188085
6.378 0.188139
6.380 0.188192
6.382 0.188245
6.384 0.188299
6.386 0.188352
6.388 0.188406
6.390 0.188406
6.392 0.188512
6.394 0.188566
6.396 0.188619
6.398 0.188673
6.400 0.188673
6.402 0.188780
6.404 0.188833
6.406 0.188886
6.408 0.188940
6.410 0.188993
6.412 0.189047
6.414 0.189100
6.416 0.189153
6.418 0.189207
6.420 0.189260
6.422 0.189314
6.424 0.189367
6.426 0.189421
6.428 0.189474
6.430 0.189527
6.432 0.189581
6.434 0.189634
6.436 0.189688
6.438 0.189741
6.440 0.189794
6.442 0.189848
6.444 0.189901
6.446 0.189955
6.448 0.190008
6.450 0.190062
6.452 0.190115
6.454 0.190168
6.456 0.190222
6.458 0.190275
6.460 0.190329
6.462 0.190382
6.464 0.190435
6.466 0.190489
6.468 0.190542
6.470 0.190542
6.472 0.190649
6.474 0.190703
6.476 0.190756
6.478 0.190809
6.480 0.190863
6.482 0.190863
6.484 0.190970
6.486 0.191023
6.488 0.191076
6.490 0.191130
6.492 0.191183
6.494 0.191237
6.496 0.191290
6.498 0.191343
6.500 0.191397
6.502 0.191450
6.504 0.191504
6.506 0.191557
6.508 0.191611
6.510 0.191664
6.512 0.191717
6.514 0.191771
6.516 0.191824
6.518 0.191878
6.520 0.191931
6.522 0.191984
6.524 0.192038
6.526 0.192091
6.528 0.192145
6.530 0.192198
6.532 0.192252
6.534 0.192305
6.536 0.192358
6.538 0.192412
6.540 0.192465
6.542 0.192519
6.544 0.192572
6.546 0.192625
6.548 0.192679
6.550 0.192732
6.552 0.192786
6.554 0.192839
6.556 0.192946
6.558 0.192946
6.560 0.192999
6.562 0.193053
6.564 0.193106
6.566 0.193160
6.568 0.193213
6.570 0.193266
6.572 0.193320
6.574 0.193373
6.576 0.193427
6.578 0.193480
6.580 0.193534
6.582 0.193587
6.584 0.193640
6.586 0.193694
6.588 0.193694
6.590 0.193801
6.592 0.193854
6.594 0.193907
6.596 0.193961
6.598 0.194014
6.600 0.194068
6.602 0.194121
6.604 0.194175
6.606 0.194228
6.608 0.194281
6.610 0.194335
6.612 0.194388
6.614 0.194442
6.616 0.194495
6.618 0.194548
6.620 0.194602
6.622 0.194655
6.624 0.194709
6.626 0.194762
6.628 0.194816
6.630 0.194869
6.632 0.194922
6.634 0.194976
6.636 0.195029
6.638 0.195083
6.640 0.195136
6.642 0.195189
6.644 0.195296
6.646 0.195296
6.648 0.195350
6.650 0.195403
6.652 0.195457
6.654 0.195510
6.656 0.195563
6.658 0.195617
6.660 0.195670
6.662 0.195724
6.664 0.195777
6.666 0.195830
6.668 0.195884
6.670 0.195937
6.672 0.195991
6.674 0.196098
6.676 0.196258
6.678 0.196258
6.680 0.196311
6.682 0.196311
6.684 0.196311
6.686 0.196365
6.688 0.196418
6.690 0.196471
6.692 0.196525
6.694 0.196578
6.696 0.196632
6.698 0.196685
6.700 0.196739
6.702 0.196792
6.704 0.196845
6.706 0.196899
6.708 0.196952
6.710 0.197006
6.712 0.197059
6.714 0.197112
6.716 0.197166
6.718 0.197219
6.720 0.197273
6.722 0.197326
6.724 0.197380
6.726 0.197433
6.728 0.197486
6.730 0.197540
6.732 0.197593
6.734 0.197647
6.736 0.197700
6.738 0.197753
6.740 0.197807
6.742 0.197860
6.744 0.197914
6.746 0.197967
6.748 0.198021
6.750 0.198074
6.752 0.198127
6.754 0.198181
6.756 0.198234
6.758 0.198288
6.760 0.198341
6.762 0.198394
6.764 0.198394
6.766 0.198501
6.768 0.198555
6.770 0.198608
6.772 0.198662
6.774 0.198715
6.776 0.198768
6.778 0.198822
6.780 0.198875
6.782 0.198929
6.784 0.198982
6.786 0.199035
6.788 0.199089
6.790 0.199142
6.792 0.199196
6.794 0.199249
6.796 0.199303
6.798 0.199356
6.800 0.199409
6.802 0.199463
6.804 0.199516
6.806 0.199570
6.808 0.199623
6.810 0.199676
6.812 0.199730
6.814 0.199783
6.816 0.199837
6.818 0.199890
6.820 0.199944
6.822 0.199997
6.824 0.200050
6.826 0.200104
6.828 0.200157
6.830 0.200211
6.832 0.200264
6.834 0.200317
6.836 0.200371
6.838 0.200424
6.840 0.200478
6.842 0.200531
6.844 0.200585
6.846 0.200638
6.848 0.200638
6.850 0.200745
6.852 0.200798
6.854 0.200852
6.856 0.200905
6.858 0.200958
6.860 0.201012
6.862 0.201065
6.864 0.201119
6.866 0.201172
6.868 0.201226
6.870 0.201279
6.872 0.201332
6.874 0.201386
6.876 0.201439
6.878 0.201493
6.880 0.201546
6.882 0.201599
6.884 0.201653
6.886 0.201706
6.888 0.201760
6.890 0.201813
6.892 0.201867
6.894 0.201920
6.896 0.201973
6.898 0.202027
6.900 0.202027
6.902 0.202134
6.904 0.202187
6.906 0.202240
6.908 0.202294
6.910 0.202347
6.912 0.202401
6.914 0.202454
6.916 0.202508
6.918 0.202561
6.920 0.202614
6.922 0.202668
6.924 0.202721
6.926 0.202775
6.928 0.202828
6.930 0.202881
6.932 0.202935
6.934 0.202988
6.936 0.203042
6.938 0.203095
6.940 0.203148
6.942 0.203202
6.944 0.203255
6.946 0.203309
6.948 0.203362
6.950 0.203362
6.952 0.203416
6.954 0.203522
6.956 0.203576
6.958 0.203629
6.960 0.203683
6.962 0.203736
6.964 0.203789
6.966 0.203789
6.968 0.203896
6.970 0.203950
6.972 0.204003
6.974 0.204057
6.976 0.204110
6.978 0.204163
6.980 0.204217
6.982 0.204270
6.984 0.204324
6.986 0.204377
6.988 0.204377
6.990 0.204484
6.992 0.204537
6.994 0.204591
6.996 0.204644
6.998 0.204698
7.000 0.204698
7.002 0.204804
7.004 0.204858
7.006 0.204911
7.008 0.204965
7.010 0.205018
7.012 0.205071
7.014 0.205125
7.016 0.205178
7.018 0.205232
7.020 0.205285
7.022 0.205339
7.024 0.205392
7.026 0.205445
7.028 0.205499
7.030 0.205552
7.032 0.205606
7.034 0.205659
7.036 0.205712
7.038 0.205766
7.040 0.205819
7.042 0.205873
7.044 0.205926
7.046 0.205980
7.048 0.206033
7.050 0.206086
7.052 0.206140
7.054 0.206193
7.056 0.206247
7.058 0.206300
7.060 0.206353
7.062 0.206407
7.064 0.206460
7.066 0.206514
7.068 0.206567
7.070 0.206567
7.072 0.206567
7.074 0.206567
7.076 0.206674
7.078 0.206781
7.080 0.206834
7.082 0.206941
7.084 0.206994
7.086 0.207048
7.088 0.207101
7.090 0.207155
7.092 0.207208
7.094 0.207262
7.096 0.207315
7.098 0.207368
7.100 0.207422
7.102 0.207475
7.104 0.207529
7.106 0.207582
7.108 0.207582
7.110 0.207689
7.112 0.207742
7.114 0.207796
7.116 0.207849
7.118 0.207903
7.120 0.207956
7.122 0.208009
7.124 0.208063
7.126 0.208116
7.128 0.208170
7.130 0.208223
7.132 0.208276
7.134 0.208330
7.136 0.208383
7.138 0.208437
7.140 0.208490
7.142 0.208544
7.144 0.208597
7.146 0.208650
7.148 0.208704
7.150 0.208757
7.152 0.208811
7.154 0.208864
7.156 0.208917
7.158 0.208971
7.160 0.209024
7.162 0.209078
7.164 0.209131
7.166 0.209185
7.168 0.209238
7.170 0.209291
7.172 0.209345
7.174 0.209398
7.176 0.209452
7.178 0.209505
7.180 0.209558
7.182 0.209612
7.184 0.209665
7.186 0.209719
7.188 0.209772
7.190 0.209772
7.192 0.209826
7.194 0.209932
7.196 0.209986
7.198 0.210039
7.200 0.210093
7.202 0.210146
7.204 0.210199
7.206 0.210253
7.208 0.210306
7.210 0.210360
7.212 0.210413
7.214 0.210467
7.216 0.210520
7.218 0.210573
7.220 0.210627
7.222 0.210680
7.224 0.210734
7.226 0.210787
7.228 0.210840
7.230 0.210894
7.232 0.210947
7.234 0.211001
7.236 0.211054
7.238 0.211214
7.240 0.211214
7.242 0.211214
7.244 0.211268
7.246 0.211321
7.248 0.211375
7.250 0.211428
7.252 0.211481
7.254 0.211535
7.256 0.211588
7.258 0.211642
7.260 0.211695
7.262 0.211749
7.264 0.211802
7.266 0.211855
7.268 0.211909
7.270 0.211962
7.272 0.212016
7.274 0.212069
7.276 0.212122
7.278 0.212176
7.280 0.212229
7.282 0.212283
7.284 0.212390
7.286 0.212390
7.288 0.212443
7.290 0.212496
7.292 0.212550
7.294 0.212603
7.296 0.212657
7.298 0.212710
7.300 0.212763
7.302 0.212817
7.304 0.212870
7.306 0.212924
7.308 0.212977
7.310 0.213031
7.312 0.213084
7.314 0.213137
7.316 0.213191
7.318 0.213244
7.320 0.213298
7.322 0.213351
7.324 0.213404
7.326 0.213458
7.328 0.213511
7.330 0.213565
7.332 0.213618
7.334 0.213672
7.336 0.213725
7.338 0.213778
7.340 0.213832
7.342 0.213885
7.344 0.213939
7.346 0.213992
7.348 0.214045
7.350 0.214099
7.352 0.214152
7.354 0.214206
7.356 0.214259
7.358 0.214313
7.360 0.214366
7.362 0.214419
7.364 0.214473
7.366 0.214526
7.368 0.214580
7.370 0.214633
7.372 0.214686
7.374 0.214740
7.376 0.214793
7.378 0.214847
7.380 0.214900
7.382 0.214953
7.384 0.215007
7.386 0.215060
7.388 0.215114
7.390 0.215114
7.392 0.215114
7.394 0.215114
7.396 0.215114
7.398 0.215114
7.400 0.215434
7.402 0.215488
7.404 0.215541
7.406 0.215594
7.408 0.215648
7.410 0.215701
7.412 0.215755
7.414 0.215808
7.416 0.215862
7.418 0.215915
7.420 0.215968
7.422 0.216022
7.424 0.216075
7.426 0.216129
7.428 0.216182
7.430 0.216235
7.432 0.216289
7.434 0.216342
7.436 0.216396
7.438 0.216449
7.440 0.216503
7.442 0.216503
7.444 0.216609
7.446 0.216663
7.448 0.216716
7.450 0.216770
7.452 0.216823
7.454 0.216876
7.456 0.216930
7.458 0.216983
7.460 0.217037
7.462 0.217090
7.464 0.217144
7.466 0.217197
7.468 0.217250
7.470 0.217304
7.472 0.217357
7.474 0.217411
7.476 0.217464
7.478 0.217517
7.480 0.217571
7.482 0.217624
7.484 0.217678
7.486 0.217731
7.488 0.217785
7.490 0.217838
7.492 0.217891
7.494 0.217945
7.496 0.217998
7.498 0.218052
7.500 0.218105
7.502 0.218158
7.504 0.218212
7.506 0.218265
7.508 0.218319
7.510 0.218372
7.512 0.218426
7.514 0.218479
7.516 0.218532
7.518 0.218586
7.520 0.218639
7.522 0.218693
7.524 0.218746
7.526 0.218799
7.528 0.218853
7.530 0.218853
7.532 0.218960
7.534 0.219013
7.536 0.219067
7.538 0.219120
7.540 0.219173
7.542 0.219227
7.544 0.219280
7.546 0.219334
7.548 0.219387
7.550 0.219440
7.552 0.219494
7.554 0.219547
7.556 0.219601
7.558 0.219601
7.560 0.219708
7.562 0.219761
7.564 0.219814
7.566 0.219868
7.568 0.219921
7.570 0.219975
7.572 0.220028
7.574 0.220081
7.576 0.220135
7.578 0.220188
7.580 0.220242
7.582 0.220295
7.584 0.220349
7.586 0.220402
7.588 0.220455
7.590 0.220509
7.592 0.220562
7.594 0.220616
7.596 0.220669
7.598 0.220722
7.600 0.220776
7.602 0.220829
7.604 0.220883
7.606 0.220936
7.608 0.220990
7.610 0.221043
7.612 0.221096
7.614 0.221150
7.616 0.221203
7.618 0.221257
7.620 0.221310
7.622 0.221363
7.624 0.221417
7.626 0.221470
7.628 0.221524
7.630 0.221577
7.632 0.221631
7.634 0.221684
7.636 0.221737
7.638 0.221791
7.640 0.221844
7.642 0.221898
7.644 0.221951
7.646 0.221951
7.648 0.222004
7.650 0.222058
7.652 0.222165
7.654 0.222218
7.656 0.222272
7.658 0.222325
7.660 0.222378
7.662 0.222432
7.664 0.222485
7.666 0.222539
7.668 0.222592
7.670 0.222645
7.672 0.222699
7.674 0.222752
7.676 0.222806
7.678 0.222859
7.680 0.222913
7.682 0.222966
7.684 0.223019
7.686 0.223073
7.688 0.223126
7.690 0.223180
7.692 0.223233
7.694 0.223286
7.696 0.223340
7.698 0.223340
7.700 0.223393
7.702 0.223500
7.704 0.223554
7.706 0.223607
7.708 0.223660
7.710 0.223714
7.712 0.223767
7.714 0.223821
7.716 0.223874
7.718 0.223927
7.720 0.223981
7.722 0.224034
7.724 0.224088
7.726 0.224141
7.728 0.224195
7.730 0.224248
7.732 0.224355
7.734 0.224355
7.736 0.224408
7.738 0.224462
7.740 0.224515
7.742 0.224568
7.744 0.224622
7.746 0.224675
7.748 0.224675
7.750 0.224729
7.752 0.224836
7.754 0.224889
7.756 0.224942
7.758 0.224996
7.760 0.225049
7.762 0.225103
7.764 0.225156
7.766 0.225209
7.768 0.225263
7.770 0.225316
7.772 0.225370
7.774 0.225423
7.776 0.225477
7.778 0.225530
7.780 0.225583
7.782 0.225637
7.784 0.225690
7.786 0.225744
7.788 0.225797
7.790 0.225850
7.792 0.225904
7.794 0.225957
7.796 0.226011
7.798 0.226064
7.800 0.226117
7.802 0.226171
7.804 0.226224
7.806 0.226278
7.808 0.226331
7.810 0.226385
7.812 0.226438
7.814 0.226491
7.816 0.226545
7.818 0.226598
7.820 0.226652
7.822 0.226705
7.824 0.226758
7.826 0.226812
7.828 0.226865
7.830 0.226972
7.832 0.226972
7.834 0.227026
7.836 0.227079
7.838 0.227132
7.840 0.227186
7.842 0.227239
7.844 0.227293
7.846 0.227346
7.848 0.227399
7.850 0.227453
7.852 0.227506
7.854 0.227560
7.856 0.227613
7.858 0.227667
7.860 0.227720
7.862 0.227773
7.864 0.227827
7.866 0.227880
7.868 0.227934
7.870 0.227987
7.872 0.228040
7.874 0.228094
7.876 0.228147
7.878 0.228201
7.880 0.228254
7.882 0.228308
7.884 0.228361
7.886 0.228414
7.888 0.228468
7.890 0.228521
7.892 0.228575
7.894 0.228628
7.896 0.228681
7.898 0.228735
7.900 0.228788
7.902 0.228842
7.904 0.228895
7.906 0.228949
7.908 0.229002
7.910 0.229055
7.912 0.229109
7.914 0.229162
7.916 0.229216
7.918 0.229269
7.920 0.229322
7.922 0.229376
7.924 0.229429
7.926 0.229483
7.928 0.229483
7.930 0.229590
7.932 0.229643
7.934 0.229696
7.936 0.229750
7.938 0.229803
7.940 0.229857
7.942 0.229910
7.944 0.229963
7.946 0.229963
7.948 0.230070
7.950 0.230124
7.952 0.230177
7.954 0.230231
7.956 0.230284
7.958 0.230337
7.960 0.230391
7.962 0.230444
7.964 0.230444
7.966 0.230551
7.968 0.230604
7.970 0.230658
7.972 0.230711
7.974 0.230765
7.976 0.230818
7.978 0.230872
7.980 0.230925
7.982 0.230978
7.984 0.231032
7.986 0.231085
7.988 0.231139
7.990 0.231192
7.992 0.231245
7.994 0.231299
7.996 0.231352
7.998 0.231406
8.000 0.231459
8.002 0.231513
8.004 0.231566
8.006 0.231619
8.008 0.231673
8.010 0.231726
8.012 0.231780
8.014 0.231833
8.016 0.231886
8.018 0.231940
8.020 0.231993
8.022 0.232047
8.024 0.232100
8.026 0.232154
8.028 0.232207
8.030 0.232207
8.032 0.232314
8.034 0.232367
8.036 0.232421
8.038 0.232474
8.040 0.232527
8.042 0.232581
8.044 0.232634
8.046 0.232688
8.048 0.232741
8.050 0.232795
8.052 0.232848
8.054 0.232901
8.056 0.232955
8.058 0.233008
8.060 0.233062
8.062 0.233115
8.064 0.233168
8.066 0.233222
8.068 0.233275
8.070 0.233329
8.072 0.233382
8.074 0.233436
8.076 0.233436
8.078 0.233489
8.080 0.233542
8.082 0.233649
8.084 0.233649
8.086 0.233649
8.088 0.233703
8.090 0.233809
8.092 0.233916
8.094 0.233970
8.096 0.234023
8.098 0.234077
8.100 0.234130
8.102 0.234183
8.104 0.234237
8.106 0.234290
8.108 0.234344
8.110 0.234344
8.112 0.234450
8.114 0.234504
8.116 0.234611
8.118 0.234611
8.120 0.234664
8.122 0.234718
8.124 0.234771
8.126 0.234824
8.128 0.234878
8.130 0.234931
8.132 0.234985
8.134 0.235038
8.136 0.235091
8.138 0.235145
8.140 0.235198
8.142 0.235252
8.144 0.235305
8.146 0.235359
8.148 0.235412
8.150 0.235465
8.152 0.235519
8.154 0.235572
8.156 0.235626
8.158 0.235679
8.160 0.235732
8.162 0.235732
8.164 0.235839
8.166 0.235893
8.168 0.235946
8.170 0.236000
8.172 0.236053
8.174 0.236106
8.176 0.236160
8.178 0.236213
8.180 0.236267
8.182 0.236320
8.184 0.236373
8.186 0.236427
8.188 0.236480
8.190 0.236534
8.192 0.236534
8.194 0.236641
8.196 0.236694
8.198 0.236747
8.200 0.236801
8.202 0.236854
8.204 0.236908
8.206 0.236961
8.208 0.237014
8.210 0.237068
8.212 0.237121
8.214 0.237175
8.216 0.237228
8.218 0.237282
8.220 0.237335
8.222 0.237388
8.224 0.237442
8.226 0.237495
8.228 0.237549
8.230 0.237602
8.232 0.237655
8.234 0.237709
8.236 0.237762
8.238 0.237816
8.240 0.237869
8.242 0.237922
8.244 0.237976
8.246 0.237976
8.248 0.238083
8.250 0.238083
8.252 0.238190
8.254 0.238243
8.256 0.238296
8.258 0.238350
8.260 0.238403
8.262 0.238403
8.264 0.238510
8.266 0.238563
8.268 0.238617
8.270 0.238670
8.272 0.238831
8.274 0.238884
8.276 0.238884
8.278 0.238884
8.280 0.238937
8.282 0.238991
8.284 0.239044
8.286 0.239098
8.288 0.239098
8.290 0.239204
8.292 0.239258
8.294 0.239311
8.296 0.239365
8.298 0.239418
8.300 0.239472
8.302 0.239525
8.304 0.239578
8.306 0.239632
8.308 0.239739
8.310 0.239739
8.312 0.239792
8.314 0.239845
8.316 0.239899
8.318 0.239952
8.320 0.240006
8.322 0.240059
8.324 0.240113
8.326 0.240166
8.328 0.240219
8.330 0.240273
8.332 0.240326
8.334 0.240380
8.336 0.240433
8.338 0.240486
8.340 0.240486
8.342 0.240593
8.344 0.240647
8.346 0.240700
8.348 0.240754
8.350 0.240807
8.352 0.240860
8.354 0.240914
8.356 0.241074
8.358 0.241127
8.360 0.241127
8.362 0.241127
8.364 0.241181
8.366 0.241234
8.368 0.241288
8.370 0.241341
8.372 0.241395
8.374 0.241448
8.376 0.241501
8.378 0.241555
8.380 0.241608
8.382 0.241662
8.384 0.241715
8.386 0.241768
8.388 0.241822
8.390 0.241875
8.392 0.241929
8.394 0.241982
8.396 0.242036
8.398 0.242089
8.400 0.242142
8.402 0.242196
8.404 0.242249
8.406 0.242303
8.408 0.242356
8.410 0.242409
8.412 0.242463
8.414 0.242516
8.416 0.242570
8.418 0.242623
8.420 0.242677
8.422 0.242730
8.424 0.242783
8.426 0.242837
8.428 0.242944
8.430 0.242944
8.432 0.242997
8.434 0.243050
8.436 0.243104
8.438 0.243157
8.440 0.243211
8.442 0.243264
8.444 0.243318
8.446 0.243371
8.448 0.243424
8.450 0.243478
8.452 0.243531
8.454 0.243585
8.456 0.243638
8.458 0.243691
8.460 0.243745
8.462 0.243798
8.464 0.243852
8.466 0.243905
8.468 0.243959
8.470 0.244012
8.472 0.244065
8.474 0.244119
8.476 0.244172
8.478 0.244172
8.480 0.244279
8.482 0.244332
8.484 0.244386
8.486 0.244439
8.488 0.244493
8.490 0.244493
8.492 0.244600
8.494 0.244653
8.496 0.244706
8.498 0.244760
8.500 0.244813
8.502 0.244867
8.504 0.244920
8.506 0.244973
8.508 0.245027
8.510 0.245080
8.512 0.245134
8.514 0.245187
8.516 0.245241
8.518 0.245294
8.520 0.245347
8.522 0.245401
8.524 0.245454
8.526 0.245508
8.528 0.245561
8.530 0.245614
8.532 0.245668
8.534 0.245721
8.536 0.245775
8.538 0.245828
8.540 0.245882
8.542 0.245935
8.544 0.245988
8.546 0.246042
8.548 0.246095
8.550 0.246149
8.552 0.246202
8.554 0.246255
8.556 0.246309
8.558 0.246362
8.560 0.246416
8.562 0.246469
8.564 0.246469
8.566 0.246576
8.568 0.246629
8.570 0.246683
8.572 0.246736
8.574 0.246790
8.576 0.246843
8.578 0.246896
8.580 0.246950
8.582 0.247003
8.584 0.247057
8.586 0.247110
8.588 0.247164
8.590 0.247217
8.592 0.247270
8.594 0.247324
8.596 0.247377
8.598 0.247431
8.600 0.247484
8.602 0.247537
8.604 0.247591
8.606 0.247644
8.608 0.247698
8.610 0.247751
8.612 0.247805
8.614 0.247858
8.616 0.247911
8.618 0.247965
8.620 0.248018
8.622 0.248072
8.624 0.248125
8.626 0.248178
8.628 0.248232
8.630 0.248285
8.632 0.248339
8.634 0.248392
8.636 0.248446
8.638 0.248499
8.640 0.248552
8.642 0.248606
8.644 0.248659
8.646 0.248713
8.648 0.248766
8.650 0.248819
8.652 0.248873
8.654 0.248926
8.656 0.248980
8.658 0.249033
8.660 0.249087
8.662 0.249140
8.664 0.249193
8.666 0.249247
8.668 0.249247
8.670 0.249354
8.672 0.249407
8.674 0.249460
8.676 0.249514
8.678 0.249567
8.680 0.249621
8.682 0.249674
8.684 0.249727
8.686 0.249781
8.688 0.249834
8.690 0.249888
8.692 0.249941
8.694 0.249995
8.696 0.250048
8.698 0.250101
8.700 0.250101
8.702 0.250208
8.704 0.250262
8.706 0.250315
8.708 0.250422
8.710 0.250422
8.712 0.250475
8.714 0.250529
8.716 0.250582
8.718 0.250636
8.720 0.250689
8.722 0.250742
8.724 0.250796
8.726 0.250849
8.728 0.250903
8.730 0.250956
8.732 0.251009
8.734 0.251063
8.736 0.251116
8.738 0.251170
8.740 0.251223
8.742 0.251277
8.744 0.251330
8.746 0.251383
8.748 0.251437
8.750 0.251490
8.752 0.251544
8.754 0.251597
8.756 0.251650
8.758 0.251704
8.760 0.251704
8.762 0.251811
8.764 0.251864
8.766 0.251918
8.768 0.251971
8.770 0.252024
8.772 0.252078
8.774 0.252131
8.776 0.252185
8.778 0.252238
8.780 0.252291
8.782 0.252345
8.784 0.252398
8.786 0.252452
8.788 0.252505
8.790 0.252559
8.792 0.252559
8.794 0.252665
8.796 0.252719
8.798 0.252772
8.800 0.252826
8.802 0.252879
8.804 0.252932
8.806 0.252986
8.808 0.253039
8.810 0.253093
8.812 0.253146
8.814 0.253200
8.816 0.253253
8.818 0.253306
8.820 0.253360
8.822 0.253413
8.824 0.253467
8.826 0.253520
8.828 0.253573
8.830 0.253627
8.832 0.253680
8.834 0.253734
8.836 0.253787
8.838 0.253841
8.840 0.253894
8.842 0.253947
8.844 0.254001
8.846 0.254054
8.848 0.254108
8.850 0.254161
8.852 0.254214
8.854 0.254268
8.856 0.254321
8.858 0.254375
8.860 0.254428
8.862 0.254482
8.864 0.254535
8.866 0.254588
8.868 0.254642
8.870 0.254695
8.872 0.254749
8.874 0.254802
8.876 0.254855
8.878 0.254909
8.880 0.254962
8.882 0.255016
8.884 0.255069
8.886 0.255123
8.888 0.255123
8.890 0.255229
8.892 0.255283
8.894 0.255336
8.896 0.255390
8.898 0.255443
8.900 0.255496
8.902 0.255550
8.904 0.255603
8.906 0.255657
8.908 0.255710
8.910 0.255764
8.912 0.255817
8.914 0.255870
8.916 0.255924
8.918 0.255977
8.920 0.256031
8.922 0.256084
8.924 0.256137
8.926 0.256191
8.928 0.256244
8.930 0.256298
8.932 0.256351
8.934 0.256405
8.936 0.256458
8.938 0.256511
8.940 0.256565
8.942 0.256618
8.944 0.256672
8.946 0.256725
8.948 0.256778
8.950 0.256832
8.952 0.256885
8.954 0.256939
8.956 0.256992
8.958 0.257046
8.960 0.257099
8.962 0.257152
8.964 0.257206
8.966 0.257259
8.968 0.257313
8.970 0.257366
8.972 0.257419
8.974 0.257473
8.976 0.257526
8.978 0.257580
8.980 0.257633
8.982 0.257687
8.984 0.257740
8.986 0.257793
8.988 0.257847
8.990 0.257847
8.992 0.257954
8.994 0.258007
8.996 0.258060
8.998 0.258114
9.000 0.258167
9.002 0.258221
9.004 0.258274
9.006 0.258328
9.008 0.258381
9.010 0.258434
9.012 0.258488
9.014 0.258541
9.016 0.258595
9.018 0.258648
9.020 0.258701
9.022 0.258755
9.024 0.258808
9.026 0.258862
9.028 0.258915
9.030 0.258969
9.032 0.259022
9.034 0.259075
9.036 0.259129
9.038 0.259182
9.040 0.259236
9.042 0.259289
9.044 0.259342
9.046 0.259342
9.048 0.259449
9.050 0.259503
9.052 0.259556
9.054 0.259610
9.056 0.259663
9.058 0.259716
9.060 0.259770
9.062 0.259823
9.064 0.259877
9.066 0.259930
9.068 0.259983
9.070 0.260037
9.072 0.260090
9.074 0.260144
9.076 0.260197
9.078 0.260251
9.080 0.260304
9.082 0.260357
9.084 0.260411
9.086 0.260464
9.088 0.260518
9.090 0.260571
9.092 0.260624
9.094 0.260678
9.096 0.260731
9.098 0.260785
9.100 0.260838
9.102 0.260891
9.104 0.260945
9.106 0.260998
9.108 0.261052
9.110 0.261105
9.112 0.261159
9.114 0.261212
9.116 0.261265
9.118 0.261319
9.120 0.261372
9.122 0.261426
9.124 0.261479
9.126 0.261532
9.128 0.261586
9.130 0.261639
9.132 0.261693
9.134 0.261746
9.136 0.261800
9.138 0.261853
9.140 0.261906
9.142 0.261960
9.144 0.262013
9.146 0.262067
9.148 0.262120
9.150 0.262173
9.152 0.262227
9.154 0.262280
9.156 0.262334
9.158 0.262387
9.160 0.262441
9.162 0.262494
9.164 0.262547
9.166 0.262601
9.168 0.262654
9.170 0.262708
9.172 0.262761
9.174 0.262814
9.176 0.262868
9.178 0.262921
9.180 0.262975
9.182 0.263028
9.184 0.263082
9.186 0.263135
9.188 0.263188
9.190 0.263242
9.192 0.263295
9.194 0.263349
9.196 0.263402
9.198 0.263455
9.200 0.263509
9.202 0.263562
9.204 0.263616
9.206 0.263669
9.208 0.263723
9.210 0.263776
9.212 0.263829
9.214 0.263883
9.216 0.263936
9.218 0.263990
9.220 0.264043
9.222 0.264096
9.224 0.264150
9.226 0.264203
9.228 0.264257
9.230 0.264310
9.232 0.264364
9.234 0.264417
9.236 0.264470
9.238 0.264524
9.240 0.264577
9.242 0.264631
9.244 0.264684
9.246 0.264737
9.248 0.264791
9.250 0.264844
9.252 0.264898
9.254 0.264951
9.256 0.265005
9.258 0.265058
9.260 0.265111
9.262 0.265165
9.264 0.265218
9.266 0.265272
9.268 0.265325
9.270 0.265378
9.272 0.265432
9.274 0.265485
9.276 0.265539
9.278 0.265592
9.280 0.265646
9.282 0.265699
9.284 0.265752
9.286 0.265806
9.288 0.265859
9.290 0.265913
9.292 0.265966
9.294 0.266019
9.296 0.266073
9.298 0.266126
9.300 0.266180
9.302 0.266233
9.304 0.266287
9.306 0.266340
9.308 0.266447
9.310 0.266447
9.312 0.266500
9.314 0.266554
9.316 0.266607
9.318 0.266660
9.320 0.266714
9.322 0.266767
9.324 0.266821
9.326 0.266874
9.328 0.266928
9.330 0.266981
9.332 0.267034
9.334 0.267088
9.336 0.267141
9.338 0.267195
9.340 0.267248
9.342 0.267301
9.344 0.267355
9.346 0.267408
9.348 0.267462
9.350 0.267515
9.352 0.267569
9.354 0.267622
9.356 0.267675
9.358 0.267729
9.360 0.267782
9.362 0.267836
9.364 0.267889
9.366 0.267942
9.368 0.267996
9.370 0.268049
9.372 0.268103
9.374 0.268156
9.376 0.268210
9.378 0.268263
9.380 0.268316
9.382 0.268370
9.384 0.268423
9.386 0.268477
9.388 0.268530
9.390 0.268583
9.392 0.268637
9.394 0.268690
9.396 0.268744
9.398 0.268744
9.400 0.268851
9.402 0.268904
9.404 0.268957
9.406 0.269011
9.408 0.269064
9.410 0.269118
9.412 0.269171
9.414 0.269224
9.416 0.269278
9.418 0.269331
9.420 0.269385
9.422 0.269438
9.424 0.269492
9.426 0.269545
9.428 0.269598
9.430 0.269652
9.432 0.269705
9.434 0.269759
9.436 0.269812
9.438 0.269865
9.440 0.269919
9.442 0.269972
9.444 0.270026
9.446 0.270079
9.448 0.270133
9.450 0.270186
9.452 0.270239
9.454 0.270293
9.456 0.270346
9.458 0.270400
9.460 0.270453
9.462 0.270453
9.464 0.270560
9.466 0.270613
9.468 0.270667
9.470 0.270720
9.472 0.270774
9.474 0.270827
9.476 0.270880
9.478 0.270934
9.480 0.270987
9.482 0.271041
9.484 0.271094
9.486 0.271147
9.488 0.271201
9.490 0.271254
9.492 0.271308
9.494 0.271361
9.496 0.271415
9.498 0.271468
9.500 0.271521
9.502 0.271575
9.504 0.271628
9.506 0.271682
9.508 0.271682
9.510 0.271682
9.512 0.271842
9.514 0.271895
9.516 0.271949
9.518 0.272002
9.520 0.272056
9.522 0.272109
9.524 0.272162
9.526 0.272216
9.528 0.272269
9.530 0.272323
9.532 0.272376
9.534 0.272429
9.536 0.272483
9.538 0.272536
9.540 0.272590
9.542 0.272643
9.544 0.272696
9.546 0.272750
9.548 0.272803
9.550 0.272857
9.552 0.272910
9.554 0.272964
9.556 0.273017
9.558 0.273070
9.560 0.273124
9.562 0.273177
9.564 0.273231
9.566 0.273284
9.568 0.273337
9.570 0.273391
9.572 0.273444
9.574 0.273498
9.576 0.273551
9.578 0.273605
9.580 0.273658
9.582 0.273711
9.584 0.273765
9.586 0.273818
9.588 0.273872
9.590 0.273925
9.592 0.273978
9.594 0.274032
9.596 0.274085
9.598 0.274139
9.600 0.274192
9.602 0.274246
9.604 0.274299
9.606 0.274352
9.608 0.274406
9.610 0.274459
9.612 0.274513
9.614 0.274566
9.616 0.274619
9.618 0.274673
9.620 0.274726
9.622 0.274780
9.624 0.274833
9.626 0.274887
9.628 0.274940
9.630 0.274993
9.632 0.275047
9.634 0.275100
9.636 0.275154
9.638 0.275207
9.640 0.275260
9.642 0.275314
9.644 0.275367
9.646 0.275421
9.648 0.275474
9.650 0.275528
9.652 0.275581
9.654 0.275634
9.656 0.275688
9.658 0.275741
9.660 0.275795
9.662 0.275848
9.664 0.275901
9.666 0.275955
9.668 0.276115
9.670 0.276115
9.672 0.276115
9.674 0.276169
9.676 0.276222
9.678 0.276275
9.680 0.276329
9.682 0.276382
9.684 0.276436
9.686 0.276489
9.688 0.276542
9.690 0.276596
9.692 0.276649
9.694 0.276703
9.696 0.276756
9.698 0.276810
9.700 0.276863
9.702 0.276916
9.704 0.276970
9.706 0.277023
9.708 0.277130
9.710 0.277130
9.712 0.277183
9.714 0.277237
9.716 0.277290
9.718 0.277344
9.720 0.277397
9.722 0.277451
9.724 0.277504
9.726 0.277557
9.728 0.277611
9.730 0.277664
9.732 0.277718
9.734 0.277771
9.736 0.277824
9.738 0.277878
9.740 0.277931
9.742 0.277985
9.744 0.278038
9.746 0.278092
9.748 0.278145
9.750 0.278198
9.752 0.278252
9.754 0.278305
9.756 0.278359
9.758 0.278412
9.760 0.278465
9.762 0.278519
9.764 0.278572
9.766 0.278626
9.768 0.278679
9.770 0.278733
9.772 0.278786
9.774 0.278839
9.776 0.278893
9.778 0.278946
9.780 0.279000
9.782 0.279053
9.784 0.279106
9.786 0.279160
9.788 0.279213
9.790 0.279267
9.792 0.279320
9.794 0.279374
9.796 0.279427
9.798 0.279480
9.800 0.279480
9.802 0.279587
9.804 0.279641
9.806 0.279694
9.808 0.279747
9.810 0.279801
9.812 0.279854
9.814 0.279908
9.816 0.279961
9.818 0.280015
9.820 0.280068
9.822 0.280121
9.824 0.280175
9.826 0.280228
9.828 0.280282
9.830 0.280335
9.832 0.280388
9.834 0.280442
9.836 0.280495
9.838 0.280549
9.840 0.280602
9.842 0.280656
9.844 0.280709
9.846 0.280762
9.848 0.280816
9.850 0.280869
9.852 0.280923
9.854 0.280976
9.856 0.281029
9.858 0.281083
9.860 0.281136
9.862 0.281190
9.864 0.281243
9.866 0.281297
9.868 0.281350
9.870 0.281403
9.872 0.281457
9.874 0.281510
9.876 0.281617
9.878 0.281670
9.880 0.281670
9.882 0.281724
9.884 0.281777
9.886 0.281831
9.888 0.281884
9.890 0.281938
9.892 0.281991
9.894 0.282044
9.896 0.282098
9.898 0.282151
9.900 0.282205
9.902 0.282258
9.904 0.282311
9.906 0.282365
9.908 0.282418
9.910 0.282472
9.912 0.282525
9.914 0.282579
9.916 0.282632
9.918 0.282685
9.920 0.282739
9.922 0.282792
9.924 0.282846
9.926 0.282899
9.928 0.282952
9.930 0.283006
9.932 0.283059
9.934 0.283113
9.936 0.283166
9.938 0.283220
9.940 0.283273
9.942 0.283326
9.944 0.283380
9.946 0.283433
9.948 0.283487
9.950 0.283540
9.952 0.283593
9.954 0.283647
9.956 0.283700
9.958 0.283754
9.960 0.283807
9.962 0.283861
9.964 0.283914
9.966 0.283967
9.968 0.284021
9.970 0.284074
9.972 0.284128
9.974 0.284181
9.976 0.284234
9.978 0.284288
9.980 0.284341
9.982 0.284395
9.984 0.284448
9.986 0.284501
9.988 0.284555
9.990 0.284608
9.992 0.284662
9.994 0.284715
9.996 0.284769
9.998 0.284822
10.000 0.284875
10.002 0.284929
10.004 0.284982
10.006 0.285036
10.008 0.285089
10.010 0.285142
10.012 0.285196
10.014 0.285249
10.016 0.285303
10.018 0.285356
10.020 0.285410
10.022 0.285463
10.024 0.285516
10.026 0.285570
10.028 0.285623
10.030 0.285677
10.032 0.285730
10.034 0.285783
10.036 0.285837
10.038 0.285890
10.040 0.285944
10.042 0.285997
10.044 0.286051
10.046 0.286104
10.048 0.286157
10.050 0.286211
10.052 0.286264
10.054 0.286318
10.056 0.286371
10.058 0.286424
10.060 0.286478
10.062 0.286531
10.064 0.286585
10.066 0.286638
10.068 0.286692
10.070 0.286692
10.072 0.286798
10.074 0.286852
10.076 0.286905
10.078 0.286959
10.080 0.287012
10.082 0.287065
10.084 0.287119
10.086 0.287172
10.088 0.287226
10.090 0.287279
10.092 0.287333
10.094 0.287386
10.096 0.287439
10.098 0.287493
10.100 0.287546
10.102 0.287600
10.104 0.287653
10.106 0.287706
10.108 0.287760
10.110 0.287813
10.112 0.287867
10.114 0.287920
10.116 0.287974
10.118 0.288027
10.120 0.288080
10.122 0.288134
10.124 0.288187
10.126 0.288241
10.128 0.288294
10.130 0.288294
10.132 0.288401
10.134 0.288454
10.136 0.288508
10.138 0.288561
10.140 0.288615
10.142 0.288668
10.144 0.288721
10.146 0.288775
10.148 0.288828
10.150 0.288882
10.152 0.288935
10.154 0.288988
10.156 0.289042
10.158 0.289095
10.160 0.289149
10.162 0.289202
10.164 0.289256
10.166 0.289309
10.168 0.289362
10.170 0.289416
10.172 0.289469
10.174 0.289523
10.176 0.289576
10.178 0.289629
10.180 0.289683
10.182 0.289736
10.184 0.289790
10.186 0.289843
10.188 0.289897
10.190 0.289950
10.192 0.290003
10.194 0.290057
10.196 0.290110
10.198 0.290164
10.200 0.290164
10.202 0.290270
10.204 0.290324
10.206 0.290377
10.208 0.290431
10.210 0.290484
10.212 0.290538
10.214 0.290591
10.216 0.290644
10.218 0.290698
10.220 0.290751
10.222 0.290805
10.224 0.290858
10.226 0.290911
10.228 0.290965
10.230 0.291018
10.232 0.291072
10.234 0.291125
10.236 0.291179
10.238 0.291232
10.240 0.291285
10.242 0.291339
10.244 0.291392
10.246 0.291446
10.248 0.291499
10.250 0.291552
10.252 0.291606
10.254 0.291659
10.256 0.291659
10.258 0.291766
10.260 0.291766
10.262 0.291873
10.264 0.291926
10.266 0.291980
10.268 0.291980
10.270 0.292087
10.272 0.292140
10.274 0.292193
10.276 0.292247
10.278 0.292247
10.280 0.292300
10.282 0.292407
10.284 0.292461
10.286 0.292514
10.288 0.292567
10.290 0.292621
10.292 0.292674
10.294 0.292728
10.296 0.292781
10.298 0.292834
10.300 0.292888
10.302 0.292941
10.304 0.292995
10.306 0.293048
10.308 0.293102
10.310 0.293155
10.312 0.293208
10.314 0.293315
10.316 0.293315
10.318 0.293369
10.320 0.293422
10.322 0.293475
10.324 0.293582
10.326 0.293582
10.328 0.293636
10.330 0.293689
10.332 0.293743
10.334 0.293796
10.336 0.293849
10.338 0.293903
10.340 0.293956
10.342 0.294010
10.344 0.294063
10.346 0.294116
10.348 0.294170
10.350 0.294223
10.352 0.294277
10.354 0.294330
10.356 0.294384
10.358 0.294437
10.360 0.294490
10.362 0.294544
10.364 0.294597
10.366 0.294651
10.368 0.294704
10.370 0.294757
10.372 0.294811
10.374 0.294864
10.376 0.294918
10.378 0.294971
10.380 0.295025
10.382 0.295078
10.384 0.295131
10.386 0.295185
10.388 0.295292
10.390 0.295292
10.392 0.295292
10.394 0.295398
10.396 0.295452
10.398 0.295505
10.400 0.295559
10.402 0.295612
10.404 0.295665
10.406 0.295719
10.408 0.295772
10.410 0.295826
10.412 0.295879
10.414 0.295933
10.416 0.295986
10.418 0.296039
10.420 0.296093
10.422 0.296146
10.424 0.296200
10.426 0.296253
10.428 0.296253
10.430 0.296306
10.432 0.296413
10.434 0.296467
10.436 0.296520
10.438 0.296574
10.440 0.296627
10.442 0.296680
10.444 0.296734
10.446 0.296787
10.448 0.296841
10.450 0.296894
10.452 0.296947
10.454 0.297001
10.456 0.297054
10.458 0.297108
10.460 0.297161
10.462 0.297215
10.464 0.297268
10.466 0.297321
10.468 0.297428
10.470 0.297428
10.472 0.297482
10.474 0.297535
10.476 0.297588
10.478 0.297642
10.480 0.297695
10.482 0.297749
10.484 0.297802
10.486 0.297856
10.488 0.297909
10.490 0.297962
10.492 0.298016
10.494 0.298069
10.496 0.298123
10.498 0.298176
10.500 0.298229
10.502 0.298282
10.504 0.298334
10.506 0.298386
10.508 0.298436
10.510 0.298486
10.512 0.298534
10.514 0.298582
10.516 0.298630
10.518 0.298676
10.520 0.298722
10.522 0.298767
10.524 0.298811
10.526 0.298854
10.528 0.298896
10.530 0.298896
10.532 0.298979
10.534 0.299019
10.536 0.299058
10.538 0.299096
10.540 0.299134
10.542 0.299171
10.544 0.299207
10.546 0.299242
10.548 0.299276
10.550 0.299310
10.552 0.299343
10.554 0.299375
10.556 0.299406
10.558 0.299437
10.560 0.299466
10.562 0.299495
10.564 0.299523
10.566 0.299550
10.568 0.299577
10.570 0.299602
10.572 0.299627
10.574 0.299651
10.576 0.299674
10.578 0.299697
10.580 0.299697
10.582 0.299739
10.584 0.299759
10.586 0.299779
10.588 0.299797
10.590 0.299815
10.592 0.299831
10.594 0.299847
10.596 0.299863
10.598 0.299877
10.600 0.299891
10.602 0.299904
10.604 0.299916
10.606 0.299927
10.608 0.299937
10.610 0.299947
10.612 0.299956
10.614 0.299964
10.616 0.299971
10.618 0.299977
10.620 0.299983
10.622 0.299988
10.624 0.299992
10.626 0.299995
10.628 0.299997
10.630 0.299997
10.632 0.300000
