0.000 -1.541943
0.002 -1.541943
0.004 -1.541943
0.006 -1.541943
0.008 -1.541942
0.010 -1.541941
0.012 -1.541939
0.014 -1.541937
0.016 -1.541934
0.018 -1.541931
0.020 -1.541926
0.022 -1.541921
0.024 -1.541915
0.026 -1.541909
0.028 -1.541902
0.030 -1.541894
0.032 -1.541886
0.034 -1.541877
0.036 -1.541867
0.038 -1.541857
0.040 -1.541846
0.042 -1.541834
0.044 -1.541822
0.046 -1.541809
0.048 -1.541795
0.050 -1.541780
0.052 -1.541768
0.054 -1.541753
0.056 -1.541739
0.058 -1.541725
0.060 -1.541706
0.062 -1.541689
0.064 -1.541671
0.066 -1.541649
0.068 -1.541624
0.070 -1.541598
0.072 -1.541573
0.074 -1.541547
0.076 -1.541522
0.078 -1.541497
0.080 -1.541471
0.082 -1.541445
0.084 -1.541417
0.086 -1.541389
0.088 -1.541360
0.090 -1.541330
0.092 -1.541299
0.094 -1.541268
0.096 -1.541235
0.098 -1.541202
0.100 -1.541168
0.102 -1.541133
0.104 -1.541097
0.106 -1.541060
0.108 -1.541023
0.110 -1.540985
0.112 -1.540946
0.114 -1.540906
0.116 -1.540865
0.118 -1.540824
0.120 -1.540782
0.122 -1.540739
0.124 -1.540696
0.126 -1.540653
0.128 -1.540609
0.130 -1.540565
0.132 -1.540521
0.134 -1.540477
0.136 -1.540433
0.138 -1.540388
0.140 -1.540343
0.142 -1.540298
0.144 -1.540253
0.146 -1.540208
0.148 -1.540163
0.150 -1.540117
0.152 -1.540079
0.154 -1.540035
0.156 -1.539988
0.158 -1.539939
0.160 -1.539890
0.162 -1.539841
0.164 -1.539794
0.166 -1.539746
0.168 -1.539699
0.170 -1.539652
0.172 -1.539606
0.174 -1.539559
0.176 -1.539511
0.178 -1.539464
0.180 -1.539417
0.182 -1.539377
0.184 -1.539331
0.186 -1.539282
0.188 -1.539232
0.190 -1.539182
0.192 -1.539132
0.194 -1.539083
0.196 -1.539034
0.198 -1.538986
0.200 -1.538938
0.202 -1.538890
0.204 -1.538842
0.206 -1.538794
0.208 -1.538746
0.210 -1.538697
0.212 -1.538649
0.214 -1.538600
0.216 -1.538552
0.218 -1.538504
0.220 -1.538455
0.222 -1.538407
0.224 -1.538358
0.226 -1.538309
0.228 -1.538261
0.230 -1.538212
0.232 -1.538164
0.234 -1.538115
0.236 -1.538066
0.238 -1.538018
0.240 -1.537969
0.242 -1.537921
0.244 -1.537872
0.246 -1.537823
0.248 -1.537775
0.250 -1.537726
0.252 -1.537677
0.254 -1.537629
0.256 -1.537580
0.258 -1.537532
0.260 -1.537483
0.262 -1.537434
0.264 -1.537386
0.266 -1.537337
0.268 -1.537289
0.270 -1.537240
0.272 -1.537191
0.274 -1.537143
0.276 -1.537094
0.278 -1.537046
0.280 -1.536997
0.282 -1.536949
0.284 -1.536900
0.286 -1.536852
0.288 -1.536803
0.290 -1.536755
0.292 -1.536707
0.294 -1.536658
0.296 -1.536610
0.298 -1.536561
0.300 -1.536513
0.302 -1.536465
0.304 -1.536416
0.306 -1.536368
0.308 -1.536320
0.310 -1.536272
0.312 -1.536223
0.314 -1.536175
0.316 -1.536127
0.318 -1.536079
0.320 -1.536031
0.322 -1.535983
0.324 -1.535935
0.326 -1.535887
0.328 -1.535839
0.330 -1.535791
0.332 -1.535743
0.334 -1.535695
0.336 -1.535647
0.338 -1.535599
0.340 -1.535551
0.342 -1.535503
0.344 -1.535455
0.346 -1.535407
0.348 -1.535359
0.350 -1.535319
0.352 -1.535289
0.354 -1.535244
0.356 -1.535192
0.358 -1.535137
0.360 -1.535082
0.362 -1.535029
0.364 -1.534978
0.366 -1.534929
0.368 -1.534881
0.370 -1.534834
0.372 -1.534787
0.374 -1.534741
0.376 -1.534693
0.378 -1.534646
0.380 -1.534599
0.382 -1.534551
0.384 -1.534504
0.386 -1.534456
0.388 -1.534409
0.390 -1.534361
0.392 -1.534322
0.394 -1.534276
0.396 -1.534228
0.398 -1.534178
0.400 -1.534128
0.402 -1.534079
0.404 -1.534030
0.406 -1.533975
0.408 -1.533925
0.410 -1.533879
0.412 -1.533835
0.414 -1.533791
0.416 -1.533746
0.418 -1.533700
0.420 -1.533653
0.422 -1.533606
0.424 -1.533559
0.426 -1.533512
0.428 -1.533464
0.430 -1.533417
0.432 -1.533370
0.434 -1.533323
0.436 -1.533276
0.438 -1.533214
0.440 -1.533140
0.442 -1.533073
0.444 -1.533023
0.446 -1.532989
0.448 -1.532960
0.450 -1.532929
0.452 -1.532894
0.454 -1.532854
0.456 -1.532809
0.458 -1.532762
0.460 -1.532714
0.462 -1.532666
0.464 -1.532618
0.466 -1.532570
0.468 -1.532523
0.470 -1.532476
0.472 -1.532430
0.474 -1.532383
0.476 -1.532337
0.478 -1.532290
0.480 -1.532244
0.482 -1.532197
0.484 -1.532151
0.486 -1.532104
0.488 -1.532058
0.490 -1.532011
0.492 -1.531965
0.494 -1.531918
0.496 -1.531871
0.498 -1.531825
0.500 -1.531779
0.502 -1.531732
0.504 -1.531686
0.506 -1.531639
0.508 -1.531593
0.510 -1.531546
0.512 -1.531500
0.514 -1.531453
0.516 -1.531407
0.518 -1.531361
0.520 -1.531314
0.522 -1.531268
0.524 -1.531221
0.526 -1.531175
0.528 -1.531129
0.530 -1.531082
0.532 -1.531044
0.534 -1.530999
0.536 -1.530952
0.538 -1.530903
0.540 -1.530854
0.542 -1.530806
0.544 -1.530758
0.546 -1.530711
0.548 -1.530665
0.550 -1.530619
0.552 -1.530573
0.554 -1.530527
0.556 -1.530481
0.558 -1.530434
0.560 -1.530388
0.562 -1.530342
0.564 -1.530303
0.566 -1.530259
0.568 -1.530212
0.570 -1.530163
0.572 -1.530114
0.574 -1.530066
0.576 -1.530018
0.578 -1.529971
0.580 -1.529925
0.582 -1.529879
0.584 -1.529833
0.586 -1.529787
0.588 -1.529741
0.590 -1.529695
0.592 -1.529656
0.594 -1.529620
0.596 -1.529575
0.598 -1.529525
0.600 -1.529473
0.602 -1.529423
0.604 -1.529373
0.606 -1.529325
0.608 -1.529278
0.610 -1.529232
0.612 -1.529186
0.614 -1.529140
0.616 -1.529095
0.618 -1.529049
0.620 -1.529003
0.622 -1.528956
0.624 -1.528910
0.626 -1.528864
0.628 -1.528818
0.630 -1.528772
0.632 -1.528725
0.634 -1.528679
0.636 -1.528633
0.638 -1.528587
0.640 -1.528518
0.642 -1.528442
0.644 -1.528377
0.646 -1.528330
0.648 -1.528299
0.650 -1.528273
0.652 -1.528245
0.654 -1.528211
0.656 -1.528171
0.658 -1.528128
0.660 -1.528081
0.662 -1.528033
0.664 -1.527985
0.666 -1.527938
0.668 -1.527891
0.670 -1.527837
0.672 -1.527788
0.674 -1.527744
0.676 -1.527700
0.678 -1.527657
0.680 -1.527613
0.682 -1.527569
0.684 -1.527523
0.686 -1.527477
0.688 -1.527431
0.690 -1.527385
0.692 -1.527339
0.694 -1.527292
0.696 -1.527246
0.698 -1.527200
0.700 -1.527154
0.702 -1.527108
0.704 -1.527062
0.706 -1.527016
0.708 -1.526970
0.710 -1.526924
0.712 -1.526878
0.714 -1.526832
0.716 -1.526786
0.718 -1.526740
0.720 -1.526694
0.722 -1.526648
0.724 -1.526602
0.726 -1.526556
0.728 -1.526510
0.730 -1.526464
0.732 -1.526418
0.734 -1.526372
0.736 -1.526326
0.738 -1.526280
0.740 -1.526234
0.742 -1.526188
0.744 -1.526142
0.746 -1.526096
0.748 -1.526050
0.750 -1.526004
0.752 -1.525958
0.754 -1.525912
0.756 -1.525866
0.758 -1.525820
0.760 -1.525774
0.762 -1.525728
0.764 -1.525682
0.766 -1.525636
0.768 -1.525590
0.770 -1.525544
0.772 -1.525498
0.774 -1.525452
0.776 -1.525406
0.778 -1.525360
0.780 -1.525314
0.782 -1.525268
0.784 -1.525222
0.786 -1.525176
0.788 -1.525130
0.790 -1.525084
0.792 -1.525038
0.794 -1.524992
0.796 -1.524946
0.798 -1.524900
0.800 -1.524854
0.802 -1.524808
0.804 -1.524762
0.806 -1.524716
0.808 -1.524670
0.810 -1.524624
0.812 -1.524578
0.814 -1.524532
0.816 -1.524486
0.818 -1.524440
0.820 -1.524394
0.822 -1.524348
0.824 -1.524302
0.826 -1.524256
0.828 -1.524210
0.830 -1.524164
0.832 -1.524117
0.834 -1.524071
0.836 -1.524025
0.838 -1.523979
0.840 -1.523933
0.842 -1.523887
0.844 -1.523841
0.846 -1.523795
0.848 -1.523749
0.850 -1.523703
0.852 -1.523657
0.854 -1.523611
0.856 -1.523565
0.858 -1.523519
0.860 -1.523473
0.862 -1.523427
0.864 -1.523381
0.866 -1.523335
0.868 -1.523289
0.870 -1.523251
0.872 -1.523207
0.874 -1.523160
0.876 -1.523111
0.878 -1.523062
0.880 -1.523014
0.882 -1.522967
0.884 -1.522921
0.886 -1.522874
0.888 -1.522829
0.890 -1.522783
0.892 -1.522737
0.894 -1.522691
0.896 -1.522645
0.898 -1.522599
0.900 -1.522553
0.902 -1.522507
0.904 -1.522461
0.906 -1.522415
0.908 -1.522369
0.910 -1.522315
0.912 -1.522267
0.914 -1.522222
0.916 -1.522178
0.918 -1.522135
0.920 -1.522091
0.922 -1.522046
0.924 -1.522001
0.926 -1.521955
0.928 -1.521909
0.930 -1.521862
0.932 -1.521816
0.934 -1.521770
0.936 -1.521724
0.938 -1.521678
0.940 -1.521632
0.942 -1.521586
0.944 -1.521540
0.946 -1.521494
0.948 -1.521448
0.950 -1.521394
0.952 -1.521346
0.954 -1.521301
0.956 -1.521257
0.958 -1.521214
0.960 -1.521170
0.962 -1.521125
0.964 -1.521080
0.966 -1.521034
0.968 -1.520988
0.970 -1.520941
0.972 -1.520895
0.974 -1.520849
0.976 -1.520803
0.978 -1.520757
0.980 -1.520711
0.982 -1.520665
0.984 -1.520619
0.986 -1.520573
0.988 -1.520527
0.990 -1.520481
0.992 -1.520435
0.994 -1.520389
0.996 -1.520343
0.998 -1.520297
1.000 -1.520251
1.002 -1.520205
1.004 -1.520159
1.006 -1.520113
1.008 -1.520067
1.010 -1.520021
1.012 -1.519975
1.014 -1.519928
1.016 -1.519882
1.018 -1.519836
1.020 -1.519790
1.022 -1.519744
1.024 -1.519698
1.026 -1.519652
1.028 -1.519606
1.030 -1.519560
1.032 -1.519514
1.034 -1.519468
1.036 -1.519422
1.038 -1.519376
1.040 -1.519330
1.042 -1.519284
1.044 -1.519238
1.046 -1.519192
1.048 -1.519146
1.050 -1.519100
1.052 -1.519054
1.054 -1.519008
1.056 -1.518962
1.058 -1.518916
1.060 -1.518870
1.062 -1.518824
1.064 -1.518778
1.066 -1.518732
1.068 -1.518686
1.070 -1.518640
1.072 -1.518594
1.074 -1.518548
1.076 -1.518502
1.078 -1.518456
1.080 -1.518410
1.082 -1.518364
1.084 -1.518317
1.086 -1.518271
1.088 -1.518225
1.090 -1.518179
1.092 -1.518133
1.094 -1.518087
1.096 -1.518041
1.098 -1.517995
1.100 -1.517949
1.102 -1.517903
1.104 -1.517857
1.106 -1.517811
1.108 -1.517765
1.110 -1.517711
1.112 -1.517663
1.114 -1.517618
1.116 -1.517575
1.118 -1.517531
1.120 -1.517487
1.122 -1.517443
1.124 -1.517397
1.126 -1.517351
1.128 -1.517305
1.130 -1.517259
1.132 -1.517213
1.134 -1.517166
1.136 -1.517120
1.138 -1.517074
1.140 -1.517036
1.142 -1.516992
1.144 -1.516945
1.146 -1.516896
1.148 -1.516848
1.150 -1.516800
1.152 -1.516760
1.154 -1.516716
1.156 -1.516668
1.158 -1.516620
1.160 -1.516572
1.162 -1.516524
1.164 -1.516477
1.166 -1.516430
1.168 -1.516384
1.170 -1.516338
1.172 -1.516292
1.174 -1.516247
1.176 -1.516201
1.178 -1.516155
1.180 -1.516109
1.182 -1.516063
1.184 -1.516017
1.186 -1.515971
1.188 -1.515925
1.190 -1.515878
1.192 -1.515832
1.194 -1.515786
1.196 -1.515740
1.198 -1.515694
1.200 -1.515648
1.202 -1.515602
1.204 -1.515556
1.206 -1.515510
1.208 -1.515464
1.210 -1.515418
1.212 -1.515372
1.214 -1.515326
1.216 -1.515280
1.218 -1.515234
1.220 -1.515188
1.222 -1.515142
1.224 -1.515096
1.226 -1.515050
1.228 -1.515004
1.230 -1.514965
1.232 -1.514921
1.234 -1.514874
1.236 -1.514826
1.238 -1.514777
1.240 -1.514729
1.242 -1.514682
1.244 -1.514635
1.246 -1.514589
1.248 -1.514543
1.250 -1.514497
1.252 -1.514451
1.254 -1.514406
1.256 -1.514360
1.258 -1.514314
1.260 -1.514268
1.262 -1.514221
1.264 -1.514175
1.266 -1.514129
1.268 -1.514083
1.270 -1.514045
1.272 -1.514009
1.274 -1.513964
1.276 -1.513914
1.278 -1.513863
1.280 -1.513812
1.282 -1.513763
1.284 -1.513715
1.286 -1.513668
1.288 -1.513622
1.290 -1.513576
1.292 -1.513531
1.294 -1.513485
1.296 -1.513439
1.298 -1.513394
1.300 -1.513347
1.302 -1.513301
1.304 -1.513255
1.306 -1.513209
1.308 -1.513163
1.310 -1.513117
1.312 -1.513071
1.314 -1.513025
1.316 -1.512979
1.318 -1.512933
1.320 -1.512887
1.322 -1.512841
1.324 -1.512795
1.326 -1.512748
1.328 -1.512702
1.330 -1.512656
1.332 -1.512610
1.334 -1.512564
1.336 -1.512518
1.338 -1.512472
1.340 -1.512426
1.342 -1.512380
1.344 -1.512334
1.346 -1.512288
1.348 -1.512242
1.350 -1.512196
1.352 -1.512158
1.354 -1.512114
1.356 -1.512066
1.358 -1.512018
1.360 -1.511969
1.362 -1.511921
1.364 -1.511874
1.366 -1.511827
1.368 -1.511781
1.370 -1.511735
1.372 -1.511689
1.374 -1.511644
1.376 -1.511598
1.378 -1.511552
1.380 -1.511506
1.382 -1.511460
1.384 -1.511414
1.386 -1.511367
1.388 -1.511321
1.390 -1.511283
1.392 -1.511254
1.394 -1.511235
1.396 -1.511221
1.398 -1.511211
1.400 -1.511195
1.402 -1.511161
1.404 -1.511125
1.406 -1.511069
1.408 -1.511007
1.410 -1.510945
1.412 -1.510888
1.414 -1.510836
1.416 -1.510788
1.418 -1.510743
1.420 -1.510700
1.422 -1.510657
1.424 -1.510613
1.426 -1.510569
1.428 -1.510525
1.430 -1.510480
1.432 -1.510435
1.434 -1.510389
1.436 -1.510344
1.438 -1.510299
1.440 -1.510254
1.442 -1.510216
1.444 -1.510188
1.446 -1.510154
1.448 -1.510106
1.450 -1.510052
1.452 -1.509997
1.454 -1.509943
1.456 -1.509893
1.458 -1.509845
1.460 -1.509798
1.462 -1.509753
1.464 -1.509709
1.466 -1.509664
1.468 -1.509619
1.470 -1.509574
1.472 -1.509528
1.474 -1.509490
1.476 -1.509447
1.478 -1.509400
1.480 -1.509352
1.482 -1.509311
1.484 -1.509265
1.486 -1.509217
1.488 -1.509168
1.490 -1.509120
1.492 -1.509072
1.494 -1.509025
1.496 -1.508979
1.498 -1.508933
1.500 -1.508888
1.502 -1.508842
1.504 -1.508797
1.506 -1.508751
1.508 -1.508705
1.510 -1.508651
1.512 -1.508596
1.514 -1.508549
1.516 -1.508506
1.518 -1.508466
1.520 -1.508424
1.522 -1.508381
1.524 -1.508337
1.526 -1.508292
1.528 -1.508246
1.530 -1.508200
1.532 -1.508153
1.534 -1.508107
1.536 -1.508061
1.538 -1.508014
1.540 -1.507976
1.542 -1.507932
1.544 -1.507885
1.546 -1.507837
1.548 -1.507788
1.550 -1.507740
1.552 -1.507693
1.554 -1.507646
1.556 -1.507600
1.558 -1.507547
1.560 -1.507491
1.562 -1.507444
1.564 -1.507402
1.566 -1.507361
1.568 -1.507320
1.570 -1.507277
1.572 -1.507233
1.574 -1.507187
1.576 -1.507141
1.578 -1.507095
1.580 -1.507048
1.582 -1.507002
1.584 -1.506955
1.586 -1.506909
1.588 -1.506863
1.590 -1.506817
1.592 -1.506771
1.594 -1.506733
1.596 -1.506689
1.598 -1.506641
1.600 -1.506593
1.602 -1.506544
1.604 -1.506496
1.606 -1.506449
1.608 -1.506402
1.610 -1.506356
1.612 -1.506310
1.614 -1.506264
1.616 -1.506218
1.618 -1.506172
1.620 -1.506126
1.622 -1.506080
1.624 -1.506034
1.626 -1.505988
1.628 -1.505942
1.630 -1.505896
1.632 -1.505850
1.634 -1.505804
1.636 -1.505757
1.638 -1.505711
1.640 -1.505665
1.642 -1.505627
1.644 -1.505598
1.646 -1.505578
1.648 -1.505549
1.650 -1.505496
1.652 -1.505433
1.654 -1.505369
1.656 -1.505309
1.658 -1.505253
1.660 -1.505203
1.662 -1.505156
1.664 -1.505111
1.666 -1.505066
1.668 -1.505022
1.670 -1.504977
1.672 -1.504931
1.674 -1.504885
1.676 -1.504839
1.678 -1.504793
1.680 -1.504746
1.682 -1.504700
1.684 -1.504654
1.686 -1.504608
1.688 -1.504561
1.690 -1.504515
1.692 -1.504469
1.694 -1.504423
1.696 -1.504377
1.698 -1.504331
1.700 -1.504284
1.702 -1.504238
1.704 -1.504192
1.706 -1.504146
1.708 -1.504100
1.710 -1.504054
1.712 -1.504007
1.714 -1.503961
1.716 -1.503915
1.718 -1.503869
1.720 -1.503823
1.722 -1.503777
1.724 -1.503730
1.726 -1.503684
1.728 -1.503638
1.730 -1.503592
1.732 -1.503546
1.734 -1.503500
1.736 -1.503454
1.738 -1.503408
1.740 -1.503361
1.742 -1.503315
1.744 -1.503269
1.746 -1.503223
1.748 -1.503177
1.750 -1.503131
1.752 -1.503085
1.754 -1.503039
1.756 -1.502992
1.758 -1.502946
1.760 -1.502900
1.762 -1.502854
1.764 -1.502808
1.766 -1.502762
1.768 -1.502716
1.770 -1.502670
1.772 -1.502624
1.774 -1.502577
1.776 -1.502531
1.778 -1.502485
1.780 -1.502439
1.782 -1.502393
1.784 -1.502347
1.786 -1.502301
1.788 -1.502255
1.790 -1.502209
1.792 -1.502163
1.794 -1.502117
1.796 -1.502070
1.798 -1.502024
1.800 -1.501978
1.802 -1.501932
1.804 -1.501886
1.806 -1.501840
1.808 -1.501794
1.810 -1.501748
1.812 -1.501702
1.814 -1.501656
1.816 -1.501610
1.818 -1.501564
1.820 -1.501518
1.822 -1.501472
1.824 -1.501425
1.826 -1.501379
1.828 -1.501333
1.830 -1.501264
1.832 -1.501196
1.834 -1.501142
1.836 -1.501103
1.838 -1.501071
1.840 -1.501039
1.842 -1.501003
1.844 -1.500963
1.846 -1.500920
1.848 -1.500874
1.850 -1.500827
1.852 -1.500780
1.854 -1.500733
1.856 -1.500686
1.858 -1.500639
1.860 -1.500593
1.862 -1.500547
1.864 -1.500501
1.866 -1.500456
1.868 -1.500410
1.870 -1.500364
1.872 -1.500318
1.874 -1.500280
1.876 -1.500236
1.878 -1.500189
1.880 -1.500140
1.882 -1.500091
1.884 -1.500043
1.886 -1.499996
1.888 -1.499950
1.890 -1.499904
1.892 -1.499858
1.894 -1.499812
1.896 -1.499766
1.898 -1.499720
1.900 -1.499674
1.902 -1.499628
1.904 -1.499582
1.906 -1.499536
1.908 -1.499490
1.910 -1.499444
1.912 -1.499398
1.914 -1.499352
1.916 -1.499306
1.918 -1.499260
1.920 -1.499214
1.922 -1.499168
1.924 -1.499122
1.926 -1.499076
1.928 -1.499030
1.930 -1.498984
1.932 -1.498938
1.934 -1.498892
1.936 -1.498846
1.938 -1.498800
1.940 -1.498754
1.942 -1.498708
1.944 -1.498662
1.946 -1.498616
1.948 -1.498570
1.950 -1.498524
1.952 -1.498485
1.954 -1.498457
1.956 -1.498414
1.958 -1.498363
1.960 -1.498310
1.962 -1.498256
1.964 -1.498205
1.966 -1.498156
1.968 -1.498109
1.970 -1.498062
1.972 -1.498017
1.974 -1.497972
1.976 -1.497926
1.978 -1.497881
1.980 -1.497835
1.982 -1.497789
1.984 -1.497743
1.986 -1.497697
1.988 -1.497650
1.990 -1.497604
1.992 -1.497558
1.994 -1.497512
1.996 -1.497466
1.998 -1.497420
2.000 -1.497374
2.002 -1.497336
2.004 -1.497292
2.006 -1.497245
2.008 -1.497196
2.010 -1.497147
2.012 -1.497099
2.014 -1.497052
2.016 -1.497005
2.018 -1.496959
2.020 -1.496913
2.022 -1.496867
2.024 -1.496822
2.026 -1.496776
2.028 -1.496730
2.030 -1.496684
2.032 -1.496638
2.034 -1.496592
2.036 -1.496546
2.038 -1.496499
2.040 -1.496453
2.042 -1.496407
2.044 -1.496361
2.046 -1.496315
2.048 -1.496269
2.050 -1.496223
2.052 -1.496177
2.054 -1.496131
2.056 -1.496085
2.058 -1.496039
2.060 -1.495993
2.062 -1.495947
2.064 -1.495901
2.066 -1.495855
2.068 -1.495809
2.070 -1.495755
2.072 -1.495707
2.074 -1.495662
2.076 -1.495618
2.078 -1.495575
2.080 -1.495531
2.082 -1.495486
2.084 -1.495440
2.086 -1.495395
2.088 -1.495348
2.090 -1.495302
2.092 -1.495256
2.094 -1.495210
2.096 -1.495163
2.098 -1.495117
2.100 -1.495071
2.102 -1.495025
2.104 -1.494979
2.106 -1.494933
2.108 -1.494887
2.110 -1.494841
2.112 -1.494795
2.114 -1.494749
2.116 -1.494703
2.118 -1.494657
2.120 -1.494611
2.122 -1.494565
2.124 -1.494511
2.126 -1.494463
2.128 -1.494418
2.130 -1.494375
2.132 -1.494331
2.134 -1.494287
2.136 -1.494250
2.138 -1.494207
2.140 -1.494160
2.142 -1.494111
2.144 -1.494062
2.146 -1.494014
2.148 -1.493967
2.150 -1.493920
2.152 -1.493874
2.154 -1.493828
2.156 -1.493782
2.158 -1.493736
2.160 -1.493691
2.162 -1.493645
2.164 -1.493599
2.166 -1.493553
2.168 -1.493514
2.170 -1.493470
2.172 -1.493423
2.174 -1.493375
2.176 -1.493326
2.178 -1.493278
2.180 -1.493231
2.182 -1.493184
2.184 -1.493138
2.186 -1.493092
2.188 -1.493046
2.190 -1.493000
2.192 -1.492954
2.194 -1.492909
2.196 -1.492863
2.198 -1.492816
2.200 -1.492770
2.202 -1.492724
2.204 -1.492678
2.206 -1.492632
2.208 -1.492586
2.210 -1.492540
2.212 -1.492494
2.214 -1.492448
2.216 -1.492402
2.218 -1.492356
2.220 -1.492310
2.222 -1.492264
2.224 -1.492218
2.226 -1.492172
2.228 -1.492126
2.230 -1.492080
2.232 -1.492034
2.234 -1.491988
2.236 -1.491942
2.238 -1.491896
2.240 -1.491850
2.242 -1.491804
2.244 -1.491758
2.246 -1.491711
2.248 -1.491665
2.250 -1.491619
2.252 -1.491573
2.254 -1.491527
2.256 -1.491481
2.258 -1.491435
2.260 -1.491389
2.262 -1.491343
2.264 -1.491297
2.266 -1.491251
2.268 -1.491205
2.270 -1.491159
2.272 -1.491113
2.274 -1.491067
2.276 -1.491021
2.278 -1.490975
2.280 -1.490929
2.282 -1.490883
2.284 -1.490837
2.286 -1.490791
2.288 -1.490745
2.290 -1.490699
2.292 -1.490653
2.294 -1.490607
2.296 -1.490560
2.298 -1.490514
2.300 -1.490468
2.302 -1.490422
2.304 -1.490376
2.306 -1.490330
2.308 -1.490284
2.310 -1.490238
2.312 -1.490192
2.314 -1.490154
2.316 -1.490110
2.318 -1.490063
2.320 -1.490014
2.322 -1.489966
2.324 -1.489917
2.326 -1.489870
2.328 -1.489824
2.330 -1.489777
2.332 -1.489732
2.334 -1.489686
2.336 -1.489640
2.338 -1.489594
2.340 -1.489548
2.342 -1.489502
2.344 -1.489456
2.346 -1.489410
2.348 -1.489364
2.350 -1.489318
2.352 -1.489272
2.354 -1.489226
2.356 -1.489180
2.358 -1.489134
2.360 -1.489088
2.362 -1.489042
2.364 -1.488996
2.366 -1.488949
2.368 -1.488903
2.370 -1.488857
2.372 -1.488811
2.374 -1.488765
2.376 -1.488719
2.378 -1.488673
2.380 -1.488627
2.382 -1.488581
2.384 -1.488535
2.386 -1.488489
2.388 -1.488443
2.390 -1.488405
2.392 -1.488361
2.394 -1.488314
2.396 -1.488265
2.398 -1.488216
2.400 -1.488168
2.402 -1.488121
2.404 -1.488074
2.406 -1.488028
2.408 -1.487982
2.410 -1.487937
2.412 -1.487891
2.414 -1.487845
2.416 -1.487799
2.418 -1.487753
2.420 -1.487707
2.422 -1.487661
2.424 -1.487615
2.426 -1.487569
2.428 -1.487523
2.430 -1.487477
2.432 -1.487431
2.434 -1.487385
2.436 -1.487338
2.438 -1.487292
2.440 -1.487246
2.442 -1.487200
2.444 -1.487154
2.446 -1.487108
2.448 -1.487062
2.450 -1.487016
2.452 -1.486970
2.454 -1.486924
2.456 -1.486878
2.458 -1.486832
2.460 -1.486786
2.462 -1.486740
2.464 -1.486694
2.466 -1.486648
2.468 -1.486602
2.470 -1.486556
2.472 -1.486510
2.474 -1.486464
2.476 -1.486418
2.478 -1.486372
2.480 -1.486326
2.482 -1.486280
2.484 -1.486234
2.486 -1.486188
2.488 -1.486142
2.490 -1.486095
2.492 -1.486049
2.494 -1.486003
2.496 -1.485957
2.498 -1.485911
2.500 -1.485865
2.502 -1.485819
2.504 -1.485773
2.506 -1.485727
2.508 -1.485681
2.510 -1.485643
2.512 -1.485599
2.514 -1.485552
2.516 -1.485503
2.518 -1.485455
2.520 -1.485406
2.522 -1.485359
2.524 -1.485313
2.526 -1.485266
2.528 -1.485221
2.530 -1.485175
2.532 -1.485129
2.534 -1.485083
2.536 -1.485037
2.538 -1.484991
2.540 -1.484945
2.542 -1.484899
2.544 -1.484853
2.546 -1.484807
2.548 -1.484761
2.550 -1.484715
2.552 -1.484669
2.554 -1.484623
2.556 -1.484577
2.558 -1.484531
2.560 -1.484484
2.562 -1.484438
2.564 -1.484392
2.566 -1.484346
2.568 -1.484300
2.570 -1.484254
2.572 -1.484208
2.574 -1.484162
2.576 -1.484116
2.578 -1.484070
2.580 -1.484024
2.582 -1.483978
2.584 -1.483932
2.586 -1.483886
2.588 -1.483840
2.590 -1.483802
2.592 -1.483773
2.594 -1.483753
2.596 -1.483732
2.598 -1.483704
2.600 -1.483677
2.602 -1.483631
2.604 -1.483560
2.606 -1.483491
2.608 -1.483420
2.610 -1.483354
2.612 -1.483295
2.614 -1.483243
2.616 -1.483196
2.618 -1.483151
2.620 -1.483107
2.622 -1.483063
2.624 -1.483026
2.626 -1.482983
2.628 -1.482936
2.630 -1.482887
2.632 -1.482838
2.634 -1.482790
2.636 -1.482742
2.638 -1.482695
2.640 -1.482649
2.642 -1.482603
2.644 -1.482557
2.646 -1.482511
2.648 -1.482472
2.650 -1.482428
2.652 -1.482381
2.654 -1.482332
2.656 -1.482283
2.658 -1.482235
2.660 -1.482188
2.662 -1.482141
2.664 -1.482094
2.666 -1.482048
2.668 -1.482002
2.670 -1.481964
2.672 -1.481936
2.674 -1.481900
2.676 -1.481852
2.678 -1.481805
2.680 -1.481758
2.682 -1.481713
2.684 -1.481660
2.686 -1.481605
2.688 -1.481551
2.690 -1.481500
2.692 -1.481450
2.694 -1.481403
2.696 -1.481357
2.698 -1.481312
2.700 -1.481266
2.702 -1.481221
2.704 -1.481175
2.706 -1.481129
2.708 -1.481083
2.710 -1.481036
2.712 -1.480990
2.714 -1.480944
2.716 -1.480898
2.718 -1.480851
2.720 -1.480805
2.722 -1.480759
2.724 -1.480713
2.726 -1.480667
2.728 -1.480621
2.730 -1.480574
2.732 -1.480528
2.734 -1.480482
2.736 -1.480436
2.738 -1.480390
2.740 -1.480344
2.742 -1.480298
2.744 -1.480251
2.746 -1.480205
2.748 -1.480159
2.750 -1.480113
2.752 -1.480067
2.754 -1.480021
2.756 -1.479975
2.758 -1.479928
2.760 -1.479882
2.762 -1.479836
2.764 -1.479790
2.766 -1.479744
2.768 -1.479698
2.770 -1.479652
2.772 -1.479606
2.774 -1.479560
2.776 -1.479514
2.778 -1.479468
2.780 -1.479421
2.782 -1.479375
2.784 -1.479329
2.786 -1.479283
2.788 -1.479237
2.790 -1.479191
2.792 -1.479145
2.794 -1.479099
2.796 -1.479053
2.798 -1.479007
2.800 -1.478961
2.802 -1.478914
2.804 -1.478868
2.806 -1.478822
2.808 -1.478776
2.810 -1.478730
2.812 -1.478684
2.814 -1.478638
2.816 -1.478592
2.818 -1.478546
2.820 -1.478500
2.822 -1.478454
2.824 -1.478408
2.826 -1.478362
2.828 -1.478316
2.830 -1.478270
2.832 -1.478224
2.834 -1.478178
2.836 -1.478132
2.838 -1.478085
2.840 -1.478039
2.842 -1.477993
2.844 -1.477947
2.846 -1.477901
2.848 -1.477855
2.850 -1.477809
2.852 -1.477763
2.854 -1.477717
2.856 -1.477671
2.858 -1.477625
2.860 -1.477579
2.862 -1.477533
2.864 -1.477487
2.866 -1.477441
2.868 -1.477395
2.870 -1.477341
2.872 -1.477293
2.874 -1.477248
2.876 -1.477204
2.878 -1.477161
2.880 -1.477117
2.882 -1.477072
2.884 -1.477027
2.886 -1.476981
2.888 -1.476935
2.890 -1.476888
2.892 -1.476842
2.894 -1.476796
2.896 -1.476750
2.898 -1.476704
2.900 -1.476658
2.902 -1.476612
2.904 -1.476566
2.906 -1.476520
2.908 -1.476474
2.910 -1.476428
2.912 -1.476382
2.914 -1.476336
2.916 -1.476290
2.918 -1.476244
2.920 -1.476198
2.922 -1.476152
2.924 -1.476106
2.926 -1.476060
2.928 -1.476014
2.930 -1.475967
2.932 -1.475929
2.934 -1.475885
2.936 -1.475838
2.938 -1.475790
2.940 -1.475741
2.942 -1.475693
2.944 -1.475646
2.946 -1.475599
2.948 -1.475553
2.950 -1.475507
2.952 -1.475461
2.954 -1.475415
2.956 -1.475370
2.958 -1.475308
2.960 -1.475250
2.962 -1.475204
2.964 -1.475164
2.966 -1.475126
2.968 -1.475087
2.970 -1.475045
2.972 -1.475002
2.974 -1.474956
2.976 -1.474910
2.978 -1.474863
2.980 -1.474817
2.982 -1.474770
2.984 -1.474724
2.986 -1.474678
2.988 -1.474632
2.990 -1.474586
2.992 -1.474540
2.994 -1.474501
2.996 -1.474458
2.998 -1.474411
3.000 -1.474362
3.002 -1.474314
3.004 -1.474265
3.006 -1.474218
3.008 -1.474172
3.010 -1.474125
3.012 -1.474080
3.014 -1.474034
3.016 -1.473988
3.018 -1.473942
3.020 -1.473896
3.022 -1.473850
3.024 -1.473804
3.026 -1.473758
3.028 -1.473712
3.030 -1.473666
3.032 -1.473620
3.034 -1.473574
3.036 -1.473528
3.038 -1.473482
3.040 -1.473436
3.042 -1.473398
3.044 -1.473369
3.046 -1.473349
3.048 -1.473305
3.050 -1.473248
3.052 -1.473187
3.054 -1.473128
3.056 -1.473073
3.058 -1.473022
3.060 -1.472974
3.062 -1.472928
3.064 -1.472883
3.066 -1.472839
3.068 -1.472794
3.070 -1.472748
3.072 -1.472703
3.074 -1.472657
3.076 -1.472610
3.078 -1.472564
3.080 -1.472518
3.082 -1.472472
3.084 -1.472426
3.086 -1.472380
3.088 -1.472333
3.090 -1.472287
3.092 -1.472241
3.094 -1.472195
3.096 -1.472149
3.098 -1.472103
3.100 -1.472057
3.102 -1.472011
3.104 -1.471965
3.106 -1.471919
3.108 -1.471873
3.110 -1.471827
3.112 -1.471780
3.114 -1.471734
3.116 -1.471688
3.118 -1.471642
3.120 -1.471596
3.122 -1.471550
3.124 -1.471504
3.126 -1.471458
3.128 -1.471412
3.130 -1.471366
3.132 -1.471320
3.134 -1.471274
3.136 -1.471228
3.138 -1.471182
3.140 -1.471136
3.142 -1.471090
3.144 -1.471044
3.146 -1.470997
3.148 -1.470951
3.150 -1.470905
3.152 -1.470859
3.154 -1.470813
3.156 -1.470767
3.158 -1.470721
3.160 -1.470675
3.162 -1.470629
3.164 -1.470583
3.166 -1.470537
3.168 -1.470491
3.170 -1.470445
3.172 -1.470399
3.174 -1.470353
3.176 -1.470307
3.178 -1.470261
3.180 -1.470215
3.182 -1.470169
3.184 -1.470122
3.186 -1.470076
3.188 -1.470030
3.190 -1.469984
3.192 -1.469938
3.194 -1.469892
3.196 -1.469846
3.198 -1.469800
3.200 -1.469754
3.202 -1.469708
3.204 -1.469662
3.206 -1.469616
3.208 -1.469570
3.210 -1.469524
3.212 -1.469478
3.214 -1.469432
3.216 -1.469386
3.218 -1.469340
3.220 -1.469294
3.222 -1.469240
3.224 -1.469192
3.226 -1.469147
3.228 -1.469103
3.230 -1.469052
3.232 -1.469006
3.234 -1.468962
3.236 -1.468919
3.238 -1.468876
3.240 -1.468832
3.242 -1.468787
3.244 -1.468741
3.246 -1.468695
3.248 -1.468649
3.250 -1.468603
3.252 -1.468556
3.254 -1.468510
3.256 -1.468464
3.258 -1.468418
3.260 -1.468372
3.262 -1.468326
3.264 -1.468280
3.266 -1.468234
3.268 -1.468188
3.270 -1.468150
3.272 -1.468106
3.274 -1.468059
3.276 -1.468010
3.278 -1.467962
3.280 -1.467914
3.282 -1.467866
3.284 -1.467820
3.286 -1.467774
3.288 -1.467728
3.290 -1.467682
3.292 -1.467636
3.294 -1.467590
3.296 -1.467544
3.298 -1.467498
3.300 -1.467452
3.302 -1.467406
3.304 -1.467360
3.306 -1.467314
3.308 -1.467268
3.310 -1.467230
3.312 -1.467186
3.314 -1.467139
3.316 -1.467090
3.318 -1.467042
3.320 -1.466994
3.322 -1.466946
3.324 -1.466900
3.326 -1.466853
3.328 -1.466808
3.330 -1.466762
3.332 -1.466716
3.334 -1.466670
3.336 -1.466624
3.338 -1.466578
3.340 -1.466532
3.342 -1.466494
3.344 -1.466450
3.346 -1.466403
3.348 -1.466354
3.350 -1.466313
3.352 -1.466267
3.354 -1.466219
3.356 -1.466170
3.358 -1.466121
3.360 -1.466073
3.362 -1.466026
3.364 -1.465980
3.366 -1.465934
3.368 -1.465888
3.370 -1.465842
3.372 -1.465796
3.374 -1.465750
3.376 -1.465704
3.378 -1.465658
3.380 -1.465612
3.382 -1.465566
3.384 -1.465520
3.386 -1.465474
3.388 -1.465428
3.390 -1.465382
3.392 -1.465336
3.394 -1.465290
3.396 -1.465244
3.398 -1.465197
3.400 -1.465151
3.402 -1.465113
3.404 -1.465069
3.406 -1.465022
3.408 -1.464973
3.410 -1.464925
3.412 -1.464877
3.414 -1.464837
3.416 -1.464800
3.418 -1.464755
3.420 -1.464706
3.422 -1.464655
3.424 -1.464604
3.426 -1.464555
3.428 -1.464507
3.430 -1.464460
3.432 -1.464414
3.434 -1.464369
3.436 -1.464323
3.438 -1.464277
3.440 -1.464232
3.442 -1.464186
3.444 -1.464140
3.446 -1.464094
3.448 -1.464055
3.450 -1.464011
3.452 -1.463972
3.454 -1.463925
3.456 -1.463875
3.458 -1.463825
3.460 -1.463775
3.462 -1.463726
3.464 -1.463679
3.466 -1.463632
3.468 -1.463586
3.470 -1.463541
3.472 -1.463495
3.474 -1.463449
3.476 -1.463403
3.478 -1.463357
3.480 -1.463311
3.482 -1.463265
3.484 -1.463219
3.486 -1.463173
3.488 -1.463127
3.490 -1.463081
3.492 -1.463034
3.494 -1.462988
3.496 -1.462942
3.498 -1.462896
3.500 -1.462850
3.502 -1.462804
3.504 -1.462758
3.506 -1.462712
3.508 -1.462666
3.510 -1.462620
3.512 -1.462574
3.514 -1.462528
3.516 -1.462482
3.518 -1.462436
3.520 -1.462389
3.522 -1.462343
3.524 -1.462297
3.526 -1.462251
3.528 -1.462205
3.530 -1.462159
3.532 -1.462113
3.534 -1.462067
3.536 -1.462021
3.538 -1.461975
3.540 -1.461929
3.542 -1.461883
3.544 -1.461837
3.546 -1.461791
3.548 -1.461745
3.550 -1.461699
3.552 -1.461660
3.554 -1.461616
3.556 -1.461569
3.558 -1.461521
3.560 -1.461472
3.562 -1.461424
3.564 -1.461377
3.566 -1.461330
3.568 -1.461284
3.570 -1.461238
3.572 -1.461192
3.574 -1.461146
3.576 -1.461100
3.578 -1.461055
3.580 -1.461008
3.582 -1.460962
3.584 -1.460916
3.586 -1.460870
3.588 -1.460824
3.590 -1.460778
3.592 -1.460732
3.594 -1.460686
3.596 -1.460640
3.598 -1.460594
3.600 -1.460548
3.602 -1.460502
3.604 -1.460456
3.606 -1.460410
3.608 -1.460364
3.610 -1.460318
3.612 -1.460272
3.614 -1.460226
3.616 -1.460180
3.618 -1.460134
3.620 -1.460088
3.622 -1.460041
3.624 -1.459995
3.626 -1.459949
3.628 -1.459903
3.630 -1.459857
3.632 -1.459811
3.634 -1.459765
3.636 -1.459719
3.638 -1.459673
3.640 -1.459635
3.642 -1.459591
3.644 -1.459551
3.646 -1.459505
3.648 -1.459455
3.650 -1.459405
3.652 -1.459355
3.654 -1.459306
3.656 -1.459259
3.658 -1.459212
3.660 -1.459166
3.662 -1.459121
3.664 -1.459075
3.666 -1.459029
3.668 -1.458983
3.670 -1.458937
3.672 -1.458891
3.674 -1.458845
3.676 -1.458799
3.678 -1.458753
3.680 -1.458707
3.682 -1.458661
3.684 -1.458615
3.686 -1.458569
3.688 -1.458523
3.690 -1.458477
3.692 -1.458431
3.694 -1.458384
3.696 -1.458338
3.698 -1.458292
3.700 -1.458246
3.702 -1.458200
3.704 -1.458154
3.706 -1.458108
3.708 -1.458062
3.710 -1.458016
3.712 -1.457970
3.714 -1.457924
3.716 -1.457878
3.718 -1.457832
3.720 -1.457786
3.722 -1.457740
3.724 -1.457694
3.726 -1.457648
3.728 -1.457602
3.730 -1.457556
3.732 -1.457510
3.734 -1.457463
3.736 -1.457417
3.738 -1.457371
3.740 -1.457325
3.742 -1.457279
3.744 -1.457233
3.746 -1.457187
3.748 -1.457141
3.750 -1.457088
3.752 -1.457039
3.754 -1.456994
3.756 -1.456951
3.758 -1.456907
3.760 -1.456863
3.762 -1.456819
3.764 -1.456773
3.766 -1.456735
3.768 -1.456691
3.770 -1.456644
3.772 -1.456595
3.774 -1.456546
3.776 -1.456498
3.778 -1.456450
3.780 -1.456404
3.782 -1.456358
3.784 -1.456312
3.786 -1.456266
3.788 -1.456220
3.790 -1.456175
3.792 -1.456129
3.794 -1.456083
3.796 -1.456044
3.798 -1.456000
3.800 -1.455953
3.802 -1.455905
3.804 -1.455856
3.806 -1.455808
3.808 -1.455761
3.810 -1.455714
3.812 -1.455668
3.814 -1.455622
3.816 -1.455576
3.818 -1.455530
3.820 -1.455484
3.822 -1.455438
3.824 -1.455392
3.826 -1.455346
3.828 -1.455300
3.830 -1.455247
3.832 -1.455198
3.834 -1.455153
3.836 -1.455110
3.838 -1.455067
3.840 -1.455022
3.842 -1.454978
3.844 -1.454932
3.846 -1.454886
3.848 -1.454840
3.850 -1.454794
3.852 -1.454748
3.854 -1.454701
3.856 -1.454655
3.858 -1.454609
3.860 -1.454563
3.862 -1.454517
3.864 -1.454479
3.866 -1.454435
3.868 -1.454388
3.870 -1.454339
3.872 -1.454291
3.874 -1.454243
3.876 -1.454195
3.878 -1.454149
3.880 -1.454103
3.882 -1.454057
3.884 -1.454011
3.886 -1.453965
3.888 -1.453919
3.890 -1.453873
3.892 -1.453827
3.894 -1.453781
3.896 -1.453735
3.898 -1.453689
3.900 -1.453643
3.902 -1.453597
3.904 -1.453551
3.906 -1.453505
3.908 -1.453459
3.910 -1.453413
3.912 -1.453367
3.914 -1.453321
3.916 -1.453275
3.918 -1.453229
3.920 -1.453183
3.922 -1.453137
3.924 -1.453090
3.926 -1.453044
3.928 -1.453006
3.930 -1.452962
3.932 -1.452915
3.934 -1.452867
3.936 -1.452818
3.938 -1.452770
3.940 -1.452723
3.942 -1.452676
3.944 -1.452630
3.946 -1.452584
3.948 -1.452538
3.950 -1.452492
3.952 -1.452446
3.954 -1.452400
3.956 -1.452354
3.958 -1.452316
3.960 -1.452272
3.962 -1.452225
3.964 -1.452176
3.966 -1.452128
3.968 -1.452080
3.970 -1.452032
3.972 -1.451986
3.974 -1.451940
3.976 -1.451894
3.978 -1.451848
3.980 -1.451802
3.982 -1.451756
3.984 -1.451710
3.986 -1.451664
3.988 -1.451618
3.990 -1.451580
3.992 -1.451551
3.994 -1.451531
3.996 -1.451502
3.998 -1.451450
4.000 -1.451386
4.002 -1.451322
4.004 -1.451262
4.006 -1.451207
4.008 -1.451156
4.010 -1.451109
4.012 -1.451064
4.014 -1.451020
4.016 -1.450975
4.018 -1.450930
4.020 -1.450885
4.022 -1.450839
4.024 -1.450793
4.026 -1.450747
4.028 -1.450700
4.030 -1.450654
4.032 -1.450608
4.034 -1.450562
4.036 -1.450515
4.038 -1.450469
4.040 -1.450423
4.042 -1.450377
4.044 -1.450331
4.046 -1.450285
4.048 -1.450239
4.050 -1.450193
4.052 -1.450147
4.054 -1.450100
4.056 -1.450054
4.058 -1.450008
4.060 -1.449962
4.062 -1.449916
4.064 -1.449870
4.066 -1.449824
4.068 -1.449778
4.070 -1.449732
4.072 -1.449686
4.074 -1.449640
4.076 -1.449593
4.078 -1.449547
4.080 -1.449501
4.082 -1.449455
4.084 -1.449409
4.086 -1.449363
4.088 -1.449317
4.090 -1.449271
4.092 -1.449225
4.094 -1.449179
4.096 -1.449133
4.098 -1.449087
4.100 -1.449040
4.102 -1.448994
4.104 -1.448948
4.106 -1.448902
4.108 -1.448856
4.110 -1.448810
4.112 -1.448764
4.114 -1.448718
4.116 -1.448672
4.118 -1.448626
4.120 -1.448580
4.122 -1.448534
4.124 -1.448488
4.126 -1.448442
4.128 -1.448396
4.130 -1.448350
4.132 -1.448303
4.134 -1.448257
4.136 -1.448211
4.138 -1.448165
4.140 -1.448119
4.142 -1.448073
4.144 -1.448027
4.146 -1.447981
4.148 -1.447935
4.150 -1.447889
4.152 -1.447843
4.154 -1.447797
4.156 -1.447751
4.158 -1.447705
4.160 -1.447659
4.162 -1.447613
4.164 -1.447567
4.166 -1.447521
4.168 -1.447475
4.170 -1.447429
4.172 -1.447383
4.174 -1.447337
4.176 -1.447290
4.178 -1.447244
4.180 -1.447198
4.182 -1.447152
4.184 -1.447106
4.186 -1.447060
4.188 -1.447014
4.190 -1.446968
4.192 -1.446922
4.194 -1.446876
4.196 -1.446830
4.198 -1.446784
4.200 -1.446738
4.202 -1.446692
4.204 -1.446646
4.206 -1.446600
4.208 -1.446554
4.210 -1.446508
4.212 -1.446462
4.214 -1.446416
4.216 -1.446370
4.218 -1.446324
4.220 -1.446277
4.222 -1.446231
4.224 -1.446185
4.226 -1.446139
4.228 -1.446093
4.230 -1.446047
4.232 -1.446001
4.234 -1.445955
4.236 -1.445909
4.238 -1.445863
4.240 -1.445817
4.242 -1.445771
4.244 -1.445725
4.246 -1.445679
4.248 -1.445633
4.250 -1.445587
4.252 -1.445541
4.254 -1.445495
4.256 -1.445449
4.258 -1.445403
4.260 -1.445357
4.262 -1.445311
4.264 -1.445265
4.266 -1.445219
4.268 -1.445173
4.270 -1.445127
4.272 -1.445081
4.274 -1.445035
4.276 -1.444989
4.278 -1.444950
4.280 -1.444906
4.282 -1.444859
4.284 -1.444811
4.286 -1.444762
4.288 -1.444714
4.290 -1.444667
4.292 -1.444620
4.294 -1.444574
4.296 -1.444528
4.298 -1.444482
4.300 -1.444436
4.302 -1.444391
4.304 -1.444345
4.306 -1.444299
4.308 -1.444253
4.310 -1.444207
4.312 -1.444160
4.314 -1.444114
4.316 -1.444068
4.318 -1.444022
4.320 -1.443976
4.322 -1.443930
4.324 -1.443884
4.326 -1.443838
4.328 -1.443792
4.330 -1.443746
4.332 -1.443700
4.334 -1.443654
4.336 -1.443608
4.338 -1.443562
4.340 -1.443516
4.342 -1.443470
4.344 -1.443424
4.346 -1.443378
4.348 -1.443332
4.350 -1.443286
4.352 -1.443247
4.354 -1.443219
4.356 -1.443176
4.358 -1.443125
4.360 -1.443072
4.362 -1.443018
4.364 -1.442967
4.366 -1.442918
4.368 -1.442870
4.370 -1.442824
4.372 -1.442779
4.374 -1.442734
4.376 -1.442688
4.378 -1.442643
4.380 -1.442597
4.382 -1.442551
4.384 -1.442505
4.386 -1.442458
4.388 -1.442412
4.390 -1.442366
4.392 -1.442320
4.394 -1.442274
4.396 -1.442228
4.398 -1.442182
4.400 -1.442136
4.402 -1.442090
4.404 -1.442044
4.406 -1.441998
4.408 -1.441952
4.410 -1.441905
4.412 -1.441859
4.414 -1.441813
4.416 -1.441767
4.418 -1.441721
4.420 -1.441675
4.422 -1.441629
4.424 -1.441583
4.426 -1.441537
4.428 -1.441491
4.430 -1.441445
4.432 -1.441399
4.434 -1.441353
4.436 -1.441307
4.438 -1.441261
4.440 -1.441215
4.442 -1.441169
4.444 -1.441123
4.446 -1.441077
4.448 -1.441030
4.450 -1.440984
4.452 -1.440946
4.454 -1.440902
4.456 -1.440855
4.458 -1.440806
4.460 -1.440758
4.462 -1.440710
4.464 -1.440662
4.466 -1.440616
4.468 -1.440570
4.470 -1.440531
4.472 -1.440503
4.474 -1.440483
4.476 -1.440439
4.478 -1.440382
4.480 -1.440329
4.482 -1.440280
4.484 -1.440226
4.486 -1.440171
4.488 -1.440118
4.490 -1.440067
4.492 -1.440019
4.494 -1.439973
4.496 -1.439927
4.498 -1.439882
4.500 -1.439836
4.502 -1.439791
4.504 -1.439745
4.506 -1.439699
4.508 -1.439653
4.510 -1.439607
4.512 -1.439560
4.514 -1.439514
4.516 -1.439468
4.518 -1.439422
4.520 -1.439376
4.522 -1.439329
4.524 -1.439283
4.526 -1.439237
4.528 -1.439191
4.530 -1.439145
4.532 -1.439099
4.534 -1.439045
4.536 -1.438997
4.538 -1.438952
4.540 -1.438908
4.542 -1.438865
4.544 -1.438821
4.546 -1.438776
4.548 -1.438730
4.550 -1.438684
4.552 -1.438638
4.554 -1.438592
4.556 -1.438545
4.558 -1.438499
4.560 -1.438453
4.562 -1.438407
4.564 -1.438361
4.566 -1.438315
4.568 -1.438269
4.570 -1.438223
4.572 -1.438177
4.574 -1.438131
4.576 -1.438085
4.578 -1.438038
4.580 -1.437992
4.582 -1.437931
4.584 -1.437873
4.586 -1.437827
4.588 -1.437787
4.590 -1.437733
4.592 -1.437667
4.594 -1.437606
4.596 -1.437558
4.598 -1.437526
4.600 -1.437498
4.602 -1.437467
4.604 -1.437432
4.606 -1.437392
4.608 -1.437348
4.610 -1.437302
4.612 -1.437254
4.614 -1.437207
4.616 -1.437160
4.618 -1.437113
4.620 -1.437066
4.622 -1.437020
4.624 -1.436974
4.626 -1.436929
4.628 -1.436883
4.630 -1.436837
4.632 -1.436799
4.634 -1.436771
4.636 -1.436728
4.638 -1.436677
4.640 -1.436624
4.642 -1.436571
4.644 -1.436519
4.646 -1.436470
4.648 -1.436423
4.650 -1.436377
4.652 -1.436332
4.654 -1.436286
4.656 -1.436241
4.658 -1.436195
4.660 -1.436150
4.662 -1.436104
4.664 -1.436058
4.666 -1.436012
4.668 -1.435966
4.670 -1.435920
4.672 -1.435874
4.674 -1.435835
4.676 -1.435791
4.678 -1.435744
4.680 -1.435703
4.682 -1.435657
4.684 -1.435608
4.686 -1.435558
4.688 -1.435509
4.690 -1.435461
4.692 -1.435414
4.694 -1.435367
4.696 -1.435321
4.698 -1.435276
4.700 -1.435230
4.702 -1.435184
4.704 -1.435138
4.706 -1.435092
4.708 -1.435046
4.710 -1.435000
4.712 -1.434954
4.714 -1.434908
4.716 -1.434862
4.718 -1.434816
4.720 -1.434770
4.722 -1.434724
4.724 -1.434678
4.726 -1.434632
4.728 -1.434586
4.730 -1.434540
4.732 -1.434494
4.734 -1.434448
4.736 -1.434402
4.738 -1.434356
4.740 -1.434310
4.742 -1.434264
4.744 -1.434218
4.746 -1.434172
4.748 -1.434126
4.750 -1.434079
4.752 -1.434033
4.754 -1.433987
4.756 -1.433941
4.758 -1.433895
4.760 -1.433849
4.762 -1.433803
4.764 -1.433757
4.766 -1.433711
4.768 -1.433665
4.770 -1.433619
4.772 -1.433573
4.774 -1.433527
4.776 -1.433481
4.778 -1.433435
4.780 -1.433389
4.782 -1.433343
4.784 -1.433297
4.786 -1.433251
4.788 -1.433205
4.790 -1.433159
4.792 -1.433113
4.794 -1.433067
4.796 -1.433021
4.798 -1.432975
4.800 -1.432929
4.802 -1.432883
4.804 -1.432837
4.806 -1.432791
4.808 -1.432745
4.810 -1.432699
4.812 -1.432653
4.814 -1.432606
4.816 -1.432560
4.818 -1.432514
4.820 -1.432468
4.822 -1.432422
4.824 -1.432376
4.826 -1.432330
4.828 -1.432284
4.830 -1.432238
4.832 -1.432192
4.834 -1.432146
4.836 -1.432100
4.838 -1.432054
4.840 -1.432008
4.842 -1.431962
4.844 -1.431916
4.846 -1.431870
4.848 -1.431824
4.850 -1.431778
4.852 -1.431732
4.854 -1.431686
4.856 -1.431640
4.858 -1.431594
4.860 -1.431548
4.862 -1.431502
4.864 -1.431456
4.866 -1.431410
4.868 -1.431364
4.870 -1.431318
4.872 -1.431272
4.874 -1.431226
4.876 -1.431179
4.878 -1.431133
4.880 -1.431087
4.882 -1.431041
4.884 -1.430995
4.886 -1.430949
4.888 -1.430903
4.890 -1.430857
4.892 -1.430811
4.894 -1.430765
4.896 -1.430719
4.898 -1.430673
4.900 -1.430627
4.902 -1.430581
4.904 -1.430535
4.906 -1.430489
4.908 -1.430443
4.910 -1.430397
4.912 -1.430358
4.914 -1.430315
4.916 -1.430267
4.918 -1.430219
4.920 -1.430170
4.922 -1.430122
4.924 -1.430075
4.926 -1.430028
4.928 -1.429982
4.930 -1.429936
4.932 -1.429890
4.934 -1.429845
4.936 -1.429799
4.938 -1.429753
4.940 -1.429707
4.942 -1.429661
4.944 -1.429615
4.946 -1.429569
4.948 -1.429522
4.950 -1.429476
4.952 -1.429438
4.954 -1.429394
4.956 -1.429347
4.958 -1.429298
4.960 -1.429250
4.962 -1.429202
4.964 -1.429154
4.966 -1.429108
4.968 -1.429062
4.970 -1.429016
4.972 -1.428970
4.974 -1.428924
4.976 -1.428878
4.978 -1.428832
4.980 -1.428786
4.982 -1.428740
4.984 -1.428694
4.986 -1.428648
4.988 -1.428602
4.990 -1.428564
4.992 -1.428520
4.994 -1.428473
4.996 -1.428424
4.998 -1.428375
5.000 -1.428327
5.002 -1.428280
5.004 -1.428233
5.006 -1.428187
5.008 -1.428141
5.010 -1.428095
5.012 -1.428050
5.014 -1.428004
5.016 -1.427958
5.018 -1.427912
5.020 -1.427866
5.022 -1.427820
5.024 -1.427774
5.026 -1.427728
5.028 -1.427681
5.030 -1.427635
5.032 -1.427589
5.034 -1.427543
5.036 -1.427497
5.038 -1.427451
5.040 -1.427405
5.042 -1.427359
5.044 -1.427313
5.046 -1.427267
5.048 -1.427221
5.050 -1.427175
5.052 -1.427129
5.054 -1.427083
5.056 -1.427037
5.058 -1.426991
5.060 -1.426945
5.062 -1.426899
5.064 -1.426853
5.066 -1.426807
5.068 -1.426761
5.070 -1.426714
5.072 -1.426668
5.074 -1.426622
5.076 -1.426576
5.078 -1.426538
5.080 -1.426494
5.082 -1.426447
5.084 -1.426398
5.086 -1.426350
5.088 -1.426302
5.090 -1.426254
5.092 -1.426208
5.094 -1.426162
5.096 -1.426116
5.098 -1.426070
5.100 -1.426024
5.102 -1.425978
5.104 -1.425932
5.106 -1.425886
5.108 -1.425840
5.110 -1.425794
5.112 -1.425748
5.114 -1.425702
5.116 -1.425656
5.118 -1.425610
5.120 -1.425564
5.122 -1.425518
5.124 -1.425472
5.126 -1.425426
5.128 -1.425380
5.130 -1.425334
5.132 -1.425288
5.134 -1.425241
5.136 -1.425195
5.138 -1.425149
5.140 -1.425103
5.142 -1.425057
5.144 -1.425011
5.146 -1.424965
5.148 -1.424919
5.150 -1.424873
5.152 -1.424827
5.154 -1.424781
5.156 -1.424735
5.158 -1.424689
5.160 -1.424643
5.162 -1.424597
5.164 -1.424551
5.166 -1.424505
5.168 -1.424459
5.170 -1.424413
5.172 -1.424367
5.174 -1.424321
5.176 -1.424275
5.178 -1.424228
5.180 -1.424182
5.182 -1.424136
5.184 -1.424090
5.186 -1.424044
5.188 -1.423998
5.190 -1.423952
5.192 -1.423906
5.194 -1.423860
5.196 -1.423814
5.198 -1.423768
5.200 -1.423722
5.202 -1.423676
5.204 -1.423630
5.206 -1.423584
5.208 -1.423538
5.210 -1.423492
5.212 -1.423446
5.214 -1.423400
5.216 -1.423354
5.218 -1.423308
5.220 -1.423262
5.222 -1.423216
5.224 -1.423170
5.226 -1.423124
5.228 -1.423078
5.230 -1.423032
5.232 -1.422986
5.234 -1.422939
5.236 -1.422893
5.238 -1.422847
5.240 -1.422801
5.242 -1.422755
5.244 -1.422709
5.246 -1.422663
5.248 -1.422617
5.250 -1.422571
5.252 -1.422525
5.254 -1.422479
5.256 -1.422433
5.258 -1.422387
5.260 -1.422341
5.262 -1.422295
5.264 -1.422249
5.266 -1.422203
5.268 -1.422157
5.270 -1.422119
5.272 -1.422090
5.274 -1.422070
5.276 -1.422026
5.278 -1.421969
5.280 -1.421908
5.282 -1.421849
5.284 -1.421794
5.286 -1.421743
5.288 -1.421695
5.290 -1.421649
5.292 -1.421604
5.294 -1.421559
5.296 -1.421514
5.298 -1.421469
5.300 -1.421423
5.302 -1.421385
5.304 -1.421341
5.306 -1.421294
5.308 -1.421245
5.310 -1.421196
5.312 -1.421148
5.314 -1.421108
5.316 -1.421064
5.318 -1.421016
5.320 -1.420968
5.322 -1.420919
5.324 -1.420872
5.326 -1.420824
5.328 -1.420778
5.330 -1.420732
5.332 -1.420686
5.334 -1.420640
5.336 -1.420594
5.338 -1.420548
5.340 -1.420502
5.342 -1.420456
5.344 -1.420410
5.346 -1.420364
5.348 -1.420318
5.350 -1.420271
5.352 -1.420225
5.354 -1.420179
5.356 -1.420133
5.358 -1.420087
5.360 -1.420041
5.362 -1.419995
5.364 -1.419949
5.366 -1.419895
5.368 -1.419847
5.370 -1.419802
5.372 -1.419758
5.374 -1.419715
5.376 -1.419671
5.378 -1.419626
5.380 -1.419588
5.382 -1.419544
5.384 -1.419497
5.386 -1.419448
5.388 -1.419399
5.390 -1.419336
5.392 -1.419276
5.394 -1.419230
5.396 -1.419190
5.398 -1.419151
5.400 -1.419120
5.402 -1.419081
5.404 -1.419036
5.406 -1.418989
5.408 -1.418940
5.410 -1.418891
5.412 -1.418843
5.414 -1.418796
5.416 -1.418749
5.418 -1.418703
5.420 -1.418657
5.422 -1.418612
5.424 -1.418566
5.426 -1.418520
5.428 -1.418474
5.430 -1.418428
5.432 -1.418390
5.434 -1.418346
5.436 -1.418299
5.438 -1.418250
5.440 -1.418202
5.442 -1.418153
5.444 -1.418106
5.446 -1.418060
5.448 -1.418013
5.450 -1.417968
5.452 -1.417922
5.454 -1.417876
5.456 -1.417830
5.458 -1.417784
5.460 -1.417738
5.462 -1.417700
5.464 -1.417656
5.466 -1.417609
5.468 -1.417560
5.470 -1.417511
5.472 -1.417463
5.474 -1.417416
5.476 -1.417369
5.478 -1.417323
5.480 -1.417277
5.482 -1.417232
5.484 -1.417186
5.486 -1.417140
5.488 -1.417094
5.490 -1.417048
5.492 -1.417002
5.494 -1.416956
5.496 -1.416910
5.498 -1.416864
5.500 -1.416818
5.502 -1.416772
5.504 -1.416726
5.506 -1.416679
5.508 -1.416633
5.510 -1.416595
5.512 -1.416559
5.514 -1.416521
5.516 -1.416482
5.518 -1.416447
5.520 -1.416397
5.522 -1.416340
5.524 -1.416283
5.526 -1.416227
5.528 -1.416176
5.530 -1.416127
5.532 -1.416080
5.534 -1.416034
5.536 -1.415989
5.538 -1.415944
5.540 -1.415899
5.542 -1.415853
5.544 -1.415807
5.546 -1.415761
5.548 -1.415715
5.550 -1.415677
5.552 -1.415633
5.554 -1.415585
5.556 -1.415537
5.558 -1.415480
5.560 -1.415430
5.562 -1.415384
5.564 -1.415340
5.566 -1.415296
5.568 -1.415252
5.570 -1.415207
5.572 -1.415162
5.574 -1.415116
5.576 -1.415070
5.578 -1.415024
5.580 -1.414978
5.582 -1.414931
5.584 -1.414885
5.586 -1.414839
5.588 -1.414793
5.590 -1.414747
5.592 -1.414708
5.594 -1.414664
5.596 -1.414617
5.598 -1.414569
5.600 -1.414520
5.602 -1.414472
5.604 -1.414425
5.606 -1.414378
5.608 -1.414332
5.610 -1.414286
5.612 -1.414240
5.614 -1.414194
5.616 -1.414148
5.618 -1.414102
5.620 -1.414056
5.622 -1.414010
5.624 -1.413964
5.626 -1.413918
5.628 -1.413872
5.630 -1.413826
5.632 -1.413780
5.634 -1.413734
5.636 -1.413688
5.638 -1.413642
5.640 -1.413596
5.642 -1.413550
5.644 -1.413504
5.646 -1.413457
5.648 -1.413411
5.650 -1.413365
5.652 -1.413312
5.654 -1.413263
5.656 -1.413218
5.658 -1.413175
5.660 -1.413131
5.662 -1.413087
5.664 -1.413043
5.666 -1.412997
5.668 -1.412951
5.670 -1.412905
5.672 -1.412859
5.674 -1.412812
5.676 -1.412766
5.678 -1.412720
5.680 -1.412674
5.682 -1.412628
5.684 -1.412582
5.686 -1.412536
5.688 -1.412490
5.690 -1.412444
5.692 -1.412398
5.694 -1.412352
5.696 -1.412306
5.698 -1.412260
5.700 -1.412214
5.702 -1.412168
5.704 -1.412122
5.706 -1.412076
5.708 -1.412030
5.710 -1.411984
5.712 -1.411938
5.714 -1.411899
5.716 -1.411855
5.718 -1.411808
5.720 -1.411760
5.722 -1.411711
5.724 -1.411663
5.726 -1.411616
5.728 -1.411569
5.730 -1.411523
5.732 -1.411477
5.734 -1.411431
5.736 -1.411386
5.738 -1.411340
5.740 -1.411294
5.742 -1.411248
5.744 -1.411202
5.746 -1.411156
5.748 -1.411110
5.750 -1.411071
5.752 -1.411043
5.754 -1.411000
5.756 -1.410949
5.758 -1.410895
5.760 -1.410842
5.762 -1.410791
5.764 -1.410741
5.766 -1.410694
5.768 -1.410648
5.770 -1.410603
5.772 -1.410557
5.774 -1.410512
5.776 -1.410466
5.778 -1.410420
5.780 -1.410374
5.782 -1.410328
5.784 -1.410282
5.786 -1.410236
5.788 -1.410190
5.790 -1.410128
5.792 -1.410063
5.794 -1.409999
5.796 -1.409948
5.798 -1.409913
5.800 -1.409882
5.802 -1.409850
5.804 -1.409814
5.806 -1.409774
5.808 -1.409731
5.810 -1.409685
5.812 -1.409637
5.814 -1.409590
5.816 -1.409543
5.818 -1.409496
5.820 -1.409449
5.822 -1.409403
5.824 -1.409357
5.826 -1.409312
5.828 -1.409266
5.830 -1.409220
5.832 -1.409174
5.834 -1.409136
5.836 -1.409092
5.838 -1.409045
5.840 -1.408996
5.842 -1.408955
5.844 -1.408910
5.846 -1.408861
5.848 -1.408812
5.850 -1.408763
5.852 -1.408715
5.854 -1.408668
5.856 -1.408622
5.858 -1.408576
5.860 -1.408530
5.862 -1.408485
5.864 -1.408439
5.866 -1.408393
5.868 -1.408347
5.870 -1.408301
5.872 -1.408255
5.874 -1.408209
5.876 -1.408163
5.878 -1.408125
5.880 -1.408088
5.882 -1.408043
5.884 -1.407994
5.886 -1.407943
5.888 -1.407892
5.890 -1.407843
5.892 -1.407795
5.894 -1.407748
5.896 -1.407702
5.898 -1.407656
5.900 -1.407611
5.902 -1.407565
5.904 -1.407520
5.906 -1.407474
5.908 -1.407428
5.910 -1.407382
5.912 -1.407335
5.914 -1.407297
5.916 -1.407253
5.918 -1.407206
5.920 -1.407157
5.922 -1.407109
5.924 -1.407061
5.926 -1.407013
5.928 -1.406967
5.930 -1.406921
5.932 -1.406875
5.934 -1.406829
5.936 -1.406783
5.938 -1.406737
5.940 -1.406691
5.942 -1.406645
5.944 -1.406599
5.946 -1.406553
5.948 -1.406507
5.950 -1.406461
5.952 -1.406415
5.954 -1.406369
5.956 -1.406323
5.958 -1.406277
5.960 -1.406231
5.962 -1.406185
5.964 -1.406146
5.966 -1.406102
5.968 -1.406055
5.970 -1.406007
5.972 -1.405958
5.974 -1.405917
5.976 -1.405872
5.978 -1.405825
5.980 -1.405776
5.982 -1.405727
5.984 -1.405680
5.986 -1.405632
5.988 -1.405586
5.990 -1.405540
5.992 -1.405494
5.994 -1.405448
5.996 -1.405402
5.998 -1.405357
6.000 -1.405311
6.002 -1.405264
6.004 -1.405218
6.006 -1.405172
6.008 -1.405126
6.010 -1.405080
6.012 -1.405034
6.014 -1.404988
6.016 -1.404942
6.018 -1.404896
6.020 -1.404850
6.022 -1.404804
6.024 -1.404758
6.026 -1.404712
6.028 -1.404666
6.030 -1.404627
6.032 -1.404560
6.034 -1.404491
6.036 -1.404434
6.038 -1.404393
6.040 -1.404359
6.042 -1.404325
6.044 -1.404289
6.046 -1.404249
6.048 -1.404206
6.050 -1.404161
6.052 -1.404114
6.054 -1.404067
6.056 -1.404020
6.058 -1.403973
6.060 -1.403926
6.062 -1.403880
6.064 -1.403834
6.066 -1.403788
6.068 -1.403743
6.070 -1.403697
6.072 -1.403651
6.074 -1.403605
6.076 -1.403559
6.078 -1.403513
6.080 -1.403467
6.082 -1.403421
6.084 -1.403375
6.086 -1.403329
6.088 -1.403283
6.090 -1.403237
6.092 -1.403191
6.094 -1.403145
6.096 -1.403099
6.098 -1.403053
6.100 -1.403007
6.102 -1.402969
6.104 -1.402932
6.106 -1.402887
6.108 -1.402838
6.110 -1.402787
6.112 -1.402736
6.114 -1.402687
6.116 -1.402639
6.118 -1.402592
6.120 -1.402546
6.122 -1.402501
6.124 -1.402455
6.126 -1.402409
6.128 -1.402364
6.130 -1.402318
6.132 -1.402272
6.134 -1.402226
6.136 -1.402180
6.138 -1.402133
6.140 -1.402087
6.142 -1.402041
6.144 -1.401995
6.146 -1.401949
6.148 -1.401903
6.150 -1.401857
6.152 -1.401811
6.154 -1.401765
6.156 -1.401719
6.158 -1.401673
6.160 -1.401627
6.162 -1.401581
6.164 -1.401535
6.166 -1.401489
6.168 -1.401443
6.170 -1.401397
6.172 -1.401351
6.174 -1.401305
6.176 -1.401259
6.178 -1.401213
6.180 -1.401167
6.182 -1.401121
6.184 -1.401075
6.186 -1.401029
6.188 -1.400983
6.190 -1.400937
6.192 -1.400890
6.194 -1.400844
6.196 -1.400798
6.198 -1.400752
6.200 -1.400706
6.202 -1.400660
6.204 -1.400614
6.206 -1.400568
6.208 -1.400522
6.210 -1.400476
6.212 -1.400430
6.214 -1.400384
6.216 -1.400338
6.218 -1.400292
6.220 -1.400246
6.222 -1.400200
6.224 -1.400154
6.226 -1.400108
6.228 -1.400062
6.230 -1.400016
6.232 -1.399977
6.234 -1.399941
6.236 -1.399896
6.238 -1.399847
6.240 -1.399795
6.242 -1.399722
6.244 -1.399643
6.246 -1.399577
6.248 -1.399529
6.250 -1.399498
6.252 -1.399473
6.254 -1.399445
6.256 -1.399411
6.258 -1.399372
6.260 -1.399328
6.262 -1.399282
6.264 -1.399234
6.266 -1.399186
6.268 -1.399139
6.270 -1.399092
6.272 -1.399045
6.274 -1.398999
6.276 -1.398946
6.278 -1.398890
6.280 -1.398836
6.282 -1.398792
6.284 -1.398752
6.286 -1.398713
6.288 -1.398673
6.290 -1.398631
6.292 -1.398587
6.294 -1.398542
6.296 -1.398495
6.298 -1.398449
6.300 -1.398402
6.302 -1.398363
6.304 -1.398319
6.306 -1.398272
6.308 -1.398224
6.310 -1.398175
6.312 -1.398127
6.314 -1.398080
6.316 -1.398034
6.318 -1.397987
6.320 -1.397942
6.322 -1.397896
6.324 -1.397850
6.326 -1.397804
6.328 -1.397759
6.330 -1.397713
6.332 -1.397674
6.334 -1.397630
6.336 -1.397583
6.338 -1.397535
6.340 -1.397486
6.342 -1.397438
6.344 -1.397391
6.346 -1.397344
6.348 -1.397298
6.350 -1.397253
6.352 -1.397207
6.354 -1.397161
6.356 -1.397115
6.358 -1.397069
6.360 -1.397023
6.362 -1.396977
6.364 -1.396939
6.366 -1.396895
6.368 -1.396848
6.370 -1.396799
6.372 -1.396751
6.374 -1.396703
6.376 -1.396655
6.378 -1.396609
6.380 -1.396563
6.382 -1.396517
6.384 -1.396471
6.386 -1.396425
6.388 -1.396379
6.390 -1.396334
6.392 -1.396295
6.394 -1.396251
6.396 -1.396204
6.398 -1.396156
6.400 -1.396107
6.402 -1.396067
6.404 -1.396021
6.406 -1.395974
6.408 -1.395925
6.410 -1.395877
6.412 -1.395829
6.414 -1.395782
6.416 -1.395735
6.418 -1.395689
6.420 -1.395643
6.422 -1.395598
6.424 -1.395552
6.426 -1.395506
6.428 -1.395460
6.430 -1.395414
6.432 -1.395368
6.434 -1.395322
6.436 -1.395275
6.438 -1.395229
6.440 -1.395183
6.442 -1.395137
6.444 -1.395091
6.446 -1.395045
6.448 -1.394999
6.450 -1.394953
6.452 -1.394907
6.454 -1.394861
6.456 -1.394815
6.458 -1.394769
6.460 -1.394723
6.462 -1.394677
6.464 -1.394631
6.466 -1.394585
6.468 -1.394539
6.470 -1.394493
6.472 -1.394454
6.474 -1.394410
6.476 -1.394363
6.478 -1.394315
6.480 -1.394266
6.482 -1.394218
6.484 -1.394178
6.486 -1.394134
6.488 -1.394086
6.490 -1.394038
6.492 -1.393990
6.494 -1.393942
6.496 -1.393895
6.498 -1.393848
6.500 -1.393802
6.502 -1.393756
6.504 -1.393710
6.506 -1.393664
6.508 -1.393618
6.510 -1.393572
6.512 -1.393526
6.514 -1.393480
6.516 -1.393434
6.518 -1.393388
6.520 -1.393342
6.522 -1.393296
6.524 -1.393250
6.526 -1.393204
6.528 -1.393158
6.530 -1.393112
6.532 -1.393066
6.534 -1.393020
6.536 -1.392974
6.538 -1.392928
6.540 -1.392882
6.542 -1.392835
6.544 -1.392789
6.546 -1.392743
6.548 -1.392697
6.550 -1.392651
6.552 -1.392605
6.554 -1.392559
6.556 -1.392513
6.558 -1.392459
6.560 -1.392411
6.562 -1.392366
6.564 -1.392323
6.566 -1.392279
6.568 -1.392235
6.570 -1.392190
6.572 -1.392145
6.574 -1.392099
6.576 -1.392053
6.578 -1.392007
6.580 -1.391960
6.582 -1.391914
6.584 -1.391868
6.586 -1.391822
6.588 -1.391776
6.590 -1.391737
6.592 -1.391694
6.594 -1.391647
6.596 -1.391598
6.598 -1.391549
6.600 -1.391501
6.602 -1.391454
6.604 -1.391407
6.606 -1.391361
6.608 -1.391315
6.610 -1.391270
6.612 -1.391224
6.614 -1.391178
6.616 -1.391132
6.618 -1.391086
6.620 -1.391040
6.622 -1.390994
6.624 -1.390948
6.626 -1.390902
6.628 -1.390856
6.630 -1.390810
6.632 -1.390764
6.634 -1.390717
6.636 -1.390671
6.638 -1.390625
6.640 -1.390579
6.642 -1.390533
6.644 -1.390487
6.646 -1.390434
6.648 -1.390385
6.650 -1.390340
6.652 -1.390297
6.654 -1.390253
6.656 -1.390209
6.658 -1.390165
6.660 -1.390119
6.662 -1.390073
6.664 -1.390027
6.666 -1.389981
6.668 -1.389935
6.670 -1.389888
6.672 -1.389842
6.674 -1.389796
6.676 -1.389743
6.678 -1.389671
6.680 -1.389605
6.682 -1.389545
6.684 -1.389499
6.686 -1.389468
6.688 -1.389441
6.690 -1.389411
6.692 -1.389376
6.694 -1.389336
6.696 -1.389292
6.698 -1.389245
6.700 -1.389198
6.702 -1.389150
6.704 -1.389103
6.706 -1.389056
6.708 -1.389010
6.710 -1.388964
6.712 -1.388918
6.714 -1.388872
6.716 -1.388826
6.718 -1.388780
6.720 -1.388735
6.722 -1.388689
6.724 -1.388643
6.726 -1.388597
6.728 -1.388551
6.730 -1.388505
6.732 -1.388459
6.734 -1.388413
6.736 -1.388367
6.738 -1.388321
6.740 -1.388275
6.742 -1.388229
6.744 -1.388183
6.746 -1.388137
6.748 -1.388091
6.750 -1.388045
6.752 -1.387999
6.754 -1.387953
6.756 -1.387908
6.758 -1.387862
6.760 -1.387816
6.762 -1.387770
6.764 -1.387724
6.766 -1.387685
6.768 -1.387641
6.770 -1.387594
6.772 -1.387546
6.774 -1.387497
6.776 -1.387449
6.778 -1.387402
6.780 -1.387356
6.782 -1.387309
6.784 -1.387264
6.786 -1.387218
6.788 -1.387172
6.790 -1.387126
6.792 -1.387080
6.794 -1.387034
6.796 -1.386988
6.798 -1.386942
6.800 -1.386896
6.802 -1.386850
6.804 -1.386804
6.806 -1.386758
6.808 -1.386712
6.810 -1.386666
6.812 -1.386620
6.814 -1.386574
6.816 -1.386528
6.818 -1.386482
6.820 -1.386436
6.822 -1.386390
6.824 -1.386344
6.826 -1.386298
6.828 -1.386252
6.830 -1.386206
6.832 -1.386160
6.834 -1.386114
6.836 -1.386068
6.838 -1.386022
6.840 -1.385976
6.842 -1.385930
6.844 -1.385884
6.846 -1.385838
6.848 -1.385792
6.850 -1.385754
6.852 -1.385710
6.854 -1.385663
6.856 -1.385614
6.858 -1.385565
6.860 -1.385517
6.862 -1.385470
6.864 -1.385423
6.866 -1.385377
6.868 -1.385331
6.870 -1.385286
6.872 -1.385240
6.874 -1.385194
6.876 -1.385148
6.878 -1.385102
6.880 -1.385056
6.882 -1.385010
6.884 -1.384964
6.886 -1.384918
6.888 -1.384872
6.890 -1.384826
6.892 -1.384780
6.894 -1.384734
6.896 -1.384688
6.898 -1.384642
6.900 -1.384596
6.902 -1.384557
6.904 -1.384513
6.906 -1.384466
6.908 -1.384418
6.910 -1.384369
6.912 -1.384321
6.914 -1.384274
6.916 -1.384227
6.918 -1.384181
6.920 -1.384135
6.922 -1.384089
6.924 -1.384043
6.926 -1.383997
6.928 -1.383951
6.930 -1.383905
6.932 -1.383859
6.934 -1.383813
6.936 -1.383767
6.938 -1.383721
6.940 -1.383675
6.942 -1.383629
6.944 -1.383583
6.946 -1.383537
6.948 -1.383491
6.950 -1.383445
6.952 -1.383406
6.954 -1.383370
6.956 -1.383325
6.958 -1.383276
6.960 -1.383224
6.962 -1.383174
6.964 -1.383124
6.966 -1.383077
6.968 -1.383037
6.970 -1.382994
6.972 -1.382947
6.974 -1.382899
6.976 -1.382850
6.978 -1.382803
6.980 -1.382755
6.982 -1.382709
6.984 -1.382663
6.986 -1.382617
6.988 -1.382571
6.990 -1.382533
6.992 -1.382489
6.994 -1.382442
6.996 -1.382393
6.998 -1.382344
7.000 -1.382296
7.002 -1.382257
7.004 -1.382212
7.006 -1.382165
7.008 -1.382116
7.010 -1.382068
7.012 -1.382020
7.014 -1.381973
7.016 -1.381926
7.018 -1.381880
7.020 -1.381834
7.022 -1.381788
7.024 -1.381743
7.026 -1.381697
7.028 -1.381651
7.030 -1.381605
7.032 -1.381558
7.034 -1.381512
7.036 -1.381466
7.038 -1.381420
7.040 -1.381374
7.042 -1.381328
7.044 -1.381282
7.046 -1.381236
7.048 -1.381190
7.050 -1.381144
7.052 -1.381098
7.054 -1.381052
7.056 -1.381005
7.058 -1.380959
7.060 -1.380913
7.062 -1.380867
7.064 -1.380821
7.066 -1.380775
7.068 -1.380729
7.070 -1.380683
7.072 -1.380645
7.074 -1.380616
7.076 -1.380596
7.078 -1.380567
7.080 -1.380522
7.082 -1.380469
7.084 -1.380406
7.086 -1.380342
7.088 -1.380281
7.090 -1.380226
7.092 -1.380176
7.094 -1.380129
7.096 -1.380084
7.098 -1.380039
7.100 -1.379995
7.102 -1.379950
7.104 -1.379905
7.106 -1.379859
7.108 -1.379812
7.110 -1.379774
7.112 -1.379730
7.114 -1.379682
7.116 -1.379633
7.118 -1.379585
7.120 -1.379536
7.122 -1.379489
7.124 -1.379442
7.126 -1.379396
7.128 -1.379350
7.130 -1.379304
7.132 -1.379258
7.134 -1.379212
7.136 -1.379166
7.138 -1.379120
7.140 -1.379074
7.142 -1.379028
7.144 -1.378982
7.146 -1.378936
7.148 -1.378889
7.150 -1.378843
7.152 -1.378797
7.154 -1.378751
7.156 -1.378705
7.158 -1.378659
7.160 -1.378613
7.162 -1.378567
7.164 -1.378521
7.166 -1.378474
7.168 -1.378428
7.170 -1.378382
7.172 -1.378336
7.174 -1.378290
7.176 -1.378244
7.178 -1.378198
7.180 -1.378152
7.182 -1.378106
7.184 -1.378060
7.186 -1.378013
7.188 -1.377967
7.190 -1.377921
7.192 -1.377883
7.194 -1.377847
7.196 -1.377802
7.198 -1.377752
7.200 -1.377701
7.202 -1.377650
7.204 -1.377601
7.206 -1.377553
7.208 -1.377506
7.210 -1.377460
7.212 -1.377414
7.214 -1.377369
7.216 -1.377323
7.218 -1.377277
7.220 -1.377231
7.222 -1.377185
7.224 -1.377139
7.226 -1.377093
7.228 -1.377047
7.230 -1.377001
7.232 -1.376955
7.234 -1.376908
7.236 -1.376862
7.238 -1.376816
7.240 -1.376755
7.242 -1.376697
7.244 -1.376651
7.246 -1.376611
7.248 -1.376573
7.250 -1.376533
7.252 -1.376492
7.254 -1.376448
7.256 -1.376403
7.258 -1.376357
7.260 -1.376310
7.262 -1.376263
7.264 -1.376216
7.266 -1.376170
7.268 -1.376124
7.270 -1.376078
7.272 -1.376032
7.274 -1.375986
7.276 -1.375940
7.278 -1.375894
7.280 -1.375848
7.282 -1.375802
7.284 -1.375756
7.286 -1.375702
7.288 -1.375654
7.290 -1.375609
7.292 -1.375566
7.294 -1.375522
7.296 -1.375478
7.298 -1.375434
7.300 -1.375388
7.302 -1.375342
7.304 -1.375296
7.306 -1.375250
7.308 -1.375203
7.310 -1.375157
7.312 -1.375111
7.314 -1.375065
7.316 -1.375019
7.318 -1.374973
7.320 -1.374927
7.322 -1.374881
7.324 -1.374835
7.326 -1.374789
7.328 -1.374743
7.330 -1.374697
7.332 -1.374651
7.334 -1.374605
7.336 -1.374559
7.338 -1.374513
7.340 -1.374467
7.342 -1.374421
7.344 -1.374375
7.346 -1.374329
7.348 -1.374283
7.350 -1.374237
7.352 -1.374191
7.354 -1.374145
7.356 -1.374099
7.358 -1.374053
7.360 -1.374007
7.362 -1.373961
7.364 -1.373915
7.366 -1.373869
7.368 -1.373823
7.370 -1.373777
7.372 -1.373731
7.374 -1.373685
7.376 -1.373639
7.378 -1.373593
7.380 -1.373547
7.382 -1.373501
7.384 -1.373455
7.386 -1.373409
7.388 -1.373363
7.390 -1.373317
7.392 -1.373278
7.394 -1.373250
7.396 -1.373230
7.398 -1.373216
7.400 -1.373206
7.402 -1.373152
7.404 -1.373077
7.406 -1.372999
7.408 -1.372927
7.410 -1.372864
7.412 -1.372809
7.414 -1.372761
7.416 -1.372716
7.418 -1.372673
7.420 -1.372630
7.422 -1.372586
7.424 -1.372541
7.426 -1.372495
7.428 -1.372449
7.430 -1.372403
7.432 -1.372356
7.434 -1.372310
7.436 -1.372264
7.438 -1.372217
7.440 -1.372171
7.442 -1.372125
7.444 -1.372086
7.446 -1.372042
7.448 -1.371995
7.450 -1.371946
7.452 -1.371898
7.454 -1.371849
7.456 -1.371802
7.458 -1.371755
7.460 -1.371709
7.462 -1.371663
7.464 -1.371617
7.466 -1.371571
7.468 -1.371525
7.470 -1.371479
7.472 -1.371433
7.474 -1.371387
7.476 -1.371341
7.478 -1.371295
7.480 -1.371248
7.482 -1.371202
7.484 -1.371156
7.486 -1.371110
7.488 -1.371064
7.490 -1.371018
7.492 -1.370972
7.494 -1.370926
7.496 -1.370879
7.498 -1.370833
7.500 -1.370787
7.502 -1.370741
7.504 -1.370695
7.506 -1.370649
7.508 -1.370603
7.510 -1.370557
7.512 -1.370511
7.514 -1.370465
7.516 -1.370418
7.518 -1.370372
7.520 -1.370326
7.522 -1.370280
7.524 -1.370234
7.526 -1.370188
7.528 -1.370142
7.530 -1.370096
7.532 -1.370057
7.534 -1.370014
7.536 -1.369966
7.538 -1.369918
7.540 -1.369869
7.542 -1.369821
7.544 -1.369774
7.546 -1.369727
7.548 -1.369681
7.550 -1.369635
7.552 -1.369589
7.554 -1.369543
7.556 -1.369497
7.558 -1.369451
7.560 -1.369413
7.562 -1.369369
7.564 -1.369322
7.566 -1.369273
7.568 -1.369225
7.570 -1.369176
7.572 -1.369129
7.574 -1.369082
7.576 -1.369036
7.578 -1.368990
7.580 -1.368945
7.582 -1.368899
7.584 -1.368853
7.586 -1.368807
7.588 -1.368761
7.590 -1.368715
7.592 -1.368669
7.594 -1.368623
7.596 -1.368576
7.598 -1.368530
7.600 -1.368484
7.602 -1.368438
7.604 -1.368392
7.606 -1.368346
7.608 -1.368300
7.610 -1.368254
7.612 -1.368208
7.614 -1.368162
7.616 -1.368116
7.618 -1.368070
7.620 -1.368024
7.622 -1.367978
7.624 -1.367932
7.626 -1.367886
7.628 -1.367840
7.630 -1.367793
7.632 -1.367747
7.634 -1.367701
7.636 -1.367655
7.638 -1.367609
7.640 -1.367563
7.642 -1.367517
7.644 -1.367471
7.646 -1.367425
7.648 -1.367387
7.650 -1.367350
7.652 -1.367313
7.654 -1.367266
7.656 -1.367213
7.658 -1.367160
7.660 -1.367108
7.662 -1.367058
7.664 -1.367010
7.666 -1.366964
7.668 -1.366918
7.670 -1.366873
7.672 -1.366827
7.674 -1.366782
7.676 -1.366736
7.678 -1.366690
7.680 -1.366644
7.682 -1.366598
7.684 -1.366551
7.686 -1.366505
7.688 -1.366459
7.690 -1.366413
7.692 -1.366367
7.694 -1.366321
7.696 -1.366275
7.698 -1.366229
7.700 -1.366190
7.702 -1.366154
7.704 -1.366109
7.706 -1.366059
7.708 -1.366008
7.710 -1.365958
7.712 -1.365908
7.714 -1.365860
7.716 -1.365814
7.718 -1.365768
7.720 -1.365722
7.722 -1.365676
7.724 -1.365631
7.726 -1.365585
7.728 -1.365539
7.730 -1.365493
7.732 -1.365447
7.734 -1.365393
7.736 -1.365345
7.738 -1.365300
7.740 -1.365256
7.742 -1.365213
7.744 -1.365169
7.746 -1.365124
7.748 -1.365078
7.750 -1.365040
7.752 -1.365004
7.754 -1.364958
7.756 -1.364909
7.758 -1.364857
7.760 -1.364806
7.762 -1.364757
7.764 -1.364709
7.766 -1.364662
7.768 -1.364616
7.770 -1.364571
7.772 -1.364525
7.774 -1.364480
7.776 -1.364434
7.778 -1.364388
7.780 -1.364342
7.782 -1.364296
7.784 -1.364250
7.786 -1.364204
7.788 -1.364157
7.790 -1.364111
7.792 -1.364065
7.794 -1.364019
7.796 -1.363973
7.798 -1.363927
7.800 -1.363881
7.802 -1.363835
7.804 -1.363789
7.806 -1.363743
7.808 -1.363697
7.810 -1.363651
7.812 -1.363605
7.814 -1.363559
7.816 -1.363513
7.818 -1.363467
7.820 -1.363421
7.822 -1.363375
7.824 -1.363329
7.826 -1.363283
7.828 -1.363236
7.830 -1.363190
7.832 -1.363137
7.834 -1.363088
7.836 -1.363044
7.838 -1.363000
7.840 -1.362957
7.842 -1.362913
7.844 -1.362868
7.846 -1.362822
7.848 -1.362776
7.850 -1.362730
7.852 -1.362684
7.854 -1.362638
7.856 -1.362591
7.858 -1.362545
7.860 -1.362499
7.862 -1.362453
7.864 -1.362407
7.866 -1.362361
7.868 -1.362315
7.870 -1.362269
7.872 -1.362223
7.874 -1.362177
7.876 -1.362131
7.878 -1.362085
7.880 -1.362039
7.882 -1.361993
7.884 -1.361947
7.886 -1.361901
7.888 -1.361855
7.890 -1.361809
7.892 -1.361763
7.894 -1.361717
7.896 -1.361671
7.898 -1.361625
7.900 -1.361579
7.902 -1.361533
7.904 -1.361487
7.906 -1.361441
7.908 -1.361395
7.910 -1.361349
7.912 -1.361303
7.914 -1.361257
7.916 -1.361211
7.918 -1.361165
7.920 -1.361118
7.922 -1.361072
7.924 -1.361026
7.926 -1.360980
7.928 -1.360934
7.930 -1.360896
7.932 -1.360852
7.934 -1.360805
7.936 -1.360756
7.938 -1.360708
7.940 -1.360660
7.942 -1.360612
7.944 -1.360566
7.946 -1.360520
7.948 -1.360481
7.950 -1.360438
7.952 -1.360391
7.954 -1.360343
7.956 -1.360294
7.958 -1.360246
7.960 -1.360199
7.962 -1.360152
7.964 -1.360106
7.966 -1.360068
7.968 -1.360024
7.970 -1.359977
7.972 -1.359929
7.974 -1.359880
7.976 -1.359832
7.978 -1.359785
7.980 -1.359738
7.982 -1.359692
7.984 -1.359646
7.986 -1.359600
7.988 -1.359554
7.990 -1.359508
7.992 -1.359462
7.994 -1.359416
7.996 -1.359370
7.998 -1.359324
8.000 -1.359278
8.002 -1.359232
8.004 -1.359186
8.006 -1.359140
8.008 -1.359094
8.010 -1.359048
8.012 -1.359002
8.014 -1.358956
8.016 -1.358910
8.018 -1.358864
8.020 -1.358818
8.022 -1.358772
8.024 -1.358726
8.026 -1.358680
8.028 -1.358633
8.030 -1.358587
8.032 -1.358549
8.034 -1.358505
8.036 -1.358458
8.038 -1.358409
8.040 -1.358361
8.042 -1.358313
8.044 -1.358265
8.046 -1.358219
8.048 -1.358173
8.050 -1.358127
8.052 -1.358081
8.054 -1.358035
8.056 -1.357989
8.058 -1.357943
8.060 -1.357897
8.062 -1.357851
8.064 -1.357805
8.066 -1.357759
8.068 -1.357713
8.070 -1.357667
8.072 -1.357621
8.074 -1.357575
8.076 -1.357529
8.078 -1.357490
8.080 -1.357454
8.082 -1.357417
8.084 -1.357369
8.086 -1.357325
8.088 -1.357289
8.090 -1.357255
8.092 -1.357213
8.094 -1.357157
8.096 -1.357097
8.098 -1.357038
8.100 -1.356983
8.102 -1.356932
8.104 -1.356884
8.106 -1.356838
8.108 -1.356793
8.110 -1.356748
8.112 -1.356711
8.114 -1.356667
8.116 -1.356620
8.118 -1.356564
8.120 -1.356513
8.122 -1.356466
8.124 -1.356421
8.126 -1.356377
8.128 -1.356333
8.130 -1.356288
8.132 -1.356242
8.134 -1.356197
8.136 -1.356151
8.138 -1.356104
8.140 -1.356058
8.142 -1.356012
8.144 -1.355965
8.146 -1.355919
8.148 -1.355873
8.150 -1.355827
8.152 -1.355781
8.154 -1.355735
8.156 -1.355689
8.158 -1.355643
8.160 -1.355597
8.162 -1.355551
8.164 -1.355512
8.166 -1.355468
8.168 -1.355421
8.170 -1.355372
8.172 -1.355324
8.174 -1.355276
8.176 -1.355228
8.178 -1.355181
8.180 -1.355135
8.182 -1.355089
8.184 -1.355043
8.186 -1.354998
8.188 -1.354952
8.190 -1.354906
8.192 -1.354860
8.194 -1.354821
8.196 -1.354777
8.198 -1.354730
8.200 -1.354681
8.202 -1.354633
8.204 -1.354585
8.206 -1.354537
8.208 -1.354491
8.210 -1.354444
8.212 -1.354399
8.214 -1.354353
8.216 -1.354307
8.218 -1.354261
8.220 -1.354215
8.222 -1.354169
8.224 -1.354123
8.226 -1.354077
8.228 -1.354031
8.230 -1.353985
8.232 -1.353938
8.234 -1.353892
8.236 -1.353846
8.238 -1.353800
8.240 -1.353754
8.242 -1.353708
8.244 -1.353662
8.246 -1.353616
8.248 -1.353578
8.250 -1.353534
8.252 -1.353494
8.254 -1.353448
8.256 -1.353398
8.258 -1.353347
8.260 -1.353298
8.262 -1.353249
8.264 -1.353209
8.266 -1.353165
8.268 -1.353118
8.270 -1.353070
8.272 -1.353021
8.274 -1.352958
8.276 -1.352891
8.278 -1.352835
8.280 -1.352794
8.282 -1.352759
8.284 -1.352725
8.286 -1.352689
8.288 -1.352648
8.290 -1.352613
8.292 -1.352569
8.294 -1.352521
8.296 -1.352472
8.298 -1.352422
8.300 -1.352373
8.302 -1.352325
8.304 -1.352279
8.306 -1.352233
8.308 -1.352187
8.310 -1.352133
8.312 -1.352086
8.314 -1.352041
8.316 -1.351998
8.318 -1.351954
8.320 -1.351910
8.322 -1.351865
8.324 -1.351820
8.326 -1.351774
8.328 -1.351728
8.330 -1.351682
8.332 -1.351635
8.334 -1.351589
8.336 -1.351543
8.338 -1.351497
8.340 -1.351451
8.342 -1.351413
8.344 -1.351369
8.346 -1.351322
8.348 -1.351273
8.350 -1.351225
8.352 -1.351177
8.354 -1.351129
8.356 -1.351083
8.358 -1.351021
8.360 -1.350956
8.362 -1.350900
8.364 -1.350860
8.366 -1.350825
8.368 -1.350791
8.370 -1.350754
8.372 -1.350714
8.374 -1.350670
8.376 -1.350625
8.378 -1.350578
8.380 -1.350531
8.382 -1.350484
8.384 -1.350437
8.386 -1.350391
8.388 -1.350345
8.390 -1.350299
8.392 -1.350253
8.394 -1.350207
8.396 -1.350161
8.398 -1.350115
8.400 -1.350069
8.402 -1.350023
8.404 -1.349977
8.406 -1.349931
8.408 -1.349885
8.410 -1.349839
8.412 -1.349793
8.414 -1.349747
8.416 -1.349701
8.418 -1.349655
8.420 -1.349609
8.422 -1.349563
8.424 -1.349517
8.426 -1.349471
8.428 -1.349425
8.430 -1.349372
8.432 -1.349324
8.434 -1.349279
8.436 -1.349235
8.438 -1.349192
8.440 -1.349148
8.442 -1.349103
8.444 -1.349058
8.446 -1.349012
8.448 -1.348966
8.450 -1.348919
8.452 -1.348873
8.454 -1.348827
8.456 -1.348781
8.458 -1.348735
8.460 -1.348689
8.462 -1.348643
8.464 -1.348597
8.466 -1.348551
8.468 -1.348505
8.470 -1.348459
8.472 -1.348413
8.474 -1.348367
8.476 -1.348321
8.478 -1.348275
8.480 -1.348237
8.482 -1.348193
8.484 -1.348146
8.486 -1.348097
8.488 -1.348049
8.490 -1.348001
8.492 -1.347961
8.494 -1.347917
8.496 -1.347869
8.498 -1.347821
8.500 -1.347773
8.502 -1.347725
8.504 -1.347678
8.506 -1.347631
8.508 -1.347585
8.510 -1.347539
8.512 -1.347493
8.514 -1.347448
8.516 -1.347402
8.518 -1.347356
8.520 -1.347310
8.522 -1.347264
8.524 -1.347218
8.526 -1.347172
8.528 -1.347125
8.530 -1.347079
8.532 -1.347033
8.534 -1.346987
8.536 -1.346941
8.538 -1.346895
8.540 -1.346849
8.542 -1.346803
8.544 -1.346757
8.546 -1.346711
8.548 -1.346665
8.550 -1.346619
8.552 -1.346573
8.554 -1.346527
8.556 -1.346481
8.558 -1.346435
8.560 -1.346389
8.562 -1.346343
8.564 -1.346297
8.566 -1.346258
8.568 -1.346215
8.570 -1.346167
8.572 -1.346119
8.574 -1.346070
8.576 -1.346022
8.578 -1.345975
8.580 -1.345928
8.582 -1.345882
8.584 -1.345836
8.586 -1.345790
8.588 -1.345745
8.590 -1.345699
8.592 -1.345653
8.594 -1.345607
8.596 -1.345561
8.598 -1.345515
8.600 -1.345469
8.602 -1.345423
8.604 -1.345376
8.606 -1.345330
8.608 -1.345284
8.610 -1.345238
8.612 -1.345192
8.614 -1.345146
8.616 -1.345100
8.618 -1.345054
8.620 -1.345008
8.622 -1.344962
8.624 -1.344916
8.626 -1.344870
8.628 -1.344824
8.630 -1.344778
8.632 -1.344732
8.634 -1.344686
8.636 -1.344640
8.638 -1.344594
8.640 -1.344548
8.642 -1.344502
8.644 -1.344456
8.646 -1.344410
8.648 -1.344364
8.650 -1.344317
8.652 -1.344271
8.654 -1.344225
8.656 -1.344179
8.658 -1.344133
8.660 -1.344087
8.662 -1.344041
8.664 -1.343995
8.666 -1.343949
8.668 -1.343903
8.670 -1.343865
8.672 -1.343821
8.674 -1.343774
8.676 -1.343725
8.678 -1.343676
8.680 -1.343628
8.682 -1.343581
8.684 -1.343534
8.686 -1.343488
8.688 -1.343442
8.690 -1.343397
8.692 -1.343351
8.694 -1.343305
8.696 -1.343259
8.698 -1.343213
8.700 -1.343167
8.702 -1.343128
8.704 -1.343085
8.706 -1.343037
8.708 -1.342989
8.710 -1.342932
8.712 -1.342882
8.714 -1.342836
8.716 -1.342792
8.718 -1.342748
8.720 -1.342705
8.722 -1.342660
8.724 -1.342615
8.726 -1.342569
8.728 -1.342523
8.730 -1.342477
8.732 -1.342430
8.734 -1.342384
8.736 -1.342338
8.738 -1.342292
8.740 -1.342246
8.742 -1.342200
8.744 -1.342154
8.746 -1.342108
8.748 -1.342062
8.750 -1.342016
8.752 -1.341970
8.754 -1.341924
8.756 -1.341878
8.758 -1.341831
8.760 -1.341785
8.762 -1.341747
8.764 -1.341703
8.766 -1.341656
8.768 -1.341608
8.770 -1.341559
8.772 -1.341511
8.774 -1.341464
8.776 -1.341417
8.778 -1.341371
8.780 -1.341325
8.782 -1.341279
8.784 -1.341233
8.786 -1.341187
8.788 -1.341141
8.790 -1.341095
8.792 -1.341049
8.794 -1.341011
8.796 -1.340967
8.798 -1.340920
8.800 -1.340871
8.802 -1.340823
8.804 -1.340775
8.806 -1.340727
8.808 -1.340681
8.810 -1.340634
8.812 -1.340589
8.814 -1.340543
8.816 -1.340497
8.818 -1.340451
8.820 -1.340405
8.822 -1.340359
8.824 -1.340313
8.826 -1.340267
8.828 -1.340221
8.830 -1.340175
8.832 -1.340129
8.834 -1.340083
8.836 -1.340037
8.838 -1.339991
8.840 -1.339945
8.842 -1.339899
8.844 -1.339852
8.846 -1.339806
8.848 -1.339760
8.850 -1.339714
8.852 -1.339668
8.854 -1.339622
8.856 -1.339576
8.858 -1.339530
8.860 -1.339484
8.862 -1.339438
8.864 -1.339392
8.866 -1.339346
8.868 -1.339300
8.870 -1.339254
8.872 -1.339208
8.874 -1.339162
8.876 -1.339116
8.878 -1.339070
8.880 -1.339024
8.882 -1.338978
8.884 -1.338931
8.886 -1.338885
8.888 -1.338839
8.890 -1.338801
8.892 -1.338757
8.894 -1.338710
8.896 -1.338661
8.898 -1.338613
8.900 -1.338565
8.902 -1.338517
8.904 -1.338471
8.906 -1.338425
8.908 -1.338379
8.910 -1.338333
8.912 -1.338287
8.914 -1.338241
8.916 -1.338195
8.918 -1.338149
8.920 -1.338103
8.922 -1.338057
8.924 -1.338011
8.926 -1.337965
8.928 -1.337919
8.930 -1.337873
8.932 -1.337827
8.934 -1.337781
8.936 -1.337735
8.938 -1.337689
8.940 -1.337643
8.942 -1.337597
8.944 -1.337551
8.946 -1.337505
8.948 -1.337459
8.950 -1.337413
8.952 -1.337367
8.954 -1.337321
8.956 -1.337274
8.958 -1.337228
8.960 -1.337182
8.962 -1.337136
8.964 -1.337090
8.966 -1.337044
8.968 -1.336998
8.970 -1.336952
8.972 -1.336906
8.974 -1.336860
8.976 -1.336814
8.978 -1.336768
8.980 -1.336722
8.982 -1.336676
8.984 -1.336630
8.986 -1.336584
8.988 -1.336538
8.990 -1.336492
8.992 -1.336453
8.994 -1.336410
8.996 -1.336362
8.998 -1.336314
9.000 -1.336265
9.002 -1.336217
9.004 -1.336170
9.006 -1.336123
9.008 -1.336077
9.010 -1.336031
9.012 -1.335985
9.014 -1.335940
9.016 -1.335894
9.018 -1.335848
9.020 -1.335802
9.022 -1.335756
9.024 -1.335710
9.026 -1.335664
9.028 -1.335618
9.030 -1.335571
9.032 -1.335525
9.034 -1.335479
9.036 -1.335433
9.038 -1.335387
9.040 -1.335341
9.042 -1.335295
9.044 -1.335249
9.046 -1.335203
9.048 -1.335165
9.050 -1.335121
9.052 -1.335074
9.054 -1.335025
9.056 -1.334976
9.058 -1.334928
9.060 -1.334881
9.062 -1.334834
9.064 -1.334788
9.066 -1.334742
9.068 -1.334697
9.070 -1.334651
9.072 -1.334605
9.074 -1.334559
9.076 -1.334513
9.078 -1.334467
9.080 -1.334421
9.082 -1.334375
9.084 -1.334329
9.086 -1.334283
9.088 -1.334236
9.090 -1.334190
9.092 -1.334144
9.094 -1.334098
9.096 -1.334052
9.098 -1.334006
9.100 -1.333960
9.102 -1.333914
9.104 -1.333868
9.106 -1.333822
9.108 -1.333776
9.110 -1.333730
9.112 -1.333684
9.114 -1.333638
9.116 -1.333592
9.118 -1.333546
9.120 -1.333500
9.122 -1.333454
9.124 -1.333408
9.126 -1.333362
9.128 -1.333316
9.130 -1.333270
9.132 -1.333224
9.134 -1.333178
9.136 -1.333131
9.138 -1.333085
9.140 -1.333039
9.142 -1.332993
9.144 -1.332947
9.146 -1.332901
9.148 -1.332855
9.150 -1.332809
9.152 -1.332763
9.154 -1.332717
9.156 -1.332671
9.158 -1.332625
9.160 -1.332579
9.162 -1.332533
9.164 -1.332487
9.166 -1.332441
9.168 -1.332395
9.170 -1.332349
9.172 -1.332303
9.174 -1.332257
9.176 -1.332211
9.178 -1.332165
9.180 -1.332119
9.182 -1.332073
9.184 -1.332027
9.186 -1.331981
9.188 -1.331935
9.190 -1.331889
9.192 -1.331843
9.194 -1.331797
9.196 -1.331750
9.198 -1.331704
9.200 -1.331658
9.202 -1.331612
9.204 -1.331566
9.206 -1.331520
9.208 -1.331474
9.210 -1.331428
9.212 -1.331382
9.214 -1.331336
9.216 -1.331290
9.218 -1.331244
9.220 -1.331198
9.222 -1.331152
9.224 -1.331106
9.226 -1.331060
9.228 -1.331014
9.230 -1.330968
9.232 -1.330922
9.234 -1.330876
9.236 -1.330830
9.238 -1.330784
9.240 -1.330738
9.242 -1.330692
9.244 -1.330646
9.246 -1.330600
9.248 -1.330554
9.250 -1.330507
9.252 -1.330461
9.254 -1.330415
9.256 -1.330369
9.258 -1.330323
9.260 -1.330277
9.262 -1.330231
9.264 -1.330185
9.266 -1.330139
9.268 -1.330093
9.270 -1.330047
9.272 -1.330001
9.274 -1.329955
9.276 -1.329909
9.278 -1.329863
9.280 -1.329817
9.282 -1.329771
9.284 -1.329725
9.286 -1.329679
9.288 -1.329633
9.290 -1.329587
9.292 -1.329541
9.294 -1.329495
9.296 -1.329449
9.298 -1.329403
9.300 -1.329357
9.302 -1.329311
9.304 -1.329265
9.306 -1.329219
9.308 -1.329173
9.310 -1.329119
9.312 -1.329071
9.314 -1.329026
9.316 -1.328982
9.318 -1.328939
9.320 -1.328895
9.322 -1.328850
9.324 -1.328805
9.326 -1.328759
9.328 -1.328712
9.330 -1.328666
9.332 -1.328620
9.334 -1.328574
9.336 -1.328528
9.338 -1.328482
9.340 -1.328436
9.342 -1.328390
9.344 -1.328344
9.346 -1.328298
9.348 -1.328252
9.350 -1.328206
9.352 -1.328160
9.354 -1.328114
9.356 -1.328068
9.358 -1.328022
9.360 -1.327975
9.362 -1.327929
9.364 -1.327883
9.366 -1.327837
9.368 -1.327791
9.370 -1.327745
9.372 -1.327699
9.374 -1.327653
9.376 -1.327607
9.378 -1.327561
9.380 -1.327515
9.382 -1.327469
9.384 -1.327423
9.386 -1.327377
9.388 -1.327331
9.390 -1.327285
9.392 -1.327239
9.394 -1.327193
9.396 -1.327147
9.398 -1.327101
9.400 -1.327063
9.402 -1.327019
9.404 -1.326972
9.406 -1.326923
9.408 -1.326875
9.410 -1.326826
9.412 -1.326779
9.414 -1.326733
9.416 -1.326686
9.418 -1.326641
9.420 -1.326595
9.422 -1.326549
9.424 -1.326503
9.426 -1.326457
9.428 -1.326411
9.430 -1.326365
9.432 -1.326319
9.434 -1.326273
9.436 -1.326227
9.438 -1.326181
9.440 -1.326135
9.442 -1.326089
9.444 -1.326043
9.446 -1.325997
9.448 -1.325951
9.450 -1.325905
9.452 -1.325859
9.454 -1.325812
9.456 -1.325766
9.458 -1.325720
9.460 -1.325674
9.462 -1.325628
9.464 -1.325590
9.466 -1.325546
9.468 -1.325499
9.470 -1.325450
9.472 -1.325402
9.474 -1.325354
9.476 -1.325306
9.478 -1.325260
9.480 -1.325214
9.482 -1.325168
9.484 -1.325122
9.486 -1.325076
9.488 -1.325030
9.490 -1.324984
9.492 -1.324938
9.494 -1.324892
9.496 -1.324846
9.498 -1.324800
9.500 -1.324754
9.502 -1.324708
9.504 -1.324662
9.506 -1.324616
9.508 -1.324570
9.510 -1.324531
9.512 -1.324503
9.514 -1.324460
9.516 -1.324409
9.518 -1.324356
9.520 -1.324302
9.522 -1.324251
9.524 -1.324202
9.526 -1.324154
9.528 -1.324108
9.530 -1.324063
9.532 -1.324018
9.534 -1.323972
9.536 -1.323926
9.538 -1.323881
9.540 -1.323835
9.542 -1.323789
9.544 -1.323742
9.546 -1.323696
9.548 -1.323650
9.550 -1.323604
9.552 -1.323558
9.554 -1.323512
9.556 -1.323466
9.558 -1.323420
9.560 -1.323374
9.562 -1.323328
9.564 -1.323282
9.566 -1.323235
9.568 -1.323189
9.570 -1.323143
9.572 -1.323097
9.574 -1.323051
9.576 -1.323005
9.578 -1.322959
9.580 -1.322913
9.582 -1.322867
9.584 -1.322821
9.586 -1.322775
9.588 -1.322729
9.590 -1.322683
9.592 -1.322637
9.594 -1.322591
9.596 -1.322545
9.598 -1.322499
9.600 -1.322453
9.602 -1.322406
9.604 -1.322360
9.606 -1.322314
9.608 -1.322268
9.610 -1.322222
9.612 -1.322176
9.614 -1.322130
9.616 -1.322084
9.618 -1.322038
9.620 -1.321992
9.622 -1.321946
9.624 -1.321900
9.626 -1.321854
9.628 -1.321808
9.630 -1.321762
9.632 -1.321716
9.634 -1.321670
9.636 -1.321624
9.638 -1.321578
9.640 -1.321532
9.642 -1.321486
9.644 -1.321440
9.646 -1.321393
9.648 -1.321347
9.650 -1.321301
9.652 -1.321255
9.654 -1.321209
9.656 -1.321163
9.658 -1.321117
9.660 -1.321071
9.662 -1.321025
9.664 -1.320979
9.666 -1.320933
9.668 -1.320887
9.670 -1.320826
9.672 -1.320768
9.674 -1.320722
9.676 -1.320682
9.678 -1.320643
9.680 -1.320604
9.682 -1.320563
9.684 -1.320519
9.686 -1.320474
9.688 -1.320427
9.690 -1.320381
9.692 -1.320334
9.694 -1.320287
9.696 -1.320241
9.698 -1.320195
9.700 -1.320149
9.702 -1.320103
9.704 -1.320057
9.706 -1.320011
9.708 -1.319965
9.710 -1.319912
9.712 -1.319863
9.714 -1.319818
9.716 -1.319775
9.718 -1.319732
9.720 -1.319688
9.722 -1.319643
9.724 -1.319597
9.726 -1.319551
9.728 -1.319505
9.730 -1.319459
9.732 -1.319413
9.734 -1.319367
9.736 -1.319321
9.738 -1.319275
9.740 -1.319229
9.742 -1.319183
9.744 -1.319137
9.746 -1.319091
9.748 -1.319045
9.750 -1.318999
9.752 -1.318953
9.754 -1.318907
9.756 -1.318861
9.758 -1.318815
9.760 -1.318769
9.762 -1.318723
9.764 -1.318677
9.766 -1.318631
9.768 -1.318585
9.770 -1.318539
9.772 -1.318493
9.774 -1.318447
9.776 -1.318400
9.778 -1.318354
9.780 -1.318308
9.782 -1.318262
9.784 -1.318216
9.786 -1.318170
9.788 -1.318124
9.790 -1.318078
9.792 -1.318032
9.794 -1.317986
9.796 -1.317940
9.798 -1.317894
9.800 -1.317848
9.802 -1.317810
9.804 -1.317766
9.806 -1.317719
9.808 -1.317670
9.810 -1.317622
9.812 -1.317574
9.814 -1.317526
9.816 -1.317480
9.818 -1.317434
9.820 -1.317388
9.822 -1.317342
9.824 -1.317296
9.826 -1.317250
9.828 -1.317205
9.830 -1.317159
9.832 -1.317113
9.834 -1.317066
9.836 -1.317020
9.838 -1.316974
9.840 -1.316928
9.842 -1.316882
9.844 -1.316836
9.846 -1.316790
9.848 -1.316744
9.850 -1.316698
9.852 -1.316652
9.854 -1.316606
9.856 -1.316560
9.858 -1.316514
9.860 -1.316468
9.862 -1.316422
9.864 -1.316376
9.866 -1.316330
9.868 -1.316284
9.870 -1.316238
9.872 -1.316192
9.874 -1.316146
9.876 -1.316100
9.878 -1.316046
9.880 -1.315990
9.882 -1.315943
9.884 -1.315901
9.886 -1.315860
9.888 -1.315818
9.890 -1.315776
9.892 -1.315731
9.894 -1.315686
9.896 -1.315640
9.898 -1.315594
9.900 -1.315547
9.902 -1.315501
9.904 -1.315454
9.906 -1.315408
9.908 -1.315362
9.910 -1.315316
9.912 -1.315270
9.914 -1.315224
9.916 -1.315178
9.918 -1.315132
9.920 -1.315086
9.922 -1.315040
9.924 -1.314994
9.926 -1.314948
9.928 -1.314902
9.930 -1.314856
9.932 -1.314810
9.934 -1.314764
9.936 -1.314718
9.938 -1.314672
9.940 -1.314626
9.942 -1.314580
9.944 -1.314534
9.946 -1.314488
9.948 -1.314442
9.950 -1.314396
9.952 -1.314350
9.954 -1.314304
9.956 -1.314258
9.958 -1.314212
9.960 -1.314166
9.962 -1.314120
9.964 -1.314074
9.966 -1.314028
9.968 -1.313982
9.970 -1.313936
9.972 -1.313890
9.974 -1.313844
9.976 -1.313798
9.978 -1.313752
9.980 -1.313706
9.982 -1.313660
9.984 -1.313614
9.986 -1.313568
9.988 -1.313522
9.990 -1.313476
9.992 -1.313430
9.994 -1.313384
9.996 -1.313338
9.998 -1.313292
10.000 -1.313245
10.002 -1.313199
10.004 -1.313153
10.006 -1.313107
10.008 -1.313061
10.010 -1.313015
10.012 -1.312969
10.014 -1.312923
10.016 -1.312877
10.018 -1.312831
10.020 -1.312785
10.022 -1.312739
10.024 -1.312693
10.026 -1.312647
10.028 -1.312601
10.030 -1.312555
10.032 -1.312509
10.034 -1.312463
10.036 -1.312417
10.038 -1.312371
10.040 -1.312325
10.042 -1.312279
10.044 -1.312233
10.046 -1.312187
10.048 -1.312141
10.050 -1.312095
10.052 -1.312049
10.054 -1.312003
10.056 -1.311957
10.058 -1.311911
10.060 -1.311865
10.062 -1.311819
10.064 -1.311773
10.066 -1.311727
10.068 -1.311681
10.070 -1.311635
10.072 -1.311596
10.074 -1.311552
10.076 -1.311505
10.078 -1.311457
10.080 -1.311408
10.082 -1.311360
10.084 -1.311313
10.086 -1.311266
10.088 -1.311220
10.090 -1.311174
10.092 -1.311128
10.094 -1.311082
10.096 -1.311037
10.098 -1.310991
10.100 -1.310945
10.102 -1.310899
10.104 -1.310852
10.106 -1.310806
10.108 -1.310760
10.110 -1.310714
10.112 -1.310668
10.114 -1.310622
10.116 -1.310576
10.118 -1.310530
10.120 -1.310484
10.122 -1.310438
10.124 -1.310392
10.126 -1.310346
10.128 -1.310300
10.130 -1.310254
10.132 -1.310216
10.134 -1.310172
10.136 -1.310124
10.138 -1.310076
10.140 -1.310027
10.142 -1.309979
10.144 -1.309932
10.146 -1.309885
10.148 -1.309839
10.150 -1.309793
10.152 -1.309747
10.154 -1.309702
10.156 -1.309656
10.158 -1.309610
10.160 -1.309564
10.162 -1.309518
10.164 -1.309472
10.166 -1.309426
10.168 -1.309380
10.170 -1.309333
10.172 -1.309287
10.174 -1.309241
10.176 -1.309195
10.178 -1.309149
10.180 -1.309103
10.182 -1.309057
10.184 -1.309011
10.186 -1.308965
10.188 -1.308919
10.190 -1.308873
10.192 -1.308827
10.194 -1.308781
10.196 -1.308735
10.198 -1.308689
10.200 -1.308643
10.202 -1.308604
10.204 -1.308561
10.206 -1.308513
10.208 -1.308465
10.210 -1.308416
10.212 -1.308368
10.214 -1.308321
10.216 -1.308274
10.218 -1.308228
10.220 -1.308182
10.222 -1.308136
10.224 -1.308091
10.226 -1.308045
10.228 -1.307999
10.230 -1.307953
10.232 -1.307907
10.234 -1.307861
10.236 -1.307814
10.238 -1.307768
10.240 -1.307722
10.242 -1.307676
10.244 -1.307630
10.246 -1.307584
10.248 -1.307538
10.250 -1.307492
10.252 -1.307446
10.254 -1.307400
10.256 -1.307354
10.258 -1.307316
10.260 -1.307272
10.262 -1.307232
10.264 -1.307186
10.266 -1.307136
10.268 -1.307085
10.270 -1.307043
10.272 -1.306997
10.274 -1.306948
10.276 -1.306899
10.278 -1.306851
10.280 -1.306811
10.282 -1.306774
10.284 -1.306728
10.286 -1.306679
10.288 -1.306628
10.290 -1.306577
10.292 -1.306528
10.294 -1.306480
10.296 -1.306434
10.298 -1.306388
10.300 -1.306342
10.302 -1.306296
10.304 -1.306251
10.306 -1.306205
10.308 -1.306159
10.310 -1.306113
10.312 -1.306067
10.314 -1.306020
10.316 -1.305967
10.318 -1.305918
10.320 -1.305873
10.322 -1.305830
10.324 -1.305786
10.326 -1.305735
10.328 -1.305688
10.330 -1.305643
10.332 -1.305600
10.334 -1.305556
10.336 -1.305512
10.338 -1.305467
10.340 -1.305421
10.342 -1.305375
10.344 -1.305329
10.346 -1.305283
10.348 -1.305236
10.350 -1.305190
10.352 -1.305144
10.354 -1.305098
10.356 -1.305052
10.358 -1.305006
10.360 -1.304960
10.362 -1.304914
10.364 -1.304868
10.366 -1.304822
10.368 -1.304776
10.370 -1.304730
10.372 -1.304684
10.374 -1.304638
10.376 -1.304592
10.378 -1.304546
10.380 -1.304500
10.382 -1.304453
10.384 -1.304407
10.386 -1.304361
10.388 -1.304315
10.390 -1.304262
10.392 -1.304213
10.394 -1.304176
10.396 -1.304135
10.398 -1.304090
10.400 -1.304044
10.402 -1.303996
10.404 -1.303949
10.406 -1.303902
10.408 -1.303855
10.410 -1.303809
10.412 -1.303762
10.414 -1.303717
10.416 -1.303671
10.418 -1.303625
10.420 -1.303579
10.422 -1.303533
10.424 -1.303487
10.426 -1.303441
10.428 -1.303395
10.430 -1.303356
10.432 -1.303320
10.434 -1.303275
10.436 -1.303225
10.438 -1.303174
10.440 -1.303124
10.442 -1.303074
10.444 -1.303026
10.446 -1.302980
10.448 -1.302934
10.450 -1.302888
10.452 -1.302843
10.454 -1.302797
10.456 -1.302751
10.458 -1.302705
10.460 -1.302659
10.462 -1.302613
10.464 -1.302567
10.466 -1.302521
10.468 -1.302475
10.470 -1.302421
10.472 -1.302373
10.474 -1.302328
10.476 -1.302284
10.478 -1.302241
10.480 -1.302197
10.482 -1.302152
10.484 -1.302107
10.486 -1.302061
10.488 -1.302014
10.490 -1.301968
10.492 -1.301922
10.494 -1.301876
10.496 -1.301830
10.498 -1.301783
10.500 -1.301737
10.502 -1.301691
10.504 -1.301645
10.506 -1.301599
10.508 -1.301553
10.510 -1.301507
10.512 -1.301461
10.514 -1.301415
10.516 -1.301369
10.518 -1.301323
10.520 -1.301277
10.522 -1.301231
10.524 -1.301186
10.526 -1.301140
10.528 -1.301095
10.530 -1.301051
10.532 -1.301014
10.534 -1.300973
10.536 -1.300930
10.538 -1.300886
10.540 -1.300843
10.542 -1.300801
10.544 -1.300760
10.546 -1.300720
10.548 -1.300682
10.550 -1.300644
10.552 -1.300607
10.554 -1.300571
10.556 -1.300535
10.558 -1.300500
10.560 -1.300466
10.562 -1.300432
10.564 -1.300400
10.566 -1.300367
10.568 -1.300336
10.570 -1.300305
10.572 -1.300275
10.574 -1.300246
10.576 -1.300217
10.578 -1.300190
10.580 -1.300163
10.582 -1.300140
10.584 -1.300116
10.586 -1.300090
10.588 -1.300065
10.590 -1.300041
10.592 -1.300018
10.594 -1.299995
10.596 -1.299974
10.598 -1.299954
10.600 -1.299935
10.602 -1.299917
10.604 -1.299899
10.606 -1.299883
10.608 -1.299867
10.610 -1.299851
10.612 -1.299837
10.614 -1.299823
10.616 -1.299811
10.618 -1.299799
10.620 -1.299787
10.622 -1.299777
10.624 -1.299768
10.626 -1.299759
10.628 -1.299751
10.630 -1.299744
10.632 -1.299738
