0.000 0.019738
0.002 0.019738
0.004 0.019738
0.006 0.019738
0.008 0.019738
0.010 0.019738
0.012 0.019738
0.014 0.019738
0.016 0.019738
0.018 0.019738
0.020 0.019738
0.022 0.019738
0.024 0.019738
0.026 0.019738
0.028 0.019738
0.030 0.019738
0.032 0.019738
0.034 0.019738
0.036 0.019738
0.038 0.019738
0.040 0.019738
0.042 0.019738
0.044 0.019738
0.046 0.019738
0.048 0.019738
0.050 0.019738
0.052 0.019738
0.054 0.019738
0.056 0.019738
0.058 0.019738
0.060 0.019738
0.062 0.019738
0.064 0.019738
0.066 0.019738
0.068 0.019738
0.070 0.019738
0.072 0.019738
0.074 0.019738
0.076 0.019738
0.078 0.019738
0.080 0.019738
0.082 0.019738
0.084 0.019738
0.086 0.019738
0.088 0.019738
0.090 0.019738
0.092 0.019738
0.094 0.019738
0.096 0.019738
0.098 0.019738
0.100 0.019738
0.102 0.019738
0.104 0.019738
0.106 0.019738
0.108 0.019738
0.110 0.019738
0.112 0.019738
0.114 0.019738
0.116 0.019738
0.118 0.019738
0.120 0.019738
0.122 0.019738
0.124 0.019738
0.126 0.019738
0.128 0.019738
0.130 0.019738
0.132 0.019738
0.134 0.019738
0.136 0.019738
0.138 0.019738
0.140 0.019738
0.142 0.019738
0.144 0.019738
0.146 0.019738
0.148 0.019738
0.150 0.019738
0.152 0.019738
0.154 0.019738
0.156 0.019738
0.158 0.019738
0.160 0.019738
0.162 0.019738
0.164 0.019738
0.166 0.019738
0.168 0.019738
0.170 0.019738
0.172 0.019738
0.174 0.019738
0.176 0.019738
0.178 0.019738
0.180 0.019738
0.182 0.019738
0.184 0.019738
0.186 0.019738
0.188 0.019738
0.190 0.019738
0.192 0.019738
0.194 0.019738
0.196 0.019738
0.198 0.019738
0.200 0.019738
0.202 0.019738
0.204 0.019738
0.206 0.019738
0.208 0.019738
0.210 0.019738
0.212 0.019738
0.214 0.019738
0.216 0.019738
0.218 0.019738
0.220 0.019738
0.222 0.019738
0.224 0.019738
0.226 0.019738
0.228 0.019738
0.230 0.019738
0.232 0.019738
0.234 0.019738
0.236 0.019738
0.238 0.019738
0.240 0.019738
0.242 0.019738
0.244 0.019738
0.246 0.019738
0.248 0.019738
0.250 0.019738
0.252 0.019738
0.254 0.019738
0.256 0.019738
0.258 0.019738
0.260 0.019738
0.262 0.019738
0.264 0.019738
0.266 0.019738
0.268 0.019738
0.270 0.019738
0.272 0.019738
0.274 0.019738
0.276 0.019738
0.278 0.019738
0.280 0.019738
0.282 0.019738
0.284 0.019738
0.286 0.019738
0.288 0.019738
0.290 0.019738
0.292 0.019738
0.294 0.019738
0.296 0.019738
0.298 0.019738
0.300 0.019738
0.302 0.019738
0.304 0.019738
0.306 0.019738
0.308 0.019738
0.310 0.019738
0.312 0.019738
0.314 0.019738
0.316 0.019738
0.318 0.019738
0.320 0.019738
0.322 0.019738
0.324 0.019738
0.326 0.019738
0.328 0.019738
0.330 0.019738
0.332 0.019738
0.334 0.019738
0.336 0.019738
0.338 0.019738
0.340 0.019738
0.342 0.019738
0.344 0.019738
0.346 0.019738
0.348 0.019738
0.350 0.019738
0.352 0.019738
0.354 0.019738
0.356 0.019738
0.358 0.019738
0.360 0.019738
0.362 0.019738
0.364 0.019738
0.366 0.019738
0.368 0.019738
0.370 0.019738
0.372 0.019738
0.374 0.019738
0.376 0.019738
0.378 0.019738
0.380 0.019738
0.382 0.019738
0.384 0.019738
0.386 0.019738
0.388 0.019738
0.390 0.019738
0.392 0.019738
0.394 0.019738
0.396 0.019738
0.398 0.019738
0.400 0.019738
0.402 0.019738
0.404 0.019738
0.406 0.019738
0.408 0.019738
0.410 0.019738
0.412 0.019738
0.414 0.019738
0.416 0.019738
0.418 0.019738
0.420 0.019738
0.422 0.019738
0.424 0.019738
0.426 0.019738
0.428 0.019738
0.430 0.019738
0.432 0.019738
0.434 0.019738
0.436 0.019738
0.438 0.019738
0.440 0.019738
0.442 0.019738
0.444 0.019738
0.446 0.019738
0.448 0.019738
0.450 0.019738
0.452 0.019738
0.454 0.019738
0.456 0.019738
0.458 0.019738
0.460 0.019738
0.462 0.019738
0.464 0.019738
0.466 0.019738
0.468 0.019738
0.470 0.019738
0.472 0.019738
0.474 0.019738
0.476 0.019738
0.478 0.019738
0.480 0.019738
0.482 0.019738
0.484 0.019738
0.486 0.019738
0.488 0.019738
0.490 0.019738
0.492 0.019738
0.494 0.019738
0.496 0.019738
0.498 0.019738
0.500 0.019738
0.502 0.019738
0.504 0.019738
0.506 0.019738
0.508 0.019738
0.510 0.019738
0.512 0.019738
0.514 0.019738
0.516 0.019738
0.518 0.019738
0.520 0.019738
0.522 0.019738
0.524 0.019738
0.526 0.019738
0.528 0.019738
0.530 0.019738
0.532 0.019738
0.534 0.019738
0.536 0.019738
0.538 0.019738
0.540 0.019738
0.542 0.019738
0.544 0.019738
0.546 0.019738
0.548 0.019738
0.550 0.019738
0.552 0.019738
0.554 0.019738
0.556 0.019738
0.558 0.019738
0.560 0.019738
0.562 0.019738
0.564 0.019738
0.566 0.019738
0.568 0.019738
0.570 0.019738
0.572 0.019738
0.574 0.019738
0.576 0.019738
0.578 0.019738
0.580 0.019738
0.582 0.019738
0.584 0.019738
0.586 0.019738
0.588 0.019738
0.590 0.019738
0.592 0.019738
0.594 0.019738
0.596 0.019738
0.598 0.019738
0.600 0.019738
0.602 0.019738
0.604 0.019738
0.606 0.019738
0.608 0.019738
0.610 0.019738
0.612 0.019738
0.614 0.019738
0.616 0.019738
0.618 0.019738
0.620 0.019738
0.622 0.019738
0.624 0.019738
0.626 0.019738
0.628 0.019738
0.630 0.019738
0.632 0.019738
0.634 0.019738
0.636 0.019738
0.638 0.019738
0.640 0.019738
0.642 0.019738
0.644 0.019738
0.646 0.019738
0.648 0.019738
0.650 0.019738
0.652 0.019738
0.654 0.019738
0.656 0.019738
0.658 0.019738
0.660 0.019738
0.662 0.019738
0.664 0.019738
0.666 0.019738
0.668 0.019738
0.670 0.019738
0.672 0.019738
0.674 0.019738
0.676 0.019738
0.678 0.019738
0.680 0.019738
0.682 0.019738
0.684 0.019738
0.686 0.019738
0.688 0.019738
0.690 0.019738
0.692 0.019738
0.694 0.019738
0.696 0.019738
0.698 0.019738
0.700 0.019738
0.702 0.019738
0.704 0.019738
0.706 0.019738
0.708 0.019738
0.710 0.019738
0.712 0.019738
0.714 0.019738
0.716 0.019738
0.718 0.019738
0.720 0.019738
0.722 0.019738
0.724 0.019738
0.726 0.019738
0.728 0.019738
0.730 0.019738
0.732 0.019738
0.734 0.019738
0.736 0.019738
0.738 0.019738
0.740 0.019738
0.742 0.019738
0.744 0.019738
0.746 0.019738
0.748 0.019738
0.750 0.019738
0.752 0.019738
0.754 0.019738
0.756 0.019738
0.758 0.019738
0.760 0.019738
0.762 0.019738
0.764 0.019738
0.766 0.019738
0.768 0.019738
0.770 0.019738
0.772 0.019738
0.774 0.019738
0.776 0.019738
0.778 0.019738
0.780 0.019738
0.782 0.019738
0.784 0.019738
0.786 0.019738
0.788 0.019738
0.790 0.019738
0.792 0.019738
0.794 0.019738
0.796 0.019738
0.798 0.019738
0.800 0.019738
0.802 0.019738
0.804 0.019738
0.806 0.019738
0.808 0.019738
0.810 0.019738
0.812 0.019738
0.814 0.019738
0.816 0.019738
0.818 0.019738
0.820 0.019738
0.822 0.019738
0.824 0.019738
0.826 0.019738
0.828 0.019738
0.830 0.019738
0.832 0.019738
0.834 0.019738
0.836 0.019738
0.838 0.019738
0.840 0.019738
0.842 0.019738
0.844 0.019738
0.846 0.019738
0.848 0.019738
0.850 0.019738
0.852 0.019738
0.854 0.019738
0.856 0.019738
0.858 0.019738
0.860 0.019738
0.862 0.019738
0.864 0.019738
0.866 0.019738
0.868 0.019738
0.870 0.019738
0.872 0.019738
0.874 0.019738
0.876 0.019738
0.878 0.019738
0.880 0.019738
0.882 0.019738
0.884 0.019738
0.886 0.019738
0.888 0.019738
0.890 0.019738
0.892 0.019738
0.894 0.019738
0.896 0.019738
0.898 0.019738
0.900 0.019738
0.902 0.019738
0.904 0.019738
0.906 0.019738
0.908 0.019738
0.910 0.019738
0.912 0.019738
0.914 0.019738
0.916 0.019738
0.918 0.019738
0.920 0.019738
0.922 0.019738
0.924 0.019738
0.926 0.019738
0.928 0.019738
0.930 0.019738
0.932 0.019738
0.934 0.019738
0.936 0.019738
0.938 0.019738
0.940 0.019738
0.942 0.019738
0.944 0.019738
0.946 0.019738
0.948 0.019738
0.950 0.019738
0.952 0.019738
0.954 0.019738
0.956 0.019738
0.958 0.019738
0.960 0.019738
0.962 0.019738
0.964 0.019738
0.966 0.019738
0.968 0.019738
0.970 0.019738
0.972 0.019738
0.974 0.019738
0.976 0.019738
0.978 0.019738
0.980 0.019738
0.982 0.019738
0.984 0.019738
0.986 0.019738
0.988 0.019738
0.990 0.019738
0.992 0.019738
0.994 0.019738
0.996 0.019738
0.998 0.019738
1.000 0.019738
1.002 0.019738
1.004 0.019738
1.006 0.019738
1.008 0.019738
1.010 0.019738
1.012 0.019738
1.014 0.019738
1.016 0.019738
1.018 0.019738
1.020 0.019738
1.022 0.019738
1.024 0.019738
1.026 0.019738
1.028 0.019738
1.030 0.019738
1.032 0.019738
1.034 0.019738
1.036 0.019738
1.038 0.019738
1.040 0.019738
1.042 0.019738
1.044 0.019738
1.046 0.019738
1.048 0.019738
1.050 0.019738
1.052 0.019738
1.054 0.019738
1.056 0.019738
1.058 0.019738
1.060 0.019738
1.062 0.019738
1.064 0.019738
1.066 0.019738
1.068 0.019738
1.070 0.019738
1.072 0.019738
1.074 0.019738
1.076 0.019738
1.078 0.019738
1.080 0.019738
1.082 0.019738
1.084 0.019738
1.086 0.019738
1.088 0.019738
1.090 0.019738
1.092 0.019738
1.094 0.019738
1.096 0.019738
1.098 0.019738
1.100 0.019738
1.102 0.019738
1.104 0.019738
1.106 0.019738
1.108 0.019738
1.110 0.019738
1.112 0.019738
1.114 0.019738
1.116 0.019738
1.118 0.019738
1.120 0.019738
1.122 0.019738
1.124 0.019738
1.126 0.019738
1.128 0.019738
1.130 0.019738
1.132 0.019738
1.134 0.019738
1.136 0.019738
1.138 0.019738
1.140 0.019738
1.142 0.019738
1.144 0.019738
1.146 0.019738
1.148 0.019738
1.150 0.019738
1.152 0.019738
1.154 0.019738
1.156 0.019738
1.158 0.019738
1.160 0.019738
1.162 0.019738
1.164 0.019738
1.166 0.019738
1.168 0.019738
1.170 0.019738
1.172 0.019738
1.174 0.019738
1.176 0.019738
1.178 0.019738
1.180 0.019738
1.182 0.019738
1.184 0.019738
1.186 0.019738
1.188 0.019738
1.190 0.019738
1.192 0.019738
1.194 0.019738
1.196 0.019738
1.198 0.019738
1.200 0.019738
1.202 0.019738
1.204 0.019738
1.206 0.019738
1.208 0.019738
1.210 0.019738
1.212 0.019738
1.214 0.019738
1.216 0.019738
1.218 0.019738
1.220 0.019738
1.222 0.019738
1.224 0.019738
1.226 0.019738
1.228 0.019738
1.230 0.019738
1.232 0.019738
1.234 0.019738
1.236 0.019738
1.238 0.019738
1.240 0.019738
1.242 0.019738
1.244 0.019738
1.246 0.019738
1.248 0.019738
1.250 0.019738
1.252 0.019738
1.254 0.019738
1.256 0.019738
1.258 0.019738
1.260 0.019738
1.262 0.019738
1.264 0.019738
1.266 0.019738
1.268 0.019738
1.270 0.019738
1.272 0.019738
1.274 0.019738
1.276 0.019738
1.278 0.019738
1.280 0.019738
1.282 0.019738
1.284 0.019738
1.286 0.019738
1.288 0.019738
1.290 0.019738
1.292 0.019738
1.294 0.019738
1.296 0.019738
1.298 0.019738
1.300 0.019738
1.302 0.019738
1.304 0.019738
1.306 0.019738
1.308 0.019738
1.310 0.019738
1.312 0.019738
1.314 0.019738
1.316 0.019738
1.318 0.019738
1.320 0.019738
1.322 0.019738
1.324 0.019738
1.326 0.019738
1.328 0.019738
1.330 0.019738
1.332 0.019738
1.334 0.019738
1.336 0.019738
1.338 0.019738
1.340 0.019738
1.342 0.019738
1.344 0.019738
1.346 0.019738
1.348 0.019738
1.350 0.019738
1.352 0.019738
1.354 0.019738
1.356 0.019738
1.358 0.019738
1.360 0.019738
1.362 0.019738
1.364 0.019738
1.366 0.019738
1.368 0.019738
1.370 0.019738
1.372 0.019738
1.374 0.019738
1.376 0.019738
1.378 0.019738
1.380 0.019738
1.382 0.019738
1.384 0.019738
1.386 0.019738
1.388 0.019738
1.390 0.019738
1.392 0.019738
1.394 0.019738
1.396 0.019738
1.398 0.019738
1.400 0.019738
1.402 0.019738
1.404 0.019738
1.406 0.019738
1.408 0.019738
1.410 0.019738
1.412 0.019738
1.414 0.019738
1.416 0.019738
1.418 0.019738
1.420 0.019738
1.422 0.019738
1.424 0.019738
1.426 0.019738
1.428 0.019738
1.430 0.019738
1.432 0.019738
1.434 0.019738
1.436 0.019738
1.438 0.019738
1.440 0.019738
1.442 0.019738
1.444 0.019738
1.446 0.019738
1.448 0.019738
1.450 0.019738
1.452 0.019738
1.454 0.019738
1.456 0.019738
1.458 0.019738
1.460 0.019738
1.462 0.019738
1.464 0.019738
1.466 0.019738
1.468 0.019738
1.470 0.019738
1.472 0.019738
1.474 0.019738
1.476 0.019738
1.478 0.019738
1.480 0.019738
1.482 0.019738
1.484 0.019738
1.486 0.019738
1.488 0.019738
1.490 0.019738
1.492 0.019738
1.494 0.019738
1.496 0.019738
1.498 0.019738
1.500 0.019738
1.502 0.019738
1.504 0.019738
1.506 0.019738
1.508 0.019738
1.510 0.019738
1.512 0.019738
1.514 0.019738
1.516 0.019738
1.518 0.019738
1.520 0.019738
1.522 0.019738
1.524 0.019738
1.526 0.019738
1.528 0.019738
1.530 0.019738
1.532 0.019738
1.534 0.019738
1.536 0.019738
1.538 0.019738
1.540 0.019738
1.542 0.019738
1.544 0.019738
1.546 0.019738
1.548 0.019738
1.550 0.019738
1.552 0.019738
1.554 0.019738
1.556 0.019738
1.558 0.019738
1.560 0.019738
1.562 0.019738
1.564 0.019738
1.566 0.019738
1.568 0.019738
1.570 0.019738
1.572 0.019738
1.574 0.019738
1.576 0.019738
1.578 0.019738
1.580 0.019738
1.582 0.019738
1.584 0.019738
1.586 0.019738
1.588 0.019738
1.590 0.019738
1.592 0.019738
1.594 0.019738
1.596 0.019738
1.598 0.019738
1.600 0.019738
1.602 0.019738
1.604 0.019738
1.606 0.019738
1.608 0.019738
1.610 0.019738
1.612 0.019738
1.614 0.019738
1.616 0.019738
1.618 0.019738
1.620 0.019738
1.622 0.019738
1.624 0.019738
1.626 0.019738
1.628 0.019738
1.630 0.019738
1.632 0.019738
1.634 0.019738
1.636 0.019738
1.638 0.019738
1.640 0.019738
1.642 0.019738
1.644 0.019738
1.646 0.019738
1.648 0.019738
1.650 0.019738
1.652 0.019738
1.654 0.019738
1.656 0.019738
1.658 0.019738
1.660 0.019738
1.662 0.019738
1.664 0.019738
1.666 0.019738
1.668 0.019738
1.670 0.019738
1.672 0.019738
1.674 0.019738
1.676 0.019738
1.678 0.019738
1.680 0.019738
1.682 0.019738
1.684 0.019738
1.686 0.019738
1.688 0.019738
1.690 0.019738
1.692 0.019738
1.694 0.019738
1.696 0.019738
1.698 0.019738
1.700 0.019738
1.702 0.019738
1.704 0.019738
1.706 0.019738
1.708 0.019738
1.710 0.019738
1.712 0.019738
1.714 0.019738
1.716 0.019738
1.718 0.019738
1.720 0.019738
1.722 0.019738
1.724 0.019738
1.726 0.019738
1.728 0.019738
1.730 0.019738
1.732 0.019738
1.734 0.019738
1.736 0.019738
1.738 0.019738
1.740 0.019738
1.742 0.019738
1.744 0.019738
1.746 0.019738
1.748 0.019738
1.750 0.019738
1.752 0.019738
1.754 0.019738
1.756 0.019738
1.758 0.019738
1.760 0.019738
1.762 0.019738
1.764 0.019738
1.766 0.019738
1.768 0.019738
1.770 0.019738
1.772 0.019738
1.774 0.019738
1.776 0.019738
1.778 0.019738
1.780 0.019738
1.782 0.019738
1.784 0.019738
1.786 0.019738
1.788 0.019738
1.790 0.019738
1.792 0.019738
1.794 0.019738
1.796 0.019738
1.798 0.019738
1.800 0.019738
1.802 0.019738
1.804 0.019738
1.806 0.019738
1.808 0.019738
1.810 0.019738
1.812 0.019738
1.814 0.019738
1.816 0.019738
1.818 0.019738
1.820 0.019738
1.822 0.019738
1.824 0.019738
1.826 0.019738
1.828 0.019738
1.830 0.019738
1.832 0.019738
1.834 0.019738
1.836 0.019738
1.838 0.019738
1.840 0.019738
1.842 0.019738
1.844 0.019738
1.846 0.019738
1.848 0.019738
1.850 0.019738
1.852 0.019738
1.854 0.019738
1.856 0.019738
1.858 0.019738
1.860 0.019738
1.862 0.019738
1.864 0.019738
1.866 0.019738
1.868 0.019738
1.870 0.019738
1.872 0.019738
1.874 0.019738
1.876 0.019738
1.878 0.019738
1.880 0.019738
1.882 0.019738
1.884 0.019738
1.886 0.019738
1.888 0.019738
1.890 0.019738
1.892 0.019738
1.894 0.019738
1.896 0.019738
1.898 0.019738
1.900 0.019738
1.902 0.019738
1.904 0.019738
1.906 0.019738
1.908 0.019738
1.910 0.019738
1.912 0.019738
1.914 0.019738
1.916 0.019738
1.918 0.019738
1.920 0.019738
1.922 0.019738
1.924 0.019738
1.926 0.019738
1.928 0.019738
1.930 0.019738
1.932 0.019738
1.934 0.019738
1.936 0.019738
1.938 0.019738
1.940 0.019738
1.942 0.019738
1.944 0.019738
1.946 0.019738
1.948 0.019738
1.950 0.019738
1.952 0.019738
1.954 0.019738
1.956 0.019738
1.958 0.019738
1.960 0.019738
1.962 0.019738
1.964 0.019738
1.966 0.019738
1.968 0.019738
1.970 0.019738
1.972 0.019738
1.974 0.019738
1.976 0.019738
1.978 0.019738
1.980 0.019738
1.982 0.019738
1.984 0.019738
1.986 0.019738
1.988 0.019738
1.990 0.019738
1.992 0.019738
1.994 0.019738
1.996 0.019738
1.998 0.019738
2.000 0.019738
2.002 0.019738
2.004 0.019738
2.006 0.019738
2.008 0.019738
2.010 0.019738
2.012 0.019738
2.014 0.019738
2.016 0.019738
2.018 0.019738
2.020 0.019738
2.022 0.019738
2.024 0.019738
2.026 0.019738
2.028 0.019738
2.030 0.019738
2.032 0.019738
2.034 0.019738
2.036 0.019738
2.038 0.019738
2.040 0.019738
2.042 0.019738
2.044 0.019738
2.046 0.019738
2.048 0.019738
2.050 0.019738
2.052 0.019738
2.054 0.019738
2.056 0.019738
2.058 0.019738
2.060 0.019738
2.062 0.019738
2.064 0.019738
2.066 0.019738
2.068 0.019738
2.070 0.019738
2.072 0.019738
2.074 0.019738
2.076 0.019738
2.078 0.019738
2.080 0.019738
2.082 0.019738
2.084 0.019738
2.086 0.019738
2.088 0.019738
2.090 0.019738
2.092 0.019738
2.094 0.019738
2.096 0.019738
2.098 0.019738
2.100 0.019738
2.102 0.019738
2.104 0.019738
2.106 0.019738
2.108 0.019738
2.110 0.019738
2.112 0.019738
2.114 0.019738
2.116 0.019738
2.118 0.019738
2.120 0.019738
2.122 0.019738
2.124 0.019738
2.126 0.019738
2.128 0.019738
2.130 0.019738
2.132 0.019738
2.134 0.019738
2.136 0.019738
2.138 0.019738
2.140 0.019738
2.142 0.019738
2.144 0.019738
2.146 0.019738
2.148 0.019738
2.150 0.019738
2.152 0.019738
2.154 0.019738
2.156 0.019738
2.158 0.019738
2.160 0.019738
2.162 0.019738
2.164 0.019738
2.166 0.019738
2.168 0.019738
2.170 0.019738
2.172 0.019738
2.174 0.019738
2.176 0.019738
2.178 0.019738
2.180 0.019738
2.182 0.019738
2.184 0.019738
2.186 0.019738
2.188 0.019738
2.190 0.019738
2.192 0.019738
2.194 0.019738
2.196 0.019738
2.198 0.019738
2.200 0.019738
2.202 0.019738
2.204 0.019738
2.206 0.019738
2.208 0.019738
2.210 0.019738
2.212 0.019738
2.214 0.019738
2.216 0.019738
2.218 0.019738
2.220 0.019738
2.222 0.019738
2.224 0.019738
2.226 0.019738
2.228 0.019738
2.230 0.019738
2.232 0.019738
2.234 0.019738
2.236 0.019738
2.238 0.019738
2.240 0.019738
2.242 0.019738
2.244 0.019738
2.246 0.019738
2.248 0.019738
2.250 0.019738
2.252 0.019738
2.254 0.019738
2.256 0.019738
2.258 0.019738
2.260 0.019738
2.262 0.019738
2.264 0.019738
2.266 0.019738
2.268 0.019738
2.270 0.019738
2.272 0.019738
2.274 0.019738
2.276 0.019738
2.278 0.019738
2.280 0.019738
2.282 0.019738
2.284 0.019738
2.286 0.019738
2.288 0.019738
2.290 0.019738
2.292 0.019738
2.294 0.019738
2.296 0.019738
2.298 0.019738
2.300 0.019738
2.302 0.019738
2.304 0.019738
2.306 0.019738
2.308 0.019738
2.310 0.019738
2.312 0.019738
2.314 0.019738
2.316 0.019738
2.318 0.019738
2.320 0.019738
2.322 0.019738
2.324 0.019738
2.326 0.019738
2.328 0.019738
2.330 0.019738
2.332 0.019738
2.334 0.019738
2.336 0.019738
2.338 0.019738
2.340 0.019738
2.342 0.019738
2.344 0.019738
2.346 0.019738
2.348 0.019738
2.350 0.019738
2.352 0.019738
2.354 0.019738
2.356 0.019738
2.358 0.019738
2.360 0.019738
2.362 0.019738
2.364 0.019738
2.366 0.019738
2.368 0.019738
2.370 0.019738
2.372 0.019738
2.374 0.019738
2.376 0.019738
2.378 0.019738
2.380 0.019738
2.382 0.019738
2.384 0.019738
2.386 0.019738
2.388 0.019738
2.390 0.019738
2.392 0.019738
2.394 0.019738
2.396 0.019738
2.398 0.019738
2.400 0.019738
2.402 0.019738
2.404 0.019738
2.406 0.019738
2.408 0.019738
2.410 0.019738
2.412 0.019738
2.414 0.019738
2.416 0.019738
2.418 0.019738
2.420 0.019738
2.422 0.019738
2.424 0.019738
2.426 0.019738
2.428 0.019738
2.430 0.019738
2.432 0.019738
2.434 0.019738
2.436 0.019738
2.438 0.019738
2.440 0.019738
2.442 0.019738
2.444 0.019738
2.446 0.019738
2.448 0.019738
2.450 0.019738
2.452 0.019738
2.454 0.019738
2.456 0.019738
2.458 0.019738
2.460 0.019738
2.462 0.019738
2.464 0.019738
2.466 0.019738
2.468 0.019738
2.470 0.019738
2.472 0.019738
2.474 0.019738
2.476 0.019738
2.478 0.019738
2.480 0.019738
2.482 0.019738
2.484 0.019738
2.486 0.019738
2.488 0.019738
2.490 0.019738
2.492 0.019738
2.494 0.019738
2.496 0.019738
2.498 0.019738
2.500 0.019738
2.502 0.019738
2.504 0.019738
2.506 0.019738
2.508 0.019738
2.510 0.019738
2.512 0.019738
2.514 0.019738
2.516 0.019738
2.518 0.019738
2.520 0.019738
2.522 0.019738
2.524 0.019738
2.526 0.019738
2.528 0.019738
2.530 0.019738
2.532 0.019738
2.534 0.019738
2.536 0.019738
2.538 0.019738
2.540 0.019738
2.542 0.019738
2.544 0.019738
2.546 0.019738
2.548 0.019738
2.550 0.019738
2.552 0.019738
2.554 0.019738
2.556 0.019738
2.558 0.019738
2.560 0.019738
2.562 0.019738
2.564 0.019738
2.566 0.019738
2.568 0.019738
2.570 0.019738
2.572 0.019738
2.574 0.019738
2.576 0.019738
2.578 0.019738
2.580 0.019738
2.582 0.019738
2.584 0.019738
2.586 0.019738
2.588 0.019738
2.590 0.019738
2.592 0.019738
2.594 0.019738
2.596 0.019738
2.598 0.019738
2.600 0.019738
2.602 0.019738
2.604 0.019738
2.606 0.019738
2.608 0.019738
2.610 0.019738
2.612 0.019738
2.614 0.019738
2.616 0.019738
2.618 0.019738
2.620 0.019738
2.622 0.019738
2.624 0.019738
2.626 0.019738
2.628 0.019738
2.630 0.019738
2.632 0.019738
2.634 0.019738
2.636 0.019738
2.638 0.019738
2.640 0.019738
2.642 0.019738
2.644 0.019738
2.646 0.019738
2.648 0.019738
2.650 0.019738
2.652 0.019738
2.654 0.019738
2.656 0.019738
2.658 0.019738
2.660 0.019738
2.662 0.019738
2.664 0.019738
2.666 0.019738
2.668 0.019738
2.670 0.019738
2.672 0.019738
2.674 0.019738
2.676 0.019738
2.678 0.019738
2.680 0.019738
2.682 0.019738
2.684 0.019738
2.686 0.019738
2.688 0.019738
2.690 0.019738
2.692 0.019738
2.694 0.019738
2.696 0.019738
2.698 0.019738
2.700 0.019738
2.702 0.019738
2.704 0.019738
2.706 0.019738
2.708 0.019738
2.710 0.019738
2.712 0.019738
2.714 0.019738
2.716 0.019738
2.718 0.019738
2.720 0.019738
2.722 0.019738
2.724 0.019738
2.726 0.019738
2.728 0.019738
2.730 0.019738
2.732 0.019738
2.734 0.019738
2.736 0.019738
2.738 0.019738
2.740 0.019738
2.742 0.019738
2.744 0.019738
2.746 0.019738
2.748 0.019738
2.750 0.019738
2.752 0.019738
2.754 0.019738
2.756 0.019738
2.758 0.019738
2.760 0.019738
2.762 0.019738
2.764 0.019738
2.766 0.019738
2.768 0.019738
2.770 0.019738
2.772 0.019738
2.774 0.019738
2.776 0.019738
2.778 0.019738
2.780 0.019738
2.782 0.019738
2.784 0.019738
2.786 0.019738
2.788 0.019738
2.790 0.019738
2.792 0.019738
2.794 0.019738
2.796 0.019738
2.798 0.019738
2.800 0.019738
2.802 0.019738
2.804 0.019738
2.806 0.019738
2.808 0.019738
2.810 0.019738
2.812 0.019738
2.814 0.019738
2.816 0.019738
2.818 0.019738
2.820 0.019738
2.822 0.019738
2.824 0.019738
2.826 0.019738
2.828 0.019738
2.830 0.019738
2.832 0.019738
2.834 0.019738
2.836 0.019738
2.838 0.019738
2.840 0.019738
2.842 0.019738
2.844 0.019738
2.846 0.019738
2.848 0.019738
2.850 0.019738
2.852 0.019738
2.854 0.019738
2.856 0.019738
2.858 0.019738
2.860 0.019738
2.862 0.019738
2.864 0.019738
2.866 0.019738
2.868 0.019738
2.870 0.019738
2.872 0.019738
2.874 0.019738
2.876 0.019738
2.878 0.019738
2.880 0.019738
2.882 0.019738
2.884 0.019738
2.886 0.019738
2.888 0.019738
2.890 0.019738
2.892 0.019738
2.894 0.019738
2.896 0.019738
2.898 0.019738
2.900 0.019738
2.902 0.019738
2.904 0.019738
2.906 0.019738
2.908 0.019738
2.910 0.019738
2.912 0.019738
2.914 0.019738
2.916 0.019738
2.918 0.019738
2.920 0.019738
2.922 0.019738
2.924 0.019738
2.926 0.019738
2.928 0.019738
2.930 0.019738
2.932 0.019738
2.934 0.019738
2.936 0.019738
2.938 0.019738
2.940 0.019738
2.942 0.019738
2.944 0.019738
2.946 0.019738
2.948 0.019738
2.950 0.019738
2.952 0.019738
2.954 0.019738
2.956 0.019738
2.958 0.019738
2.960 0.019738
2.962 0.019738
2.964 0.019738
2.966 0.019738
2.968 0.019738
2.970 0.019738
2.972 0.019738
2.974 0.019738
2.976 0.019738
2.978 0.019738
2.980 0.019738
2.982 0.019738
2.984 0.019738
2.986 0.019738
2.988 0.019738
2.990 0.019738
2.992 0.019738
2.994 0.019738
2.996 0.019738
2.998 0.019738
3.000 0.019738
3.002 0.019738
3.004 0.019738
3.006 0.019738
3.008 0.019738
3.010 0.019738
3.012 0.019738
3.014 0.019738
3.016 0.019738
3.018 0.019738
3.020 0.019738
3.022 0.019738
3.024 0.019738
3.026 0.019738
3.028 0.019738
3.030 0.019738
3.032 0.019738
3.034 0.019738
3.036 0.019738
3.038 0.019738
3.040 0.019738
3.042 0.019738
3.044 0.019738
3.046 0.019738
3.048 0.019738
3.050 0.019738
3.052 0.019738
3.054 0.019738
3.056 0.019738
3.058 0.019738
3.060 0.019738
3.062 0.019738
3.064 0.019738
3.066 0.019738
3.068 0.019738
3.070 0.019738
3.072 0.019738
3.074 0.019738
3.076 0.019738
3.078 0.019738
3.080 0.019738
3.082 0.019738
3.084 0.019738
3.086 0.019738
3.088 0.019738
3.090 0.019738
3.092 0.019738
3.094 0.019738
3.096 0.019738
3.098 0.019738
3.100 0.019738
3.102 0.019738
3.104 0.019738
3.106 0.019738
3.108 0.019738
3.110 0.019738
3.112 0.019738
3.114 0.019738
3.116 0.019738
3.118 0.019738
3.120 0.019738
3.122 0.019738
3.124 0.019738
3.126 0.019738
3.128 0.019738
3.130 0.019738
3.132 0.019738
3.134 0.019738
3.136 0.019738
3.138 0.019738
3.140 0.019738
3.142 0.019738
3.144 0.019738
3.146 0.019738
3.148 0.019738
3.150 0.019738
3.152 0.019738
3.154 0.019738
3.156 0.019738
3.158 0.019738
3.160 0.019738
3.162 0.019738
3.164 0.019738
3.166 0.019738
3.168 0.019738
3.170 0.019738
