0.000 1.133518
0.004 1.133518
0.008 1.133518
0.012 1.133518
0.016 1.133518
0.020 1.133518
0.024 1.133518
0.028 1.133518
0.032 1.133518
0.036 1.133518
0.040 1.133518
0.044 1.133518
0.048 1.133518
0.052 1.133518
0.056 1.133518
0.060 1.133518
0.064 1.133518
0.068 1.133518
0.072 1.133518
0.076 1.133518
0.080 1.133518
0.084 1.133518
0.088 1.133518
0.092 1.133518
0.096 1.133518
0.100 1.133518
0.104 1.133518
0.108 1.133518
0.112 1.133518
0.116 1.133518
0.120 1.133518
0.124 1.133518
0.128 1.133518
0.132 1.133518
0.136 1.133518
0.140 1.133518
0.144 1.133518
0.148 1.133518
0.152 1.133518
0.156 1.133518
0.160 1.133518
0.164 1.133518
0.168 1.133518
0.172 1.133518
0.176 1.133518
0.180 1.133518
0.184 1.133518
0.188 1.133518
0.192 1.133518
0.196 1.133518
0.200 1.133518
0.204 1.133518
0.208 1.133518
0.212 1.133518
0.216 1.133518
0.220 1.133518
0.224 1.133518
0.228 1.133518
0.232 1.133518
0.236 1.133518
0.240 1.133518
0.244 1.133518
0.248 1.133518
0.252 1.133518
0.256 1.133518
0.260 1.133518
0.264 1.133518
0.268 1.133518
0.272 1.133518
0.276 1.133518
0.280 1.133518
0.284 1.133518
0.288 1.133518
0.292 1.133518
0.296 1.133518
0.300 1.133518
0.304 1.133518
0.308 1.133518
0.312 1.133518
0.316 1.133518
0.320 1.133518
0.324 1.133518
0.328 1.133518
0.332 1.133518
0.336 1.133518
0.340 1.133518
0.344 1.133518
0.348 1.133518
0.352 1.133518
0.356 1.133518
0.360 1.133518
0.364 1.133518
0.368 1.133518
0.372 1.133518
0.376 1.133518
0.380 1.133518
0.384 1.133518
0.388 1.133518
0.392 1.133518
0.396 1.133518
0.400 1.133518
0.404 1.133518
0.408 1.133518
0.412 1.133518
0.416 1.133518
0.420 1.133518
0.424 1.133518
0.428 1.133518
0.432 1.133518
0.436 1.133518
0.440 1.133518
0.444 1.133518
0.448 1.133518
0.452 1.133518
0.456 1.133518
0.460 1.133518
0.464 1.133518
0.468 1.133518
0.472 1.133518
0.476 1.133518
0.480 1.133518
0.484 1.133518
0.488 1.133518
0.492 1.133518
0.496 1.133518
0.500 1.133518
0.504 1.133518
0.508 1.133518
0.512 1.133518
0.516 1.133518
0.520 1.133518
0.524 1.133518
0.528 1.133518
0.532 1.133518
0.536 1.133518
0.540 1.133518
0.544 1.133518
0.548 1.133518
0.552 1.133518
0.556 1.133518
0.560 1.133518
0.564 1.133518
0.568 1.133518
0.572 1.133518
0.576 1.133518
0.580 1.133518
0.584 1.133518
0.588 1.133518
0.592 1.133518
0.596 1.133518
0.600 1.133518
0.604 1.133518
0.608 1.133518
0.612 1.133518
0.616 1.133518
0.620 1.133518
0.624 1.133518
0.628 1.133518
0.632 1.133518
0.636 1.133518
0.640 1.133518
0.644 1.133518
0.648 1.133518
0.652 1.133518
0.656 1.133518
0.660 1.133518
0.664 1.133518
0.668 1.133518
0.672 1.133518
0.676 1.133518
0.680 1.133518
0.684 1.133518
0.688 1.133518
0.692 1.133518
0.696 1.133518
0.700 1.133518
0.704 1.133518
0.708 1.133518
0.712 1.133518
0.716 1.133518
0.720 1.133518
0.724 1.133518
0.728 1.133518
0.732 1.133518
0.736 1.133518
0.740 1.133518
0.744 1.133518
0.748 1.133518
0.752 1.133518
0.756 1.133518
0.760 1.133518
0.764 1.133518
0.768 1.133518
0.772 1.133518
0.776 1.133518
0.780 1.133518
0.784 1.133518
0.788 1.133518
0.792 1.133518
0.796 1.133518
0.800 1.133518
0.804 1.133518
0.808 1.133518
0.812 1.133518
0.816 1.133518
0.820 1.133518
0.824 1.133518
0.828 1.133518
0.832 1.133518
0.836 1.133518
0.840 1.133518
0.844 1.133518
0.848 1.133518
0.852 1.133518
0.856 1.133518
0.860 1.133518
0.864 1.133518
0.868 1.133518
0.872 1.133518
0.876 1.133518
0.880 1.133518
0.884 1.133518
0.888 1.133518
0.892 1.133518
0.896 1.133518
0.900 1.133518
0.904 1.133518
0.908 1.133518
0.912 1.133518
0.916 1.133518
0.920 1.133518
0.924 1.133518
0.928 1.133518
0.932 1.133518
0.936 1.133518
0.940 1.133518
0.944 1.133518
0.948 1.133518
0.952 1.133518
0.956 1.133518
0.960 1.133518
0.964 1.133518
0.968 1.133518
0.972 1.133518
0.976 1.133518
0.980 1.133518
0.984 1.133518
0.988 1.133518
0.992 1.133518
0.996 1.133518
1.000 1.133518
1.004 1.133518
1.008 1.133518
1.012 1.133518
1.016 1.133518
1.020 1.133518
1.024 1.133518
1.028 1.133518
1.032 1.133518
1.036 1.133518
1.040 1.133518
1.044 1.133518
1.048 1.133518
1.052 1.133518
1.056 1.133518
1.060 1.133518
1.064 1.133518
1.068 1.133518
1.072 1.133518
1.076 1.133518
1.080 1.133518
1.084 1.133518
1.088 1.133518
1.092 1.133518
1.096 1.133518
1.100 1.133518
1.104 1.133518
1.108 1.133518
1.112 1.133518
1.116 1.133518
1.120 1.133518
1.124 1.133518
1.128 1.133518
1.132 1.133518
1.136 1.133518
1.140 1.133518
1.144 1.133518
1.148 1.133518
1.152 1.133518
1.156 1.133518
1.160 1.133518
1.164 1.133518
1.168 1.133518
1.172 1.133518
1.176 1.133518
1.180 1.133518
1.184 1.133518
1.188 1.133518
1.192 1.133518
1.196 1.133518
1.200 1.133518
1.204 1.133518
1.208 1.133518
1.212 1.133518
1.216 1.133518
1.220 1.133518
1.224 1.133518
1.228 1.133518
1.232 1.133518
1.236 1.133518
1.240 1.133518
1.244 1.133518
1.248 1.133518
1.252 1.133518
1.256 1.133518
1.260 1.133518
1.264 1.133518
1.268 1.133518
1.272 1.133518
1.276 1.133518
1.280 1.133518
1.284 1.133518
1.288 1.133518
1.292 1.133518
1.296 1.133518
1.300 1.133518
1.304 1.133518
1.308 1.133518
1.312 1.133518
1.316 1.133518
1.320 1.133518
1.324 1.133518
1.328 1.133518
1.332 1.133518
1.336 1.133518
1.340 1.133518
1.344 1.133518
1.348 1.133518
1.352 1.133518
1.356 1.133518
1.360 1.133518
1.364 1.133518
1.368 1.133518
1.372 1.133518
1.376 1.133518
1.380 1.133518
1.384 1.133518
1.388 1.133518
1.392 1.133518
1.396 1.133518
1.400 1.133518
1.404 1.133518
1.408 1.133518
1.412 1.133518
1.416 1.133518
1.420 1.133518
1.424 1.133518
1.428 1.133518
1.432 1.133518
1.436 1.133518
1.440 1.133518
1.444 1.133518
1.448 1.133518
1.452 1.133518
1.456 1.133518
1.460 1.133518
1.464 1.133518
1.468 1.133518
1.472 1.133518
1.476 1.133518
1.480 1.133518
1.484 1.133518
1.488 1.133518
1.492 1.133518
1.496 1.133518
1.500 1.133518
1.504 1.133518
1.508 1.133518
1.512 1.133518
1.516 1.133518
1.520 1.133518
1.524 1.133518
1.528 1.133518
1.532 1.133518
1.536 1.133518
1.540 1.133518
1.544 1.133518
1.548 1.133518
1.552 1.133518
1.556 1.133518
1.560 1.133518
1.564 1.133518
1.568 1.133518
1.572 1.133518
1.576 1.133518
1.580 1.133518
1.584 1.133518
1.588 1.133518
1.592 1.133518
1.596 1.133518
1.600 1.133518
1.604 1.133518
1.608 1.133518
1.612 1.133518
1.616 1.133518
1.620 1.133518
1.624 1.133518
1.628 1.133518
1.632 1.133518
1.636 1.133518
1.640 1.133518
1.644 1.133518
1.648 1.133518
1.652 1.133518
1.656 1.133518
1.660 1.133518
1.664 1.133518
1.668 1.133518
1.672 1.133518
1.676 1.133518
1.680 1.133518
1.684 1.133518
1.688 1.133518
1.692 1.133518
1.696 1.133518
1.700 1.133518
1.704 1.133518
1.708 1.133518
1.712 1.133518
1.716 1.133518
1.720 1.133518
1.724 1.133518
1.728 1.133518
1.732 1.133518
1.736 1.133518
1.740 1.133518
1.744 1.133518
1.748 1.133518
1.752 1.133518
1.756 1.133518
1.760 1.133518
1.764 1.133518
1.768 1.133518
1.772 1.133518
1.776 1.133518
1.780 1.133518
1.784 1.133518
1.788 1.133518
1.792 1.133518
1.796 1.133518
1.800 1.133518
1.804 1.133518
1.808 1.133518
1.812 1.133518
1.816 1.133518
1.820 1.133518
1.824 1.133518
1.828 1.133518
1.832 1.133518
1.836 1.133518
1.840 1.133518
1.844 1.133518
1.848 1.133518
1.852 1.133518
1.856 1.133518
1.860 1.133518
1.864 1.133518
1.868 1.133518
1.872 1.133518
1.876 1.133518
1.880 1.133518
1.884 1.133518
1.888 1.133518
1.892 1.133518
1.896 1.133518
1.900 1.133518
1.904 1.133518
1.908 1.133518
1.912 1.133518
1.916 1.133518
1.920 1.133518
1.924 1.133518
1.928 1.133518
1.932 1.133518
1.936 1.133518
1.940 1.133518
1.944 1.133518
1.948 1.133518
1.952 1.133518
1.956 1.133518
1.960 1.133518
1.964 1.133518
1.968 1.133518
1.972 1.133518
1.976 1.133518
1.980 1.133518
1.984 1.133518
1.988 1.133518
1.992 1.133518
1.996 1.133518
2.000 1.133518
2.004 1.133518
2.008 1.133518
2.012 1.133518
2.016 1.133518
2.020 1.133518
2.024 1.133518
2.028 1.133518
2.032 1.133518
2.036 1.133518
2.040 1.133518
2.044 1.133518
2.048 1.133518
2.052 1.133518
2.056 1.133518
2.060 1.133518
2.064 1.133518
2.068 1.133518
2.072 1.133518
2.076 1.133518
2.080 1.133518
2.084 1.133518
2.088 1.133518
2.092 1.133518
2.096 1.133518
2.100 1.133518
2.104 1.133518
2.108 1.133518
2.112 1.133518
2.116 1.133518
2.120 1.133518
2.124 1.133518
2.128 1.133518
2.132 1.133518
2.136 1.133518
2.140 1.133518
2.144 1.133518
2.148 1.133518
2.152 1.133518
2.156 1.133518
2.160 1.133518
2.164 1.133518
2.168 1.133518
2.172 1.133518
2.176 1.133518
2.180 1.133518
2.184 1.133518
2.188 1.133518
2.192 1.133518
2.196 1.133518
2.200 1.133518
2.204 1.133518
2.208 1.133518
2.212 1.133518
2.216 1.133518
2.220 1.133518
2.224 1.133518
2.228 1.133518
2.232 1.133518
2.236 1.133518
2.240 1.133518
2.244 1.133518
2.248 1.133518
2.252 1.133518
2.256 1.133518
2.260 1.133518
2.264 1.133518
2.268 1.133518
2.272 1.133518
2.276 1.133518
2.280 1.133518
2.284 1.133518
2.288 1.133518
2.292 1.133518
2.296 1.133518
2.300 1.133518
2.304 1.133518
2.308 1.133518
2.312 1.133518
2.316 1.133518
2.320 1.133518
2.324 1.133518
2.328 1.133518
2.332 1.133518
2.336 1.133518
2.340 1.133518
2.344 1.133518
2.348 1.133518
2.352 1.133518
2.356 1.133518
2.360 1.133518
2.364 1.133518
2.368 1.133518
2.372 1.133518
2.376 1.133518
2.380 1.133518
2.384 1.133518
2.388 1.133518
2.392 1.133518
2.396 1.133518
2.400 1.133518
2.404 1.133518
2.408 1.133518
2.412 1.133518
2.416 1.133518
2.420 1.133518
2.424 1.133518
2.428 1.133518
2.432 1.133518
2.436 1.133518
2.440 1.133518
2.444 1.133518
2.448 1.133518
2.452 1.133518
2.456 1.133518
2.460 1.133518
2.464 1.133518
2.468 1.133518
2.472 1.133518
2.476 1.133518
2.480 1.133518
2.484 1.133518
2.488 1.133518
2.492 1.133518
2.496 1.133518
2.500 1.133518
2.504 1.133518
2.508 1.133518
2.512 1.133518
2.516 1.133518
2.520 1.133518
2.524 1.133518
2.528 1.133518
2.532 1.133518
2.536 1.133518
2.540 1.133518
2.544 1.133518
2.548 1.133518
2.552 1.133518
2.556 1.133518
2.560 1.133518
2.564 1.133518
2.568 1.133518
2.572 1.133518
2.576 1.133518
2.580 1.133518
2.584 1.133518
2.588 1.133518
2.592 1.133518
2.596 1.133518
2.600 1.133518
2.604 1.133518
2.608 1.133518
2.612 1.133518
2.616 1.133518
2.620 1.133518
2.624 1.133518
2.628 1.133518
2.632 1.133518
2.636 1.133518
2.640 1.133518
2.644 1.133518
2.648 1.133518
2.652 1.133518
2.656 1.133518
2.660 1.133518
2.664 1.133518
2.668 1.133518
2.672 1.133518
2.676 1.133518
2.680 1.133518
2.684 1.133518
2.688 1.133518
2.692 1.133518
2.696 1.133518
2.700 1.133518
2.704 1.133518
2.708 1.133518
2.712 1.133518
2.716 1.133518
2.720 1.133518
2.724 1.133518
2.728 1.133518
2.732 1.133518
2.736 1.133518
2.740 1.133518
2.744 1.133518
2.748 1.133518
2.752 1.133518
2.756 1.133518
2.760 1.133518
2.764 1.133518
2.768 1.133518
2.772 1.133518
2.776 1.133518
2.780 1.133518
2.784 1.133518
2.788 1.133518
2.792 1.133518
2.796 1.133518
2.800 1.133518
2.804 1.133518
2.808 1.133518
2.812 1.133518
2.816 1.133518
2.820 1.133518
2.824 1.133518
2.828 1.133518
2.832 1.133518
2.836 1.133518
2.840 1.133518
2.844 1.133518
2.848 1.133518
2.852 1.133518
2.856 1.133518
2.860 1.133518
2.864 1.133518
2.868 1.133518
2.872 1.133518
2.876 1.133518
2.880 1.133518
2.884 1.133518
2.888 1.133518
2.892 1.133518
2.896 1.133518
2.900 1.133518
2.904 1.133518
2.908 1.133518
2.912 1.133518
2.916 1.133518
2.920 1.133518
2.924 1.133518
2.928 1.133518
2.932 1.133518
2.936 1.133518
2.940 1.133518
2.944 1.133518
2.948 1.133518
2.952 1.133518
2.956 1.133518
2.960 1.133518
2.964 1.133518
2.968 1.133518
2.972 1.133518
2.976 1.133518
2.980 1.133518
2.984 1.133518
2.988 1.133518
2.992 1.133518
2.996 1.133518
3.000 1.133518
3.004 1.133518
3.008 1.133518
3.012 1.133518
3.016 1.133518
3.020 1.133518
3.024 1.133518
3.028 1.133518
3.032 1.133518
3.036 1.133518
3.040 1.133518
3.044 1.133518
3.048 1.133518
3.052 1.133518
3.056 1.133518
3.060 1.133518
3.064 1.133518
3.068 1.133518
3.072 1.133518
3.076 1.133518
3.080 1.133518
3.084 1.133518
3.088 1.133518
3.092 1.133518
3.096 1.133518
3.100 1.133518
3.104 1.133518
3.108 1.133518
3.112 1.133518
3.116 1.133518
3.120 1.133518
3.124 1.133518
3.128 1.133518
3.132 1.133518
3.136 1.133518
3.140 1.133518
3.144 1.133518
3.148 1.133518
3.152 1.133518
3.156 1.133518
3.160 1.133518
3.164 1.133518
3.168 1.133518
3.170 1.133518
