0.000 -2.738119
0.004 -2.738119
0.008 -2.738119
0.012 -2.738119
0.016 -2.738119
0.020 -2.738119
0.024 -2.738119
0.028 -2.738119
0.032 -2.738119
0.036 -2.738119
0.040 -2.738119
0.044 -2.738119
0.048 -2.738119
0.052 -2.738119
0.056 -2.738119
0.060 -2.738119
0.064 -2.738119
0.068 -2.738119
0.072 -2.738119
0.076 -2.738119
0.080 -2.738119
0.084 -2.738119
0.088 -2.738119
0.092 -2.738119
0.096 -2.738119
0.100 -2.738119
0.104 -2.738119
0.108 -2.738119
0.112 -2.738119
0.116 -2.738119
0.120 -2.738119
0.124 -2.738119
0.128 -2.738119
0.132 -2.738119
0.136 -2.738119
0.140 -2.738119
0.144 -2.738119
0.148 -2.738119
0.152 -2.738119
0.156 -2.738119
0.160 -2.738119
0.164 -2.738119
0.168 -2.738119
0.172 -2.738119
0.176 -2.738119
0.180 -2.738119
0.184 -2.738119
0.188 -2.738119
0.192 -2.738119
0.196 -2.738119
0.200 -2.738119
0.204 -2.738119
0.208 -2.738119
0.212 -2.738119
0.216 -2.738119
0.220 -2.738119
0.224 -2.738119
0.228 -2.738119
0.232 -2.738119
0.236 -2.738119
0.240 -2.738119
0.244 -2.738119
0.248 -2.738119
0.252 -2.738119
0.256 -2.738119
0.260 -2.738119
0.264 -2.738119
0.268 -2.738119
0.272 -2.738119
0.276 -2.738119
0.280 -2.738119
0.284 -2.738119
0.288 -2.738119
0.292 -2.738119
0.296 -2.738119
0.300 -2.738119
0.304 -2.738119
0.308 -2.738119
0.312 -2.738119
0.316 -2.738119
0.320 -2.738119
0.324 -2.738119
0.328 -2.738119
0.332 -2.738119
0.336 -2.738119
0.340 -2.738119
0.344 -2.738119
0.348 -2.738119
0.352 -2.738119
0.356 -2.738119
0.360 -2.738119
0.364 -2.738119
0.368 -2.738119
0.372 -2.738119
0.376 -2.738119
0.380 -2.738119
0.384 -2.738119
0.388 -2.738119
0.392 -2.738119
0.396 -2.738119
0.400 -2.738119
0.404 -2.738119
0.408 -2.738119
0.412 -2.738119
0.416 -2.738119
0.420 -2.738119
0.424 -2.738119
0.428 -2.738119
0.432 -2.738119
0.436 -2.738119
0.440 -2.738119
0.444 -2.738119
0.448 -2.738119
0.452 -2.738119
0.456 -2.738119
0.460 -2.738119
0.464 -2.738119
0.468 -2.738119
0.472 -2.738119
0.476 -2.738119
0.480 -2.738119
0.484 -2.738119
0.488 -2.738119
0.492 -2.738119
0.496 -2.738119
0.500 -2.738119
0.504 -2.738119
0.508 -2.738119
0.512 -2.738119
0.516 -2.738119
0.520 -2.738119
0.524 -2.738119
0.528 -2.738119
0.532 -2.738119
0.536 -2.738119
0.540 -2.738119
0.544 -2.738119
0.548 -2.738119
0.552 -2.738119
0.556 -2.738119
0.560 -2.738119
0.564 -2.738119
0.568 -2.738119
0.572 -2.738119
0.576 -2.738119
0.580 -2.738119
0.584 -2.738119
0.588 -2.738119
0.592 -2.738119
0.596 -2.738119
0.600 -2.738119
0.604 -2.738119
0.608 -2.738119
0.612 -2.738119
0.616 -2.738119
0.620 -2.738119
0.624 -2.738119
0.628 -2.738119
0.632 -2.738119
0.636 -2.738119
0.640 -2.738119
0.644 -2.738119
0.648 -2.738119
0.652 -2.738119
0.656 -2.738119
0.660 -2.738119
0.664 -2.738119
0.668 -2.738119
0.672 -2.738119
0.676 -2.738119
0.680 -2.738119
0.684 -2.738119
0.688 -2.738119
0.692 -2.738119
0.696 -2.738119
0.700 -2.738119
0.704 -2.738119
0.708 -2.738119
0.712 -2.738119
0.716 -2.738119
0.720 -2.738119
0.724 -2.738119
0.728 -2.738119
0.732 -2.738119
0.736 -2.738119
0.740 -2.738119
0.744 -2.738119
0.748 -2.738119
0.752 -2.738119
0.756 -2.738119
0.760 -2.738119
0.764 -2.738119
0.768 -2.738119
0.772 -2.738119
0.776 -2.738119
0.780 -2.738119
0.784 -2.738119
0.788 -2.738119
0.792 -2.738119
0.796 -2.738119
0.800 -2.738119
0.804 -2.738119
0.808 -2.738119
0.812 -2.738119
0.816 -2.738119
0.820 -2.738119
0.824 -2.738119
0.828 -2.738119
0.832 -2.738119
0.836 -2.738119
0.840 -2.738119
0.844 -2.738119
0.848 -2.738119
0.852 -2.738119
0.856 -2.738119
0.860 -2.738119
0.864 -2.738119
0.868 -2.738119
0.872 -2.738119
0.876 -2.738119
0.880 -2.738119
0.884 -2.738119
0.888 -2.738119
0.892 -2.738119
0.896 -2.738119
0.900 -2.738119
0.904 -2.738119
0.908 -2.738119
0.912 -2.738119
0.916 -2.738119
0.920 -2.738119
0.924 -2.738119
0.928 -2.738119
0.932 -2.738119
0.936 -2.738119
0.940 -2.738119
0.944 -2.738119
0.948 -2.738119
0.952 -2.738119
0.956 -2.738119
0.960 -2.738119
0.964 -2.738119
0.968 -2.738119
0.972 -2.738119
0.976 -2.738119
0.980 -2.738119
0.984 -2.738119
0.988 -2.738119
0.992 -2.738119
0.996 -2.738119
1.000 -2.738119
1.004 -2.738119
1.008 -2.738119
1.012 -2.738119
1.016 -2.738119
1.020 -2.738119
1.024 -2.738119
1.028 -2.738119
1.032 -2.738119
1.036 -2.738119
1.040 -2.738119
1.044 -2.738119
1.048 -2.738119
1.052 -2.738119
1.056 -2.738119
1.060 -2.738119
1.064 -2.738119
1.068 -2.738119
1.072 -2.738119
1.076 -2.738119
1.080 -2.738119
1.084 -2.738119
1.088 -2.738119
1.092 -2.738119
1.096 -2.738119
1.100 -2.738119
1.104 -2.738119
1.108 -2.738119
1.112 -2.738119
1.116 -2.738119
1.120 -2.738119
1.124 -2.738119
1.128 -2.738119
1.132 -2.738119
1.136 -2.738119
1.140 -2.738119
1.144 -2.738119
1.148 -2.738119
1.152 -2.738119
1.156 -2.738119
1.160 -2.738119
1.164 -2.738119
1.168 -2.738119
1.172 -2.738119
1.176 -2.738119
1.180 -2.738119
1.184 -2.738119
1.188 -2.738119
1.192 -2.738119
1.196 -2.738119
1.200 -2.738119
1.204 -2.738119
1.208 -2.738119
1.212 -2.738119
1.216 -2.738119
1.220 -2.738119
1.224 -2.738119
1.228 -2.738119
1.232 -2.738119
1.236 -2.738119
1.240 -2.738119
1.244 -2.738119
1.248 -2.738119
1.252 -2.738119
1.256 -2.738119
1.260 -2.738119
1.264 -2.738119
1.268 -2.738119
1.272 -2.738119
1.276 -2.738119
1.280 -2.738119
1.284 -2.738119
1.288 -2.738119
1.292 -2.738119
1.296 -2.738119
1.300 -2.738119
1.304 -2.738119
1.308 -2.738119
1.312 -2.738119
1.316 -2.738119
1.320 -2.738119
1.324 -2.738119
1.328 -2.738119
1.332 -2.738119
1.336 -2.738119
1.340 -2.738119
1.344 -2.738119
1.348 -2.738119
1.352 -2.738119
1.356 -2.738119
1.360 -2.738119
1.364 -2.738119
1.368 -2.738119
1.372 -2.738119
1.376 -2.738119
1.380 -2.738119
1.384 -2.738119
1.388 -2.738119
1.392 -2.738119
1.396 -2.738119
1.400 -2.738119
1.404 -2.738119
1.408 -2.738119
1.412 -2.738119
1.416 -2.738119
1.420 -2.738119
1.424 -2.738119
1.428 -2.738119
1.432 -2.738119
1.436 -2.738119
1.440 -2.738119
1.444 -2.738119
1.448 -2.738119
1.452 -2.738119
1.456 -2.738119
1.460 -2.738119
1.464 -2.738119
1.468 -2.738119
1.472 -2.738119
1.476 -2.738119
1.480 -2.738119
1.484 -2.738119
1.488 -2.738119
1.492 -2.738119
1.496 -2.738119
1.500 -2.738119
1.504 -2.738119
1.508 -2.738119
1.512 -2.738119
1.516 -2.738119
1.520 -2.738119
1.524 -2.738119
1.528 -2.738119
1.532 -2.738119
1.536 -2.738119
1.540 -2.738119
1.544 -2.738119
1.548 -2.738119
1.552 -2.738119
1.556 -2.738119
1.560 -2.738119
1.564 -2.738119
1.568 -2.738119
1.572 -2.738119
1.576 -2.738119
1.580 -2.738119
1.584 -2.738119
1.588 -2.738119
1.592 -2.738119
1.596 -2.738119
1.600 -2.738119
1.604 -2.738119
1.608 -2.738119
1.612 -2.738119
1.616 -2.738119
1.620 -2.738119
1.624 -2.738119
1.628 -2.738119
1.632 -2.738119
1.636 -2.738119
1.640 -2.738119
1.644 -2.738119
1.648 -2.738119
1.652 -2.738119
1.656 -2.738119
1.660 -2.738119
1.664 -2.738119
1.668 -2.738119
1.672 -2.738119
1.676 -2.738119
1.680 -2.738119
1.684 -2.738119
1.688 -2.738119
1.692 -2.738119
1.696 -2.738119
1.700 -2.738119
1.704 -2.738119
1.708 -2.738119
1.712 -2.738119
1.716 -2.738119
1.720 -2.738119
1.724 -2.738119
1.728 -2.738119
1.732 -2.738119
1.736 -2.738119
1.740 -2.738119
1.744 -2.738119
1.748 -2.738119
1.752 -2.738119
1.756 -2.738119
1.760 -2.738119
1.764 -2.738119
1.768 -2.738119
1.772 -2.738119
1.776 -2.738119
1.780 -2.738119
1.784 -2.738119
1.788 -2.738119
1.792 -2.738119
1.796 -2.738119
1.800 -2.738119
1.804 -2.738119
1.808 -2.738119
1.812 -2.738119
1.816 -2.738119
1.820 -2.738119
1.824 -2.738119
1.828 -2.738119
1.832 -2.738119
1.836 -2.738119
1.840 -2.738119
1.844 -2.738119
1.848 -2.738119
1.852 -2.738119
1.856 -2.738119
1.860 -2.738119
1.864 -2.738119
1.868 -2.738119
1.872 -2.738119
1.876 -2.738119
1.880 -2.738119
1.884 -2.738119
1.888 -2.738119
1.892 -2.738119
1.896 -2.738119
1.900 -2.738119
1.904 -2.738119
1.908 -2.738119
1.912 -2.738119
1.916 -2.738119
1.920 -2.738119
1.924 -2.738119
1.928 -2.738119
1.932 -2.738119
1.936 -2.738119
1.940 -2.738119
1.944 -2.738119
1.948 -2.738119
1.952 -2.738119
1.956 -2.738119
1.960 -2.738119
1.964 -2.738119
1.968 -2.738119
1.972 -2.738119
1.976 -2.738119
1.980 -2.738119
1.984 -2.738119
1.988 -2.738119
1.992 -2.738119
1.996 -2.738119
2.000 -2.738119
2.004 -2.738119
2.008 -2.738119
2.012 -2.738119
2.016 -2.738119
2.020 -2.738119
2.024 -2.738119
2.028 -2.738119
2.032 -2.738119
2.036 -2.738119
2.040 -2.738119
2.044 -2.738119
2.048 -2.738119
2.052 -2.738119
2.056 -2.738119
2.060 -2.738119
2.064 -2.738119
2.068 -2.738119
2.072 -2.738119
2.076 -2.738119
2.080 -2.738119
2.084 -2.738119
2.088 -2.738119
2.092 -2.738119
2.096 -2.738119
2.100 -2.738119
2.104 -2.738119
2.108 -2.738119
2.112 -2.738119
2.116 -2.738119
2.120 -2.738119
2.124 -2.738119
2.128 -2.738119
2.132 -2.738119
2.136 -2.738119
2.140 -2.738119
2.144 -2.738119
2.148 -2.738119
2.152 -2.738119
2.156 -2.738119
2.160 -2.738119
2.164 -2.738119
2.168 -2.738119
2.172 -2.738119
2.176 -2.738119
2.180 -2.738119
2.184 -2.738119
2.188 -2.738119
2.192 -2.738119
2.196 -2.738119
2.200 -2.738119
2.204 -2.738119
2.208 -2.738119
2.212 -2.738119
2.216 -2.738119
2.220 -2.738119
2.224 -2.738119
2.228 -2.738119
2.232 -2.738119
2.236 -2.738119
2.240 -2.738119
2.244 -2.738119
2.248 -2.738119
2.252 -2.738119
2.256 -2.738119
2.260 -2.738119
2.264 -2.738119
2.268 -2.738119
2.272 -2.738119
2.276 -2.738119
2.280 -2.738119
2.284 -2.738119
2.288 -2.738119
2.292 -2.738119
2.296 -2.738119
2.300 -2.738119
2.304 -2.738119
2.308 -2.738119
2.312 -2.738119
2.316 -2.738119
2.320 -2.738119
2.324 -2.738119
2.328 -2.738119
2.332 -2.738119
2.336 -2.738119
2.340 -2.738119
2.344 -2.738119
2.348 -2.738119
2.352 -2.738119
2.356 -2.738119
2.360 -2.738119
2.364 -2.738119
2.368 -2.738119
2.372 -2.738119
2.376 -2.738119
2.380 -2.738119
2.384 -2.738119
2.388 -2.738119
2.392 -2.738119
2.396 -2.738119
2.400 -2.738119
2.404 -2.738119
2.408 -2.738119
2.412 -2.738119
2.416 -2.738119
2.420 -2.738119
2.424 -2.738119
2.428 -2.738119
2.432 -2.738119
2.436 -2.738119
2.440 -2.738119
2.444 -2.738119
2.448 -2.738119
2.452 -2.738119
2.456 -2.738119
2.460 -2.738119
2.464 -2.738119
2.468 -2.738119
2.472 -2.738119
2.476 -2.738119
2.480 -2.738119
2.484 -2.738119
2.488 -2.738119
2.492 -2.738119
2.496 -2.738119
2.500 -2.738119
2.504 -2.738119
2.508 -2.738119
2.512 -2.738119
2.516 -2.738119
2.520 -2.738119
2.524 -2.738119
2.528 -2.738119
2.532 -2.738119
2.536 -2.738119
2.540 -2.738119
2.544 -2.738119
2.548 -2.738119
2.552 -2.738119
2.556 -2.738119
2.560 -2.738119
2.564 -2.738119
2.568 -2.738119
2.572 -2.738119
2.576 -2.738119
2.580 -2.738119
2.584 -2.738119
2.588 -2.738119
2.592 -2.738119
2.596 -2.738119
2.600 -2.738119
2.604 -2.738119
2.608 -2.738119
2.612 -2.738119
2.616 -2.738119
2.620 -2.738119
2.624 -2.738119
2.628 -2.738119
2.632 -2.738119
2.636 -2.738119
2.640 -2.738119
2.644 -2.738119
2.648 -2.738119
2.652 -2.738119
2.656 -2.738119
2.660 -2.738119
2.664 -2.738119
2.668 -2.738119
2.672 -2.738119
2.676 -2.738119
2.680 -2.738119
2.684 -2.738119
2.688 -2.738119
2.692 -2.738119
2.696 -2.738119
2.700 -2.738119
2.704 -2.738119
2.708 -2.738119
2.712 -2.738119
2.716 -2.738119
2.720 -2.738119
2.724 -2.738119
2.728 -2.738119
2.732 -2.738119
2.736 -2.738119
2.740 -2.738119
2.744 -2.738119
2.748 -2.738119
2.752 -2.738119
2.756 -2.738119
2.760 -2.738119
2.764 -2.738119
2.768 -2.738119
2.772 -2.738119
2.776 -2.738119
2.780 -2.738119
2.784 -2.738119
2.788 -2.738119
2.792 -2.738119
2.796 -2.738119
2.800 -2.738119
2.804 -2.738119
2.808 -2.738119
2.812 -2.738119
2.816 -2.738119
2.820 -2.738119
2.824 -2.738119
2.828 -2.738119
2.832 -2.738119
2.836 -2.738119
2.840 -2.738119
2.844 -2.738119
2.848 -2.738119
2.852 -2.738119
2.856 -2.738119
2.860 -2.738119
2.864 -2.738119
2.868 -2.738119
2.872 -2.738119
2.876 -2.738119
2.880 -2.738119
2.884 -2.738119
2.888 -2.738119
2.892 -2.738119
2.896 -2.738119
2.900 -2.738119
2.904 -2.738119
2.908 -2.738119
2.912 -2.738119
2.916 -2.738119
2.920 -2.738119
2.924 -2.738119
2.928 -2.738119
2.932 -2.738119
2.936 -2.738119
2.940 -2.738119
2.944 -2.738119
2.948 -2.738119
2.952 -2.738119
2.956 -2.738119
2.960 -2.738119
2.964 -2.738119
2.968 -2.738119
2.972 -2.738119
2.976 -2.738119
2.980 -2.738119
2.984 -2.738119
2.988 -2.738119
2.992 -2.738119
2.996 -2.738119
3.000 -2.738119
3.004 -2.738119
3.008 -2.738119
3.012 -2.738119
3.016 -2.738119
3.020 -2.738119
3.024 -2.738119
3.028 -2.738119
3.032 -2.738119
3.036 -2.738119
3.040 -2.738119
3.044 -2.738119
3.048 -2.738119
3.052 -2.738119
3.056 -2.738119
3.060 -2.738119
3.064 -2.738119
3.068 -2.738119
3.072 -2.738119
3.076 -2.738119
3.080 -2.738119
3.084 -2.738119
3.088 -2.738119
3.092 -2.738119
3.096 -2.738119
3.100 -2.738119
3.104 -2.738119
3.108 -2.738119
3.112 -2.738119
3.116 -2.738119
3.120 -2.738119
3.124 -2.738119
3.128 -2.738119
3.132 -2.738119
3.136 -2.738119
3.140 -2.738119
3.144 -2.738119
3.148 -2.738119
3.152 -2.738119
3.156 -2.738119
3.160 -2.738119
3.164 -2.738119
3.168 -2.738119
3.170 -2.738119
