0.000 0.019738
0.008 0.019738
0.016 0.019738
0.024 0.019738
0.032 0.019738
0.040 0.019738
0.048 0.019738
0.056 0.019738
0.064 0.019738
0.072 0.019738
0.080 0.019738
0.088 0.019738
0.096 0.019738
0.104 0.019738
0.112 0.019738
0.120 0.019738
0.128 0.019738
0.136 0.019738
0.144 0.019738
0.152 0.019738
0.160 0.019738
0.168 0.019738
0.176 0.019738
0.184 0.019738
0.192 0.019738
0.200 0.019738
0.208 0.019738
0.216 0.019738
0.224 0.019738
0.232 0.019738
0.240 0.019738
0.248 0.019738
0.256 0.019738
0.264 0.019738
0.272 0.019738
0.280 0.019738
0.288 0.019738
0.296 0.019738
0.304 0.019738
0.312 0.019738
0.320 0.019738
0.328 0.019738
0.336 0.019738
0.344 0.019738
0.352 0.019738
0.360 0.019738
0.368 0.019738
0.376 0.019738
0.384 0.019738
0.392 0.019738
0.400 0.019738
0.408 0.019738
0.416 0.019738
0.424 0.019738
0.432 0.019738
0.440 0.019738
0.448 0.019738
0.456 0.019738
0.464 0.019738
0.472 0.019738
0.480 0.019738
0.488 0.019738
0.496 0.019738
0.504 0.019738
0.512 0.019738
0.520 0.019738
0.528 0.019738
0.536 0.019738
0.544 0.019738
0.552 0.019738
0.560 0.019738
0.568 0.019738
0.576 0.019738
0.584 0.019738
0.592 0.019738
0.600 0.019738
0.608 0.019738
0.616 0.019738
0.624 0.019738
0.632 0.019738
0.640 0.019738
0.648 0.019738
0.656 0.019738
0.664 0.019738
0.672 0.019738
0.680 0.019738
0.688 0.019738
0.696 0.019738
0.704 0.019738
0.712 0.019738
0.720 0.019738
0.728 0.019738
0.736 0.019738
0.744 0.019738
0.752 0.019738
0.760 0.019738
0.768 0.019738
0.776 0.019738
0.784 0.019738
0.792 0.019738
0.800 0.019738
0.808 0.019738
0.816 0.019738
0.824 0.019738
0.832 0.019738
0.840 0.019738
0.848 0.019738
0.856 0.019738
0.864 0.019738
0.872 0.019738
0.880 0.019738
0.888 0.019738
0.896 0.019738
0.904 0.019738
0.912 0.019738
0.920 0.019738
0.928 0.019738
0.936 0.019738
0.944 0.019738
0.952 0.019738
0.960 0.019738
0.968 0.019738
0.976 0.019738
0.984 0.019738
0.992 0.019738
1.000 0.019738
1.008 0.019738
1.016 0.019738
1.024 0.019738
1.032 0.019738
1.040 0.019738
1.048 0.019738
1.056 0.019738
1.064 0.019738
1.072 0.019738
1.080 0.019738
1.088 0.019738
1.096 0.019738
1.104 0.019738
1.112 0.019738
1.120 0.019738
1.128 0.019738
1.136 0.019738
1.144 0.019738
1.152 0.019738
1.160 0.019738
1.168 0.019738
1.176 0.019738
1.184 0.019738
1.192 0.019738
1.200 0.019738
1.208 0.019738
1.216 0.019738
1.224 0.019738
1.232 0.019738
1.240 0.019738
1.248 0.019738
1.256 0.019738
1.264 0.019738
1.272 0.019738
1.280 0.019738
1.288 0.019738
1.296 0.019738
1.304 0.019738
1.312 0.019738
1.320 0.019738
1.328 0.019738
1.336 0.019738
1.344 0.019738
1.352 0.019738
1.360 0.019738
1.368 0.019738
1.376 0.019738
1.384 0.019738
1.392 0.019738
1.400 0.019738
1.408 0.019738
1.416 0.019738
1.424 0.019738
1.432 0.019738
1.440 0.019738
1.448 0.019738
1.456 0.019738
1.464 0.019738
1.472 0.019738
1.480 0.019738
1.488 0.019738
1.496 0.019738
1.504 0.019738
1.512 0.019738
1.520 0.019738
1.528 0.019738
1.536 0.019738
1.544 0.019738
1.552 0.019738
1.560 0.019738
1.568 0.019738
1.576 0.019738
1.584 0.019738
1.592 0.019738
1.600 0.019738
1.608 0.019738
1.616 0.019738
1.624 0.019738
1.632 0.019738
1.640 0.019738
1.648 0.019738
1.656 0.019738
1.664 0.019738
1.672 0.019738
1.680 0.019738
1.688 0.019738
1.696 0.019738
1.704 0.019738
1.712 0.019738
1.720 0.019738
1.728 0.019738
1.736 0.019738
1.744 0.019738
1.752 0.019738
1.760 0.019738
1.768 0.019738
1.776 0.019738
1.784 0.019738
1.792 0.019738
1.800 0.019738
1.808 0.019738
1.816 0.019738
1.824 0.019738
1.832 0.019738
1.840 0.019738
1.848 0.019738
1.856 0.019738
1.864 0.019738
1.872 0.019738
1.880 0.019738
1.888 0.019738
1.896 0.019738
1.904 0.019738
1.912 0.019738
1.920 0.019738
1.928 0.019738
1.936 0.019738
1.944 0.019738
1.952 0.019738
1.960 0.019738
1.968 0.019738
1.976 0.019738
1.984 0.019738
1.992 0.019738
2.000 0.019738
2.008 0.019738
2.016 0.019738
2.024 0.019738
2.032 0.019738
2.040 0.019738
2.048 0.019738
2.056 0.019738
2.064 0.019738
2.072 0.019738
2.080 0.019738
2.088 0.019738
2.096 0.019738
2.104 0.019738
2.112 0.019738
2.120 0.019738
2.128 0.019738
2.136 0.019738
2.144 0.019738
2.152 0.019738
2.160 0.019738
2.168 0.019738
2.176 0.019738
2.184 0.019738
2.192 0.019738
2.200 0.019738
2.208 0.019738
2.216 0.019738
2.224 0.019738
2.232 0.019738
2.240 0.019738
2.248 0.019738
2.256 0.019738
2.264 0.019738
2.272 0.019738
2.280 0.019738
2.288 0.019738
2.296 0.019738
2.304 0.019738
2.312 0.019738
2.320 0.019738
2.328 0.019738
2.336 0.019738
2.344 0.019738
2.352 0.019738
2.360 0.019738
2.368 0.019738
2.376 0.019738
2.384 0.019738
2.392 0.019738
2.400 0.019738
2.408 0.019738
2.416 0.019738
2.424 0.019738
2.432 0.019738
2.440 0.019738
2.448 0.019738
2.456 0.019738
2.464 0.019738
2.472 0.019738
2.480 0.019738
2.488 0.019738
2.496 0.019738
2.504 0.019738
2.512 0.019738
2.520 0.019738
2.528 0.019738
2.536 0.019738
2.544 0.019738
2.552 0.019738
2.560 0.019738
2.568 0.019738
2.576 0.019738
2.584 0.019738
2.592 0.019738
2.600 0.019738
2.608 0.019738
2.616 0.019738
2.624 0.019738
2.632 0.019738
2.640 0.019738
2.648 0.019738
2.656 0.019738
2.664 0.019738
2.672 0.019738
2.680 0.019738
2.688 0.019738
2.696 0.019738
2.704 0.019738
2.712 0.019738
2.720 0.019738
2.728 0.019738
2.736 0.019738
2.744 0.019738
2.752 0.019738
2.760 0.019738
2.768 0.019738
2.776 0.019738
2.784 0.019738
2.792 0.019738
2.800 0.019738
2.808 0.019738
2.816 0.019738
2.824 0.019738
2.832 0.019738
2.840 0.019738
2.848 0.019738
2.856 0.019738
2.864 0.019738
2.872 0.019738
2.880 0.019738
2.888 0.019738
2.896 0.019738
2.904 0.019738
2.912 0.019738
2.920 0.019738
2.928 0.019738
2.936 0.019738
2.944 0.019738
2.952 0.019738
2.960 0.019738
2.968 0.019738
2.976 0.019738
2.984 0.019738
2.992 0.019738
3.000 0.019738
3.008 0.019738
3.016 0.019738
3.024 0.019738
3.032 0.019738
3.040 0.019738
3.048 0.019738
3.056 0.019738
3.064 0.019738
3.072 0.019738
3.080 0.019738
3.088 0.019738
3.096 0.019738
3.104 0.019738
3.112 0.019738
3.120 0.019738
3.128 0.019738
3.136 0.019738
3.144 0.019738
3.152 0.019738
3.160 0.019738
3.168 0.019738
3.170 0.019738
