0.000 3.658073
0.004 3.658073
0.008 3.658073
0.012 3.658073
0.016 3.658073
0.020 3.658073
0.024 3.658073
0.028 3.658073
0.032 3.658073
0.036 3.658073
0.040 3.658073
0.044 3.658073
0.048 3.658073
0.052 3.658073
0.056 3.658073
0.060 3.658073
0.064 3.658073
0.068 3.658073
0.072 3.658073
0.076 3.658073
0.080 3.658073
0.084 3.658073
0.088 3.658073
0.092 3.658073
0.096 3.658073
0.100 3.658073
0.104 3.658073
0.108 3.658073
0.112 3.658073
0.116 3.658073
0.120 3.658073
0.124 3.658073
0.128 3.658073
0.132 3.658073
0.136 3.658073
0.140 3.658073
0.144 3.658073
0.148 3.658073
0.152 3.658073
0.156 3.658073
0.160 3.658073
0.164 3.658073
0.168 3.658073
0.172 3.658073
0.176 3.658073
0.180 3.658073
0.184 3.658073
0.188 3.658073
0.192 3.658073
0.196 3.658073
0.200 3.658073
0.204 3.658073
0.208 3.658073
0.212 3.658073
0.216 3.658073
0.220 3.658073
0.224 3.658073
0.228 3.658073
0.232 3.658073
0.236 3.658073
0.240 3.658073
0.244 3.658073
0.248 3.658073
0.252 3.658073
0.256 3.658073
0.260 3.658073
0.264 3.658073
0.268 3.658073
0.272 3.658073
0.276 3.658073
0.280 3.658073
0.284 3.658073
0.288 3.658073
0.292 3.658073
0.296 3.658073
0.300 3.658073
0.304 3.658073
0.308 3.658073
0.312 3.658073
0.316 3.658073
0.320 3.658073
0.324 3.658073
0.328 3.658073
0.332 3.658073
0.336 3.658073
0.340 3.658073
0.344 3.658073
0.348 3.658073
0.352 3.658073
0.356 3.658073
0.360 3.658073
0.364 3.658073
0.368 3.658073
0.372 3.658073
0.376 3.658073
0.380 3.658073
0.384 3.658073
0.388 3.658073
0.392 3.658073
0.396 3.658073
0.400 3.658073
0.404 3.658073
0.408 3.658073
0.412 3.658073
0.416 3.658073
0.420 3.658073
0.424 3.658073
0.428 3.658073
0.432 3.658073
0.436 3.658073
0.440 3.658073
0.444 3.658073
0.448 3.658073
0.452 3.658073
0.456 3.658073
0.460 3.658073
0.464 3.658073
0.468 3.658073
0.472 3.658073
0.476 3.658073
0.480 3.658073
0.484 3.658073
0.488 3.658073
0.492 3.658073
0.496 3.658073
0.500 3.658073
0.504 3.658073
0.508 3.658073
0.512 3.658073
0.516 3.658073
0.520 3.658073
0.524 3.658073
0.528 3.658073
0.532 3.658073
0.536 3.658073
0.540 3.658073
0.544 3.658073
0.548 3.658073
0.552 3.658073
0.556 3.658073
0.560 3.658073
0.564 3.658073
0.568 3.658073
0.572 3.658073
0.576 3.658073
0.580 3.658073
0.584 3.658073
0.588 3.658073
0.592 3.658073
0.596 3.658073
0.600 3.658073
0.604 3.658073
0.608 3.658073
0.612 3.658073
0.616 3.658073
0.620 3.658073
0.624 3.658073
0.628 3.658073
0.632 3.658073
0.636 3.658073
0.640 3.658073
0.644 3.658073
0.648 3.658073
0.652 3.658073
0.656 3.658073
0.660 3.658073
0.664 3.658073
0.668 3.658073
0.672 3.658073
0.676 3.658073
0.680 3.658073
0.684 3.658073
0.688 3.658073
0.692 3.658073
0.696 3.658073
0.700 3.658073
0.704 3.658073
0.708 3.658073
0.712 3.658073
0.716 3.658073
0.720 3.658073
0.724 3.658073
0.728 3.658073
0.732 3.658073
0.736 3.658073
0.740 3.658073
0.744 3.658073
0.748 3.658073
0.752 3.658073
0.756 3.658073
0.760 3.658073
0.764 3.658073
0.768 3.658073
0.772 3.658073
0.776 3.658073
0.780 3.658073
0.784 3.658073
0.788 3.658073
0.792 3.658073
0.796 3.658073
0.800 3.658073
0.804 3.658073
0.808 3.658073
0.812 3.658073
0.816 3.658073
0.820 3.658073
0.824 3.658073
0.828 3.658073
0.832 3.658073
0.836 3.658073
0.840 3.658073
0.844 3.658073
0.848 3.658073
0.852 3.658073
0.856 3.658073
0.860 3.658073
0.864 3.658073
0.868 3.658073
0.872 3.658073
0.876 3.658073
0.880 3.658073
0.884 3.658073
0.888 3.658073
0.892 3.658073
0.896 3.658073
0.900 3.658073
0.904 3.658073
0.908 3.658073
0.912 3.658073
0.916 3.658073
0.920 3.658073
0.924 3.658073
0.928 3.658073
0.932 3.658073
0.936 3.658073
0.940 3.658073
0.944 3.658073
0.948 3.658073
0.952 3.658073
0.956 3.658073
0.960 3.658073
0.964 3.658073
0.968 3.658073
0.972 3.658073
0.976 3.658073
0.980 3.658073
0.984 3.658073
0.988 3.658073
0.992 3.658073
0.996 3.658073
1.000 3.658073
1.004 3.658073
1.008 3.658073
1.012 3.658073
1.016 3.658073
1.020 3.658073
1.024 3.658073
1.028 3.658073
1.032 3.658073
1.036 3.658073
1.040 3.658073
1.044 3.658073
1.048 3.658073
1.052 3.658073
1.056 3.658073
1.060 3.658073
1.064 3.658073
1.068 3.658073
1.072 3.658073
1.076 3.658073
1.080 3.658073
1.084 3.658073
1.088 3.658073
1.092 3.658073
1.096 3.658073
1.100 3.658073
1.104 3.658073
1.108 3.658073
1.112 3.658073
1.116 3.658073
1.120 3.658073
1.124 3.658073
1.128 3.658073
1.132 3.658073
1.136 3.658073
1.140 3.658073
1.144 3.658073
1.148 3.658073
1.152 3.658073
1.156 3.658073
1.160 3.658073
1.164 3.658073
1.168 3.658073
1.172 3.658073
1.176 3.658073
1.180 3.658073
1.184 3.658073
1.188 3.658073
1.192 3.658073
1.196 3.658073
1.200 3.658073
1.204 3.658073
1.208 3.658073
1.212 3.658073
1.216 3.658073
1.220 3.658073
1.224 3.658073
1.228 3.658073
1.232 3.658073
1.236 3.658073
1.240 3.658073
1.244 3.658073
1.248 3.658073
1.252 3.658073
1.256 3.658073
1.260 3.658073
1.264 3.658073
1.268 3.658073
1.272 3.658073
1.276 3.658073
1.280 3.658073
1.284 3.658073
1.288 3.658073
1.292 3.658073
1.296 3.658073
1.300 3.658073
1.304 3.658073
1.308 3.658073
1.312 3.658073
1.316 3.658073
1.320 3.658073
1.324 3.658073
1.328 3.658073
1.332 3.658073
1.336 3.658073
1.340 3.658073
1.344 3.658073
1.348 3.658073
1.352 3.658073
1.356 3.658073
1.360 3.658073
1.364 3.658073
1.368 3.658073
1.372 3.658073
1.376 3.658073
1.380 3.658073
1.384 3.658073
1.388 3.658073
1.392 3.658073
1.396 3.658073
1.400 3.658073
1.404 3.658073
1.408 3.658073
1.412 3.658073
1.416 3.658073
1.420 3.658073
1.424 3.658073
1.428 3.658073
1.432 3.658073
1.436 3.658073
1.440 3.658073
1.444 3.658073
1.448 3.658073
1.452 3.658073
1.456 3.658073
1.460 3.658073
1.464 3.658073
1.468 3.658073
1.472 3.658073
1.476 3.658073
1.480 3.658073
1.484 3.658073
1.488 3.658073
1.492 3.658073
1.496 3.658073
1.500 3.658073
1.504 3.658073
1.508 3.658073
1.512 3.658073
1.516 3.658073
1.520 3.658073
1.524 3.658073
1.528 3.658073
1.532 3.658073
1.536 3.658073
1.540 3.658073
1.544 3.658073
1.548 3.658073
1.552 3.658073
1.556 3.658073
1.560 3.658073
1.564 3.658073
1.568 3.658073
1.572 3.658073
1.576 3.658073
1.580 3.658073
1.584 3.658073
1.588 3.658073
1.592 3.658073
1.596 3.658073
1.600 3.658073
1.604 3.658073
1.608 3.658073
1.612 3.658073
1.616 3.658073
1.620 3.658073
1.624 3.658073
1.628 3.658073
1.632 3.658073
1.636 3.658073
1.640 3.658073
1.644 3.658073
1.648 3.658073
1.652 3.658073
1.656 3.658073
1.660 3.658073
1.664 3.658073
1.668 3.658073
1.672 3.658073
1.676 3.658073
1.680 3.658073
1.684 3.658073
1.688 3.658073
1.692 3.658073
1.696 3.658073
1.700 3.658073
1.704 3.658073
1.708 3.658073
1.712 3.658073
1.716 3.658073
1.720 3.658073
1.724 3.658073
1.728 3.658073
1.732 3.658073
1.736 3.658073
1.740 3.658073
1.744 3.658073
1.748 3.658073
1.752 3.658073
1.756 3.658073
1.760 3.658073
1.764 3.658073
1.768 3.658073
1.772 3.658073
1.776 3.658073
1.780 3.658073
1.784 3.658073
1.788 3.658073
1.792 3.658073
1.796 3.658073
1.800 3.658073
1.804 3.658073
1.808 3.658073
1.812 3.658073
1.816 3.658073
1.820 3.658073
1.824 3.658073
1.828 3.658073
1.832 3.658073
1.836 3.658073
1.840 3.658073
1.844 3.658073
1.848 3.658073
1.852 3.658073
1.856 3.658073
1.860 3.658073
1.864 3.658073
1.868 3.658073
1.872 3.658073
1.876 3.658073
1.880 3.658073
1.884 3.658073
1.888 3.658073
1.892 3.658073
1.896 3.658073
1.900 3.658073
1.904 3.658073
1.908 3.658073
1.912 3.658073
1.916 3.658073
1.920 3.658073
1.924 3.658073
1.928 3.658073
1.932 3.658073
1.936 3.658073
1.940 3.658073
1.944 3.658073
1.948 3.658073
1.952 3.658073
1.956 3.658073
1.960 3.658073
1.964 3.658073
1.968 3.658073
1.972 3.658073
1.976 3.658073
1.980 3.658073
1.984 3.658073
1.988 3.658073
1.992 3.658073
1.996 3.658073
2.000 3.658073
2.004 3.658073
2.008 3.658073
2.012 3.658073
2.016 3.658073
2.020 3.658073
2.024 3.658073
2.028 3.658073
2.032 3.658073
2.036 3.658073
2.040 3.658073
2.044 3.658073
2.048 3.658073
2.052 3.658073
2.056 3.658073
2.060 3.658073
2.064 3.658073
2.068 3.658073
2.072 3.658073
2.076 3.658073
2.080 3.658073
2.084 3.658073
2.088 3.658073
2.092 3.658073
2.096 3.658073
2.100 3.658073
2.104 3.658073
2.108 3.658073
2.112 3.658073
2.116 3.658073
2.120 3.658073
2.124 3.658073
2.128 3.658073
2.132 3.658073
2.136 3.658073
2.140 3.658073
2.144 3.658073
2.148 3.658073
2.152 3.658073
2.156 3.658073
2.160 3.658073
2.164 3.658073
2.168 3.658073
2.172 3.658073
2.176 3.658073
2.180 3.658073
2.184 3.658073
2.188 3.658073
2.192 3.658073
2.196 3.658073
2.200 3.658073
2.204 3.658073
2.208 3.658073
2.212 3.658073
2.216 3.658073
2.220 3.658073
2.224 3.658073
2.228 3.658073
2.232 3.658073
2.236 3.658073
2.240 3.658073
2.244 3.658073
2.248 3.658073
2.252 3.658073
2.256 3.658073
2.260 3.658073
2.264 3.658073
2.268 3.658073
2.272 3.658073
2.276 3.658073
2.280 3.658073
2.284 3.658073
2.288 3.658073
2.292 3.658073
2.296 3.658073
2.300 3.658073
2.304 3.658073
2.308 3.658073
2.312 3.658073
2.316 3.658073
2.320 3.658073
2.324 3.658073
2.328 3.658073
2.332 3.658073
2.336 3.658073
2.340 3.658073
2.344 3.658073
2.348 3.658073
2.352 3.658073
2.356 3.658073
2.360 3.658073
2.364 3.658073
2.368 3.658073
2.372 3.658073
2.376 3.658073
2.380 3.658073
2.384 3.658073
2.388 3.658073
2.392 3.658073
2.396 3.658073
2.400 3.658073
2.404 3.658073
2.408 3.658073
2.412 3.658073
2.416 3.658073
2.420 3.658073
2.424 3.658073
2.428 3.658073
2.432 3.658073
2.436 3.658073
2.440 3.658073
2.444 3.658073
2.448 3.658073
2.452 3.658073
2.456 3.658073
2.460 3.658073
2.464 3.658073
2.468 3.658073
2.472 3.658073
2.476 3.658073
2.480 3.658073
2.484 3.658073
2.488 3.658073
2.492 3.658073
2.496 3.658073
2.500 3.658073
2.504 3.658073
2.508 3.658073
2.512 3.658073
2.516 3.658073
2.520 3.658073
2.524 3.658073
2.528 3.658073
2.532 3.658073
2.536 3.658073
2.540 3.658073
2.544 3.658073
2.548 3.658073
2.552 3.658073
2.556 3.658073
2.560 3.658073
2.564 3.658073
2.568 3.658073
2.572 3.658073
2.576 3.658073
2.580 3.658073
2.584 3.658073
2.588 3.658073
2.592 3.658073
2.596 3.658073
2.600 3.658073
2.604 3.658073
2.608 3.658073
2.612 3.658073
2.616 3.658073
2.620 3.658073
2.624 3.658073
2.628 3.658073
2.632 3.658073
2.636 3.658073
2.640 3.658073
2.644 3.658073
2.648 3.658073
2.652 3.658073
2.656 3.658073
2.660 3.658073
2.664 3.658073
2.668 3.658073
2.672 3.658073
2.676 3.658073
2.680 3.658073
2.684 3.658073
2.688 3.658073
2.692 3.658073
2.696 3.658073
2.700 3.658073
2.704 3.658073
2.708 3.658073
2.712 3.658073
2.716 3.658073
2.720 3.658073
2.724 3.658073
2.728 3.658073
2.732 3.658073
2.736 3.658073
2.740 3.658073
2.744 3.658073
2.748 3.658073
2.752 3.658073
2.756 3.658073
2.760 3.658073
2.764 3.658073
2.768 3.658073
2.772 3.658073
2.776 3.658073
2.780 3.658073
2.784 3.658073
2.788 3.658073
2.792 3.658073
2.796 3.658073
2.800 3.658073
2.804 3.658073
2.808 3.658073
2.812 3.658073
2.816 3.658073
2.820 3.658073
2.824 3.658073
2.828 3.658073
2.832 3.658073
2.836 3.658073
2.840 3.658073
2.844 3.658073
2.848 3.658073
2.852 3.658073
2.856 3.658073
2.860 3.658073
2.864 3.658073
2.868 3.658073
2.872 3.658073
2.876 3.658073
2.880 3.658073
2.884 3.658073
2.888 3.658073
2.892 3.658073
2.896 3.658073
2.900 3.658073
2.904 3.658073
2.908 3.658073
2.912 3.658073
2.916 3.658073
2.920 3.658073
2.924 3.658073
2.928 3.658073
2.932 3.658073
2.936 3.658073
2.940 3.658073
2.944 3.658073
2.948 3.658073
2.952 3.658073
2.956 3.658073
2.960 3.658073
2.964 3.658073
2.968 3.658073
2.972 3.658073
2.976 3.658073
2.980 3.658073
2.984 3.658073
2.988 3.658073
2.992 3.658073
2.996 3.658073
3.000 3.658073
3.004 3.658073
3.008 3.658073
3.012 3.658073
3.016 3.658073
3.020 3.658073
3.024 3.658073
3.028 3.658073
3.032 3.658073
3.036 3.658073
3.040 3.658073
3.044 3.658073
3.048 3.658073
3.052 3.658073
3.056 3.658073
3.060 3.658073
3.064 3.658073
3.068 3.658073
3.072 3.658073
3.076 3.658073
3.080 3.658073
3.084 3.658073
3.088 3.658073
3.092 3.658073
3.096 3.658073
3.100 3.658073
3.104 3.658073
3.108 3.658073
3.112 3.658073
3.116 3.658073
3.120 3.658073
3.124 3.658073
3.128 3.658073
3.132 3.658073
3.136 3.658073
3.140 3.658073
3.144 3.658073
3.148 3.658073
3.152 3.658073
3.156 3.658073
3.160 3.658073
3.164 3.658073
3.168 3.658073
3.170 3.658073
