0.000 -2.738119
0.002 -2.738119
0.004 -2.738119
0.006 -2.738119
0.008 -2.738119
0.010 -2.738119
0.012 -2.738119
0.014 -2.738119
0.016 -2.738119
0.018 -2.738119
0.020 -2.738119
0.022 -2.738119
0.024 -2.738119
0.026 -2.738119
0.028 -2.738119
0.030 -2.738119
0.032 -2.738119
0.034 -2.738119
0.036 -2.738119
0.038 -2.738119
0.040 -2.738119
0.042 -2.738119
0.044 -2.738119
0.046 -2.738119
0.048 -2.738119
0.050 -2.738119
0.052 -2.738119
0.054 -2.738119
0.056 -2.738119
0.058 -2.738119
0.060 -2.738119
0.062 -2.738119
0.064 -2.738119
0.066 -2.738119
0.068 -2.738119
0.070 -2.738119
0.072 -2.738119
0.074 -2.738119
0.076 -2.738119
0.078 -2.738119
0.080 -2.738119
0.082 -2.738119
0.084 -2.738119
0.086 -2.738119
0.088 -2.738119
0.090 -2.738119
0.092 -2.738119
0.094 -2.738119
0.096 -2.738119
0.098 -2.738119
0.100 -2.738119
0.102 -2.738119
0.104 -2.738119
0.106 -2.738119
0.108 -2.738119
0.110 -2.738119
0.112 -2.738119
0.114 -2.738119
0.116 -2.738119
0.118 -2.738119
0.120 -2.738119
0.122 -2.738119
0.124 -2.738119
0.126 -2.738119
0.128 -2.738119
0.130 -2.738119
0.132 -2.738119
0.134 -2.738119
0.136 -2.738119
0.138 -2.738119
0.140 -2.738119
0.142 -2.738119
0.144 -2.738119
0.146 -2.738119
0.148 -2.738119
0.150 -2.738119
0.152 -2.738119
0.154 -2.738119
0.156 -2.738119
0.158 -2.738119
0.160 -2.738119
0.162 -2.738119
0.164 -2.738119
0.166 -2.738119
0.168 -2.738119
0.170 -2.738119
0.172 -2.738119
0.174 -2.738119
0.176 -2.738119
0.178 -2.738119
0.180 -2.738119
0.182 -2.738119
0.184 -2.738119
0.186 -2.738119
0.188 -2.738119
0.190 -2.738119
0.192 -2.738119
0.194 -2.738119
0.196 -2.738119
0.198 -2.738119
0.200 -2.738119
0.202 -2.738119
0.204 -2.738119
0.206 -2.738119
0.208 -2.738119
0.210 -2.738119
0.212 -2.738119
0.214 -2.738119
0.216 -2.738119
0.218 -2.738119
0.220 -2.738119
0.222 -2.738119
0.224 -2.738119
0.226 -2.738119
0.228 -2.738119
0.230 -2.738119
0.232 -2.738119
0.234 -2.738119
0.236 -2.738119
0.238 -2.738119
0.240 -2.738119
0.242 -2.738119
0.244 -2.738119
0.246 -2.738119
0.248 -2.738119
0.250 -2.738119
0.252 -2.738119
0.254 -2.738119
0.256 -2.738119
0.258 -2.738119
0.260 -2.738119
0.262 -2.738119
0.264 -2.738119
0.266 -2.738119
0.268 -2.738119
0.270 -2.738119
0.272 -2.738119
0.274 -2.738119
0.276 -2.738119
0.278 -2.738119
0.280 -2.738119
0.282 -2.738119
0.284 -2.738119
0.286 -2.738119
0.288 -2.738119
0.290 -2.738119
0.292 -2.738119
0.294 -2.738119
0.296 -2.738119
0.298 -2.738119
0.300 -2.738119
0.302 -2.738119
0.304 -2.738119
0.306 -2.738119
0.308 -2.738119
0.310 -2.738119
0.312 -2.738119
0.314 -2.738119
0.316 -2.738119
0.318 -2.738119
0.320 -2.738119
0.322 -2.738119
0.324 -2.738119
0.326 -2.738119
0.328 -2.738119
0.330 -2.738119
0.332 -2.738119
0.334 -2.738119
0.336 -2.738119
0.338 -2.738119
0.340 -2.738119
0.342 -2.738119
0.344 -2.738119
0.346 -2.738119
0.348 -2.738119
0.350 -2.738119
0.352 -2.738119
0.354 -2.738119
0.356 -2.738119
0.358 -2.738119
0.360 -2.738119
0.362 -2.738119
0.364 -2.738119
0.366 -2.738119
0.368 -2.738119
0.370 -2.738119
0.372 -2.738119
0.374 -2.738119
0.376 -2.738119
0.378 -2.738119
0.380 -2.738119
0.382 -2.738119
0.384 -2.738119
0.386 -2.738119
0.388 -2.738119
0.390 -2.738119
0.392 -2.738119
0.394 -2.738119
0.396 -2.738119
0.398 -2.738119
0.400 -2.738119
0.402 -2.738119
0.404 -2.738119
0.406 -2.738119
0.408 -2.738119
0.410 -2.738119
0.412 -2.738119
0.414 -2.738119
0.416 -2.738119
0.418 -2.738119
0.420 -2.738119
0.422 -2.738119
0.424 -2.738119
0.426 -2.738119
0.428 -2.738119
0.430 -2.738119
0.432 -2.738119
0.434 -2.738119
0.436 -2.738119
0.438 -2.738119
0.440 -2.738119
0.442 -2.738119
0.444 -2.738119
0.446 -2.738119
0.448 -2.738119
0.450 -2.738119
0.452 -2.738119
0.454 -2.738119
0.456 -2.738119
0.458 -2.738119
0.460 -2.738119
0.462 -2.738119
0.464 -2.738119
0.466 -2.738119
0.468 -2.738119
0.470 -2.738119
0.472 -2.738119
0.474 -2.738119
0.476 -2.738119
0.478 -2.738119
0.480 -2.738119
0.482 -2.738119
0.484 -2.738119
0.486 -2.738119
0.488 -2.738119
0.490 -2.738119
0.492 -2.738119
0.494 -2.738119
0.496 -2.738119
0.498 -2.738119
0.500 -2.738119
0.502 -2.738119
0.504 -2.738119
0.506 -2.738119
0.508 -2.738119
0.510 -2.738119
0.512 -2.738119
0.514 -2.738119
0.516 -2.738119
0.518 -2.738119
0.520 -2.738119
0.522 -2.738119
0.524 -2.738119
0.526 -2.738119
0.528 -2.738119
0.530 -2.738119
0.532 -2.738119
0.534 -2.738119
0.536 -2.738119
0.538 -2.738119
0.540 -2.738119
0.542 -2.738119
0.544 -2.738119
0.546 -2.738119
0.548 -2.738119
0.550 -2.738119
0.552 -2.738119
0.554 -2.738119
0.556 -2.738119
0.558 -2.738119
0.560 -2.738119
0.562 -2.738119
0.564 -2.738119
0.566 -2.738119
0.568 -2.738119
0.570 -2.738119
0.572 -2.738119
0.574 -2.738119
0.576 -2.738119
0.578 -2.738119
0.580 -2.738119
0.582 -2.738119
0.584 -2.738119
0.586 -2.738119
0.588 -2.738119
0.590 -2.738119
0.592 -2.738119
0.594 -2.738119
0.596 -2.738119
0.598 -2.738119
0.600 -2.738119
0.602 -2.738119
0.604 -2.738119
0.606 -2.738119
0.608 -2.738119
0.610 -2.738119
0.612 -2.738119
0.614 -2.738119
0.616 -2.738119
0.618 -2.738119
0.620 -2.738119
0.622 -2.738119
0.624 -2.738119
0.626 -2.738119
0.628 -2.738119
0.630 -2.738119
0.632 -2.738119
0.634 -2.738119
0.636 -2.738119
0.638 -2.738119
0.640 -2.738119
0.642 -2.738119
0.644 -2.738119
0.646 -2.738119
0.648 -2.738119
0.650 -2.738119
0.652 -2.738119
0.654 -2.738119
0.656 -2.738119
0.658 -2.738119
0.660 -2.738119
0.662 -2.738119
0.664 -2.738119
0.666 -2.738119
0.668 -2.738119
0.670 -2.738119
0.672 -2.738119
0.674 -2.738119
0.676 -2.738119
0.678 -2.738119
0.680 -2.738119
0.682 -2.738119
0.684 -2.738119
0.686 -2.738119
0.688 -2.738119
0.690 -2.738119
0.692 -2.738119
0.694 -2.738119
0.696 -2.738119
0.698 -2.738119
0.700 -2.738119
0.702 -2.738119
0.704 -2.738119
0.706 -2.738119
0.708 -2.738119
0.710 -2.738119
0.712 -2.738119
0.714 -2.738119
0.716 -2.738119
0.718 -2.738119
0.720 -2.738119
0.722 -2.738119
0.724 -2.738119
0.726 -2.738119
0.728 -2.738119
0.730 -2.738119
0.732 -2.738119
0.734 -2.738119
0.736 -2.738119
0.738 -2.738119
0.740 -2.738119
0.742 -2.738119
0.744 -2.738119
0.746 -2.738119
0.748 -2.738119
0.750 -2.738119
0.752 -2.738119
0.754 -2.738119
0.756 -2.738119
0.758 -2.738119
0.760 -2.738119
0.762 -2.738119
0.764 -2.738119
0.766 -2.738119
0.768 -2.738119
0.770 -2.738119
0.772 -2.738119
0.774 -2.738119
0.776 -2.738119
0.778 -2.738119
0.780 -2.738119
0.782 -2.738119
0.784 -2.738119
0.786 -2.738119
0.788 -2.738119
0.790 -2.738119
0.792 -2.738119
0.794 -2.738119
0.796 -2.738119
0.798 -2.738119
0.800 -2.738119
0.802 -2.738119
0.804 -2.738119
0.806 -2.738119
0.808 -2.738119
0.810 -2.738119
0.812 -2.738119
0.814 -2.738119
0.816 -2.738119
0.818 -2.738119
0.820 -2.738119
0.822 -2.738119
0.824 -2.738119
0.826 -2.738119
0.828 -2.738119
0.830 -2.738119
0.832 -2.738119
0.834 -2.738119
0.836 -2.738119
0.838 -2.738119
0.840 -2.738119
0.842 -2.738119
0.844 -2.738119
0.846 -2.738119
0.848 -2.738119
0.850 -2.738119
0.852 -2.738119
0.854 -2.738119
0.856 -2.738119
0.858 -2.738119
0.860 -2.738119
0.862 -2.738119
0.864 -2.738119
0.866 -2.738119
0.868 -2.738119
0.870 -2.738119
0.872 -2.738119
0.874 -2.738119
0.876 -2.738119
0.878 -2.738119
0.880 -2.738119
0.882 -2.738119
0.884 -2.738119
0.886 -2.738119
0.888 -2.738119
0.890 -2.738119
0.892 -2.738119
0.894 -2.738119
0.896 -2.738119
0.898 -2.738119
0.900 -2.738119
0.902 -2.738119
0.904 -2.738119
0.906 -2.738119
0.908 -2.738119
0.910 -2.738119
0.912 -2.738119
0.914 -2.738119
0.916 -2.738119
0.918 -2.738119
0.920 -2.738119
0.922 -2.738119
0.924 -2.738119
0.926 -2.738119
0.928 -2.738119
0.930 -2.738119
0.932 -2.738119
0.934 -2.738119
0.936 -2.738119
0.938 -2.738119
0.940 -2.738119
0.942 -2.738119
0.944 -2.738119
0.946 -2.738119
0.948 -2.738119
0.950 -2.738119
0.952 -2.738119
0.954 -2.738119
0.956 -2.738119
0.958 -2.738119
0.960 -2.738119
0.962 -2.738119
0.964 -2.738119
0.966 -2.738119
0.968 -2.738119
0.970 -2.738119
0.972 -2.738119
0.974 -2.738119
0.976 -2.738119
0.978 -2.738119
0.980 -2.738119
0.982 -2.738119
0.984 -2.738119
0.986 -2.738119
0.988 -2.738119
0.990 -2.738119
0.992 -2.738119
0.994 -2.738119
0.996 -2.738119
0.998 -2.738119
1.000 -2.738119
1.002 -2.738119
1.004 -2.738119
1.006 -2.738119
1.008 -2.738119
1.010 -2.738119
1.012 -2.738119
1.014 -2.738119
1.016 -2.738119
1.018 -2.738119
1.020 -2.738119
1.022 -2.738119
1.024 -2.738119
1.026 -2.738119
1.028 -2.738119
1.030 -2.738119
1.032 -2.738119
1.034 -2.738119
1.036 -2.738119
1.038 -2.738119
1.040 -2.738119
1.042 -2.738119
1.044 -2.738119
1.046 -2.738119
1.048 -2.738119
1.050 -2.738119
1.052 -2.738119
1.054 -2.738119
1.056 -2.738119
1.058 -2.738119
1.060 -2.738119
1.062 -2.738119
1.064 -2.738119
1.066 -2.738119
1.068 -2.738119
1.070 -2.738119
1.072 -2.738119
1.074 -2.738119
1.076 -2.738119
1.078 -2.738119
1.080 -2.738119
1.082 -2.738119
1.084 -2.738119
1.086 -2.738119
1.088 -2.738119
1.090 -2.738119
1.092 -2.738119
1.094 -2.738119
1.096 -2.738119
1.098 -2.738119
1.100 -2.738119
1.102 -2.738119
1.104 -2.738119
1.106 -2.738119
1.108 -2.738119
1.110 -2.738119
1.112 -2.738119
1.114 -2.738119
1.116 -2.738119
1.118 -2.738119
1.120 -2.738119
1.122 -2.738119
1.124 -2.738119
1.126 -2.738119
1.128 -2.738119
1.130 -2.738119
1.132 -2.738119
1.134 -2.738119
1.136 -2.738119
1.138 -2.738119
1.140 -2.738119
1.142 -2.738119
1.144 -2.738119
1.146 -2.738119
1.148 -2.738119
1.150 -2.738119
1.152 -2.738119
1.154 -2.738119
1.156 -2.738119
1.158 -2.738119
1.160 -2.738119
1.162 -2.738119
1.164 -2.738119
1.166 -2.738119
1.168 -2.738119
1.170 -2.738119
1.172 -2.738119
1.174 -2.738119
1.176 -2.738119
1.178 -2.738119
1.180 -2.738119
1.182 -2.738119
1.184 -2.738119
1.186 -2.738119
1.188 -2.738119
1.190 -2.738119
1.192 -2.738119
1.194 -2.738119
1.196 -2.738119
1.198 -2.738119
1.200 -2.738119
1.202 -2.738119
1.204 -2.738119
1.206 -2.738119
1.208 -2.738119
1.210 -2.738119
1.212 -2.738119
1.214 -2.738119
1.216 -2.738119
1.218 -2.738119
1.220 -2.738119
1.222 -2.738119
1.224 -2.738119
1.226 -2.738119
1.228 -2.738119
1.230 -2.738119
1.232 -2.738119
1.234 -2.738119
1.236 -2.738119
1.238 -2.738119
1.240 -2.738119
1.242 -2.738119
1.244 -2.738119
1.246 -2.738119
1.248 -2.738119
1.250 -2.738119
1.252 -2.738119
1.254 -2.738119
1.256 -2.738119
1.258 -2.738119
1.260 -2.738119
1.262 -2.738119
1.264 -2.738119
1.266 -2.738119
1.268 -2.738119
1.270 -2.738119
1.272 -2.738119
1.274 -2.738119
1.276 -2.738119
1.278 -2.738119
1.280 -2.738119
1.282 -2.738119
1.284 -2.738119
1.286 -2.738119
1.288 -2.738119
1.290 -2.738119
1.292 -2.738119
1.294 -2.738119
1.296 -2.738119
1.298 -2.738119
1.300 -2.738119
1.302 -2.738119
1.304 -2.738119
1.306 -2.738119
1.308 -2.738119
1.310 -2.738119
1.312 -2.738119
1.314 -2.738119
1.316 -2.738119
1.318 -2.738119
1.320 -2.738119
1.322 -2.738119
1.324 -2.738119
1.326 -2.738119
1.328 -2.738119
1.330 -2.738119
1.332 -2.738119
1.334 -2.738119
1.336 -2.738119
1.338 -2.738119
1.340 -2.738119
1.342 -2.738119
1.344 -2.738119
1.346 -2.738119
1.348 -2.738119
1.350 -2.738119
1.352 -2.738119
1.354 -2.738119
1.356 -2.738119
1.358 -2.738119
1.360 -2.738119
1.362 -2.738119
1.364 -2.738119
1.366 -2.738119
1.368 -2.738119
1.370 -2.738119
1.372 -2.738119
1.374 -2.738119
1.376 -2.738119
1.378 -2.738119
1.380 -2.738119
1.382 -2.738119
1.384 -2.738119
1.386 -2.738119
1.388 -2.738119
1.390 -2.738119
1.392 -2.738119
1.394 -2.738119
1.396 -2.738119
1.398 -2.738119
1.400 -2.738119
1.402 -2.738119
1.404 -2.738119
1.406 -2.738119
1.408 -2.738119
1.410 -2.738119
1.412 -2.738119
1.414 -2.738119
1.416 -2.738119
1.418 -2.738119
1.420 -2.738119
1.422 -2.738119
1.424 -2.738119
1.426 -2.738119
1.428 -2.738119
1.430 -2.738119
1.432 -2.738119
1.434 -2.738119
1.436 -2.738119
1.438 -2.738119
1.440 -2.738119
1.442 -2.738119
1.444 -2.738119
1.446 -2.738119
1.448 -2.738119
1.450 -2.738119
1.452 -2.738119
1.454 -2.738119
1.456 -2.738119
1.458 -2.738119
1.460 -2.738119
1.462 -2.738119
1.464 -2.738119
1.466 -2.738119
1.468 -2.738119
1.470 -2.738119
1.472 -2.738119
1.474 -2.738119
1.476 -2.738119
1.478 -2.738119
1.480 -2.738119
1.482 -2.738119
1.484 -2.738119
1.486 -2.738119
1.488 -2.738119
1.490 -2.738119
1.492 -2.738119
1.494 -2.738119
1.496 -2.738119
1.498 -2.738119
1.500 -2.738119
1.502 -2.738119
1.504 -2.738119
1.506 -2.738119
1.508 -2.738119
1.510 -2.738119
1.512 -2.738119
1.514 -2.738119
1.516 -2.738119
1.518 -2.738119
1.520 -2.738119
1.522 -2.738119
1.524 -2.738119
1.526 -2.738119
1.528 -2.738119
1.530 -2.738119
1.532 -2.738119
1.534 -2.738119
1.536 -2.738119
1.538 -2.738119
1.540 -2.738119
1.542 -2.738119
1.544 -2.738119
1.546 -2.738119
1.548 -2.738119
1.550 -2.738119
1.552 -2.738119
1.554 -2.738119
1.556 -2.738119
1.558 -2.738119
1.560 -2.738119
1.562 -2.738119
1.564 -2.738119
1.566 -2.738119
1.568 -2.738119
1.570 -2.738119
1.572 -2.738119
1.574 -2.738119
1.576 -2.738119
1.578 -2.738119
1.580 -2.738119
1.582 -2.738119
1.584 -2.738119
1.586 -2.738119
1.588 -2.738119
1.590 -2.738119
1.592 -2.738119
1.594 -2.738119
1.596 -2.738119
1.598 -2.738119
1.600 -2.738119
1.602 -2.738119
1.604 -2.738119
1.606 -2.738119
1.608 -2.738119
1.610 -2.738119
1.612 -2.738119
1.614 -2.738119
1.616 -2.738119
1.618 -2.738119
1.620 -2.738119
1.622 -2.738119
1.624 -2.738119
1.626 -2.738119
1.628 -2.738119
1.630 -2.738119
1.632 -2.738119
1.634 -2.738119
1.636 -2.738119
1.638 -2.738119
1.640 -2.738119
1.642 -2.738119
1.644 -2.738119
1.646 -2.738119
1.648 -2.738119
1.650 -2.738119
1.652 -2.738119
1.654 -2.738119
1.656 -2.738119
1.658 -2.738119
1.660 -2.738119
1.662 -2.738119
1.664 -2.738119
1.666 -2.738119
1.668 -2.738119
1.670 -2.738119
1.672 -2.738119
1.674 -2.738119
1.676 -2.738119
1.678 -2.738119
1.680 -2.738119
1.682 -2.738119
1.684 -2.738119
1.686 -2.738119
1.688 -2.738119
1.690 -2.738119
1.692 -2.738119
1.694 -2.738119
1.696 -2.738119
1.698 -2.738119
1.700 -2.738119
1.702 -2.738119
1.704 -2.738119
1.706 -2.738119
1.708 -2.738119
1.710 -2.738119
1.712 -2.738119
1.714 -2.738119
1.716 -2.738119
1.718 -2.738119
1.720 -2.738119
1.722 -2.738119
1.724 -2.738119
1.726 -2.738119
1.728 -2.738119
1.730 -2.738119
1.732 -2.738119
1.734 -2.738119
1.736 -2.738119
1.738 -2.738119
1.740 -2.738119
1.742 -2.738119
1.744 -2.738119
1.746 -2.738119
1.748 -2.738119
1.750 -2.738119
1.752 -2.738119
1.754 -2.738119
1.756 -2.738119
1.758 -2.738119
1.760 -2.738119
1.762 -2.738119
1.764 -2.738119
1.766 -2.738119
1.768 -2.738119
1.770 -2.738119
1.772 -2.738119
1.774 -2.738119
1.776 -2.738119
1.778 -2.738119
1.780 -2.738119
1.782 -2.738119
1.784 -2.738119
1.786 -2.738119
1.788 -2.738119
1.790 -2.738119
1.792 -2.738119
1.794 -2.738119
1.796 -2.738119
1.798 -2.738119
1.800 -2.738119
1.802 -2.738119
1.804 -2.738119
1.806 -2.738119
1.808 -2.738119
1.810 -2.738119
1.812 -2.738119
1.814 -2.738119
1.816 -2.738119
1.818 -2.738119
1.820 -2.738119
1.822 -2.738119
1.824 -2.738119
1.826 -2.738119
1.828 -2.738119
1.830 -2.738119
1.832 -2.738119
1.834 -2.738119
1.836 -2.738119
1.838 -2.738119
1.840 -2.738119
1.842 -2.738119
1.844 -2.738119
1.846 -2.738119
1.848 -2.738119
1.850 -2.738119
1.852 -2.738119
1.854 -2.738119
1.856 -2.738119
1.858 -2.738119
1.860 -2.738119
1.862 -2.738119
1.864 -2.738119
1.866 -2.738119
1.868 -2.738119
1.870 -2.738119
1.872 -2.738119
1.874 -2.738119
1.876 -2.738119
1.878 -2.738119
1.880 -2.738119
1.882 -2.738119
1.884 -2.738119
1.886 -2.738119
1.888 -2.738119
1.890 -2.738119
1.892 -2.738119
1.894 -2.738119
1.896 -2.738119
1.898 -2.738119
1.900 -2.738119
1.902 -2.738119
1.904 -2.738119
1.906 -2.738119
1.908 -2.738119
1.910 -2.738119
1.912 -2.738119
1.914 -2.738119
1.916 -2.738119
1.918 -2.738119
1.920 -2.738119
1.922 -2.738119
1.924 -2.738119
1.926 -2.738119
1.928 -2.738119
1.930 -2.738119
1.932 -2.738119
1.934 -2.738119
1.936 -2.738119
1.938 -2.738119
1.940 -2.738119
1.942 -2.738119
1.944 -2.738119
1.946 -2.738119
1.948 -2.738119
1.950 -2.738119
1.952 -2.738119
1.954 -2.738119
1.956 -2.738119
1.958 -2.738119
1.960 -2.738119
1.962 -2.738119
1.964 -2.738119
1.966 -2.738119
1.968 -2.738119
1.970 -2.738119
1.972 -2.738119
1.974 -2.738119
1.976 -2.738119
1.978 -2.738119
1.980 -2.738119
1.982 -2.738119
1.984 -2.738119
1.986 -2.738119
1.988 -2.738119
1.990 -2.738119
1.992 -2.738119
1.994 -2.738119
1.996 -2.738119
1.998 -2.738119
2.000 -2.738119
2.002 -2.738119
2.004 -2.738119
2.006 -2.738119
2.008 -2.738119
2.010 -2.738119
2.012 -2.738119
2.014 -2.738119
2.016 -2.738119
2.018 -2.738119
2.020 -2.738119
2.022 -2.738119
2.024 -2.738119
2.026 -2.738119
2.028 -2.738119
2.030 -2.738119
2.032 -2.738119
2.034 -2.738119
2.036 -2.738119
2.038 -2.738119
2.040 -2.738119
2.042 -2.738119
2.044 -2.738119
2.046 -2.738119
2.048 -2.738119
2.050 -2.738119
2.052 -2.738119
2.054 -2.738119
2.056 -2.738119
2.058 -2.738119
2.060 -2.738119
2.062 -2.738119
2.064 -2.738119
2.066 -2.738119
2.068 -2.738119
2.070 -2.738119
2.072 -2.738119
2.074 -2.738119
2.076 -2.738119
2.078 -2.738119
2.080 -2.738119
2.082 -2.738119
2.084 -2.738119
2.086 -2.738119
2.088 -2.738119
2.090 -2.738119
2.092 -2.738119
2.094 -2.738119
2.096 -2.738119
2.098 -2.738119
2.100 -2.738119
2.102 -2.738119
2.104 -2.738119
2.106 -2.738119
2.108 -2.738119
2.110 -2.738119
2.112 -2.738119
2.114 -2.738119
2.116 -2.738119
2.118 -2.738119
2.120 -2.738119
2.122 -2.738119
2.124 -2.738119
2.126 -2.738119
2.128 -2.738119
2.130 -2.738119
2.132 -2.738119
2.134 -2.738119
2.136 -2.738119
2.138 -2.738119
2.140 -2.738119
2.142 -2.738119
2.144 -2.738119
2.146 -2.738119
2.148 -2.738119
2.150 -2.738119
2.152 -2.738119
2.154 -2.738119
2.156 -2.738119
2.158 -2.738119
2.160 -2.738119
2.162 -2.738119
2.164 -2.738119
2.166 -2.738119
2.168 -2.738119
2.170 -2.738119
2.172 -2.738119
2.174 -2.738119
2.176 -2.738119
2.178 -2.738119
2.180 -2.738119
2.182 -2.738119
2.184 -2.738119
2.186 -2.738119
2.188 -2.738119
2.190 -2.738119
2.192 -2.738119
2.194 -2.738119
2.196 -2.738119
2.198 -2.738119
2.200 -2.738119
2.202 -2.738119
2.204 -2.738119
2.206 -2.738119
2.208 -2.738119
2.210 -2.738119
2.212 -2.738119
2.214 -2.738119
2.216 -2.738119
2.218 -2.738119
2.220 -2.738119
2.222 -2.738119
2.224 -2.738119
2.226 -2.738119
2.228 -2.738119
2.230 -2.738119
2.232 -2.738119
2.234 -2.738119
2.236 -2.738119
2.238 -2.738119
2.240 -2.738119
2.242 -2.738119
2.244 -2.738119
2.246 -2.738119
2.248 -2.738119
2.250 -2.738119
2.252 -2.738119
2.254 -2.738119
2.256 -2.738119
2.258 -2.738119
2.260 -2.738119
2.262 -2.738119
2.264 -2.738119
2.266 -2.738119
2.268 -2.738119
2.270 -2.738119
2.272 -2.738119
2.274 -2.738119
2.276 -2.738119
2.278 -2.738119
2.280 -2.738119
2.282 -2.738119
2.284 -2.738119
2.286 -2.738119
2.288 -2.738119
2.290 -2.738119
2.292 -2.738119
2.294 -2.738119
2.296 -2.738119
2.298 -2.738119
2.300 -2.738119
2.302 -2.738119
2.304 -2.738119
2.306 -2.738119
2.308 -2.738119
2.310 -2.738119
2.312 -2.738119
2.314 -2.738119
2.316 -2.738119
2.318 -2.738119
2.320 -2.738119
2.322 -2.738119
2.324 -2.738119
2.326 -2.738119
2.328 -2.738119
2.330 -2.738119
2.332 -2.738119
2.334 -2.738119
2.336 -2.738119
2.338 -2.738119
2.340 -2.738119
2.342 -2.738119
2.344 -2.738119
2.346 -2.738119
2.348 -2.738119
2.350 -2.738119
2.352 -2.738119
2.354 -2.738119
2.356 -2.738119
2.358 -2.738119
2.360 -2.738119
2.362 -2.738119
2.364 -2.738119
2.366 -2.738119
2.368 -2.738119
2.370 -2.738119
2.372 -2.738119
2.374 -2.738119
2.376 -2.738119
2.378 -2.738119
2.380 -2.738119
2.382 -2.738119
2.384 -2.738119
2.386 -2.738119
2.388 -2.738119
2.390 -2.738119
2.392 -2.738119
2.394 -2.738119
2.396 -2.738119
2.398 -2.738119
2.400 -2.738119
2.402 -2.738119
2.404 -2.738119
2.406 -2.738119
2.408 -2.738119
2.410 -2.738119
2.412 -2.738119
2.414 -2.738119
2.416 -2.738119
2.418 -2.738119
2.420 -2.738119
2.422 -2.738119
2.424 -2.738119
2.426 -2.738119
2.428 -2.738119
2.430 -2.738119
2.432 -2.738119
2.434 -2.738119
2.436 -2.738119
2.438 -2.738119
2.440 -2.738119
2.442 -2.738119
2.444 -2.738119
2.446 -2.738119
2.448 -2.738119
2.450 -2.738119
2.452 -2.738119
2.454 -2.738119
2.456 -2.738119
2.458 -2.738119
2.460 -2.738119
2.462 -2.738119
2.464 -2.738119
2.466 -2.738119
2.468 -2.738119
2.470 -2.738119
2.472 -2.738119
2.474 -2.738119
2.476 -2.738119
2.478 -2.738119
2.480 -2.738119
2.482 -2.738119
2.484 -2.738119
2.486 -2.738119
2.488 -2.738119
2.490 -2.738119
2.492 -2.738119
2.494 -2.738119
2.496 -2.738119
2.498 -2.738119
2.500 -2.738119
2.502 -2.738119
2.504 -2.738119
2.506 -2.738119
2.508 -2.738119
2.510 -2.738119
2.512 -2.738119
2.514 -2.738119
2.516 -2.738119
2.518 -2.738119
2.520 -2.738119
2.522 -2.738119
2.524 -2.738119
2.526 -2.738119
2.528 -2.738119
2.530 -2.738119
2.532 -2.738119
2.534 -2.738119
2.536 -2.738119
2.538 -2.738119
2.540 -2.738119
2.542 -2.738119
2.544 -2.738119
2.546 -2.738119
2.548 -2.738119
2.550 -2.738119
2.552 -2.738119
2.554 -2.738119
2.556 -2.738119
2.558 -2.738119
2.560 -2.738119
2.562 -2.738119
2.564 -2.738119
2.566 -2.738119
2.568 -2.738119
2.570 -2.738119
2.572 -2.738119
2.574 -2.738119
2.576 -2.738119
2.578 -2.738119
2.580 -2.738119
2.582 -2.738119
2.584 -2.738119
2.586 -2.738119
2.588 -2.738119
2.590 -2.738119
2.592 -2.738119
2.594 -2.738119
2.596 -2.738119
2.598 -2.738119
2.600 -2.738119
2.602 -2.738119
2.604 -2.738119
2.606 -2.738119
2.608 -2.738119
2.610 -2.738119
2.612 -2.738119
2.614 -2.738119
2.616 -2.738119
2.618 -2.738119
2.620 -2.738119
2.622 -2.738119
2.624 -2.738119
2.626 -2.738119
2.628 -2.738119
2.630 -2.738119
2.632 -2.738119
2.634 -2.738119
2.636 -2.738119
2.638 -2.738119
2.640 -2.738119
2.642 -2.738119
2.644 -2.738119
2.646 -2.738119
2.648 -2.738119
2.650 -2.738119
2.652 -2.738119
2.654 -2.738119
2.656 -2.738119
2.658 -2.738119
2.660 -2.738119
2.662 -2.738119
2.664 -2.738119
2.666 -2.738119
2.668 -2.738119
2.670 -2.738119
2.672 -2.738119
2.674 -2.738119
2.676 -2.738119
2.678 -2.738119
2.680 -2.738119
2.682 -2.738119
2.684 -2.738119
2.686 -2.738119
2.688 -2.738119
2.690 -2.738119
2.692 -2.738119
2.694 -2.738119
2.696 -2.738119
2.698 -2.738119
2.700 -2.738119
2.702 -2.738119
2.704 -2.738119
2.706 -2.738119
2.708 -2.738119
2.710 -2.738119
2.712 -2.738119
2.714 -2.738119
2.716 -2.738119
2.718 -2.738119
2.720 -2.738119
2.722 -2.738119
2.724 -2.738119
2.726 -2.738119
2.728 -2.738119
2.730 -2.738119
2.732 -2.738119
2.734 -2.738119
2.736 -2.738119
2.738 -2.738119
2.740 -2.738119
2.742 -2.738119
2.744 -2.738119
2.746 -2.738119
2.748 -2.738119
2.750 -2.738119
2.752 -2.738119
2.754 -2.738119
2.756 -2.738119
2.758 -2.738119
2.760 -2.738119
2.762 -2.738119
2.764 -2.738119
2.766 -2.738119
2.768 -2.738119
2.770 -2.738119
2.772 -2.738119
2.774 -2.738119
2.776 -2.738119
2.778 -2.738119
2.780 -2.738119
2.782 -2.738119
2.784 -2.738119
2.786 -2.738119
2.788 -2.738119
2.790 -2.738119
2.792 -2.738119
2.794 -2.738119
2.796 -2.738119
2.798 -2.738119
2.800 -2.738119
2.802 -2.738119
2.804 -2.738119
2.806 -2.738119
2.808 -2.738119
2.810 -2.738119
2.812 -2.738119
2.814 -2.738119
2.816 -2.738119
2.818 -2.738119
2.820 -2.738119
2.822 -2.738119
2.824 -2.738119
2.826 -2.738119
2.828 -2.738119
2.830 -2.738119
2.832 -2.738119
2.834 -2.738119
2.836 -2.738119
2.838 -2.738119
2.840 -2.738119
2.842 -2.738119
2.844 -2.738119
2.846 -2.738119
2.848 -2.738119
2.850 -2.738119
2.852 -2.738119
2.854 -2.738119
2.856 -2.738119
2.858 -2.738119
2.860 -2.738119
2.862 -2.738119
2.864 -2.738119
2.866 -2.738119
2.868 -2.738119
2.870 -2.738119
2.872 -2.738119
2.874 -2.738119
2.876 -2.738119
2.878 -2.738119
2.880 -2.738119
2.882 -2.738119
2.884 -2.738119
2.886 -2.738119
2.888 -2.738119
2.890 -2.738119
2.892 -2.738119
2.894 -2.738119
2.896 -2.738119
2.898 -2.738119
2.900 -2.738119
2.902 -2.738119
2.904 -2.738119
2.906 -2.738119
2.908 -2.738119
2.910 -2.738119
2.912 -2.738119
2.914 -2.738119
2.916 -2.738119
2.918 -2.738119
2.920 -2.738119
2.922 -2.738119
2.924 -2.738119
2.926 -2.738119
2.928 -2.738119
2.930 -2.738119
2.932 -2.738119
2.934 -2.738119
2.936 -2.738119
2.938 -2.738119
2.940 -2.738119
2.942 -2.738119
2.944 -2.738119
2.946 -2.738119
2.948 -2.738119
2.950 -2.738119
2.952 -2.738119
2.954 -2.738119
2.956 -2.738119
2.958 -2.738119
2.960 -2.738119
2.962 -2.738119
2.964 -2.738119
2.966 -2.738119
2.968 -2.738119
2.970 -2.738119
2.972 -2.738119
2.974 -2.738119
2.976 -2.738119
2.978 -2.738119
2.980 -2.738119
2.982 -2.738119
2.984 -2.738119
2.986 -2.738119
2.988 -2.738119
2.990 -2.738119
2.992 -2.738119
2.994 -2.738119
2.996 -2.738119
2.998 -2.738119
3.000 -2.738119
3.002 -2.738119
3.004 -2.738119
3.006 -2.738119
3.008 -2.738119
3.010 -2.738119
3.012 -2.738119
3.014 -2.738119
3.016 -2.738119
3.018 -2.738119
3.020 -2.738119
3.022 -2.738119
3.024 -2.738119
3.026 -2.738119
3.028 -2.738119
3.030 -2.738119
3.032 -2.738119
3.034 -2.738119
3.036 -2.738119
3.038 -2.738119
3.040 -2.738119
3.042 -2.738119
3.044 -2.738119
3.046 -2.738119
3.048 -2.738119
3.050 -2.738119
3.052 -2.738119
3.054 -2.738119
3.056 -2.738119
3.058 -2.738119
3.060 -2.738119
3.062 -2.738119
3.064 -2.738119
3.066 -2.738119
3.068 -2.738119
3.070 -2.738119
3.072 -2.738119
3.074 -2.738119
3.076 -2.738119
3.078 -2.738119
3.080 -2.738119
3.082 -2.738119
3.084 -2.738119
3.086 -2.738119
3.088 -2.738119
3.090 -2.738119
3.092 -2.738119
3.094 -2.738119
3.096 -2.738119
3.098 -2.738119
3.100 -2.738119
3.102 -2.738119
3.104 -2.738119
3.106 -2.738119
3.108 -2.738119
3.110 -2.738119
3.112 -2.738119
3.114 -2.738119
3.116 -2.738119
3.118 -2.738119
3.120 -2.738119
3.122 -2.738119
3.124 -2.738119
3.126 -2.738119
3.128 -2.738119
3.130 -2.738119
3.132 -2.738119
3.134 -2.738119
3.136 -2.738119
3.138 -2.738119
3.140 -2.738119
3.142 -2.738119
3.144 -2.738119
3.146 -2.738119
3.148 -2.738119
3.150 -2.738119
3.152 -2.738119
3.154 -2.738119
3.156 -2.738119
3.158 -2.738119
3.160 -2.738119
3.162 -2.738119
3.164 -2.738119
3.166 -2.738119
3.168 -2.738119
3.170 -2.738119
