0.000 -1.541943
0.008 -1.541943
0.016 -1.541943
0.024 -1.541943
0.032 -1.541943
0.040 -1.541943
0.048 -1.541943
0.056 -1.541943
0.064 -1.541943
0.072 -1.541943
0.080 -1.541943
0.088 -1.541943
0.096 -1.541943
0.104 -1.541943
0.112 -1.541943
0.120 -1.541943
0.128 -1.541943
0.136 -1.541943
0.144 -1.541943
0.152 -1.541943
0.160 -1.541943
0.168 -1.541943
0.176 -1.541943
0.184 -1.541943
0.192 -1.541943
0.200 -1.541943
0.208 -1.541943
0.216 -1.541943
0.224 -1.541943
0.232 -1.541943
0.240 -1.541943
0.248 -1.541943
0.256 -1.541943
0.264 -1.541943
0.272 -1.541943
0.280 -1.541943
0.288 -1.541943
0.296 -1.541943
0.304 -1.541943
0.312 -1.541943
0.320 -1.541943
0.328 -1.541943
0.336 -1.541943
0.344 -1.541943
0.352 -1.541943
0.360 -1.541943
0.368 -1.541943
0.376 -1.541943
0.384 -1.541943
0.392 -1.541943
0.400 -1.541943
0.408 -1.541943
0.416 -1.541943
0.424 -1.541943
0.432 -1.541943
0.440 -1.541943
0.448 -1.541943
0.456 -1.541943
0.464 -1.541943
0.472 -1.541943
0.480 -1.541943
0.488 -1.541943
0.496 -1.541943
0.504 -1.541943
0.512 -1.541943
0.520 -1.541943
0.528 -1.541943
0.536 -1.541943
0.544 -1.541943
0.552 -1.541943
0.560 -1.541943
0.568 -1.541943
0.576 -1.541943
0.584 -1.541943
0.592 -1.541943
0.600 -1.541943
0.608 -1.541943
0.616 -1.541943
0.624 -1.541943
0.632 -1.541943
0.640 -1.541943
0.648 -1.541943
0.656 -1.541943
0.664 -1.541943
0.672 -1.541943
0.680 -1.541943
0.688 -1.541943
0.696 -1.541943
0.704 -1.541943
0.712 -1.541943
0.720 -1.541943
0.728 -1.541943
0.736 -1.541943
0.744 -1.541943
0.752 -1.541943
0.760 -1.541943
0.768 -1.541943
0.776 -1.541943
0.784 -1.541943
0.792 -1.541943
0.800 -1.541943
0.808 -1.541943
0.816 -1.541943
0.824 -1.541943
0.832 -1.541943
0.840 -1.541943
0.848 -1.541943
0.856 -1.541943
0.864 -1.541943
0.872 -1.541943
0.880 -1.541943
0.888 -1.541943
0.896 -1.541943
0.904 -1.541943
0.912 -1.541943
0.920 -1.541943
0.928 -1.541943
0.936 -1.541943
0.944 -1.541943
0.952 -1.541943
0.960 -1.541943
0.968 -1.541943
0.976 -1.541943
0.984 -1.541943
0.992 -1.541943
1.000 -1.541943
1.008 -1.541943
1.016 -1.541943
1.024 -1.541943
1.032 -1.541943
1.040 -1.541943
1.048 -1.541943
1.056 -1.541943
1.064 -1.541943
1.072 -1.541943
1.080 -1.541943
1.088 -1.541943
1.096 -1.541943
1.104 -1.541943
1.112 -1.541943
1.120 -1.541943
1.128 -1.541943
1.136 -1.541943
1.144 -1.541943
1.152 -1.541943
1.160 -1.541943
1.168 -1.541943
1.176 -1.541943
1.184 -1.541943
1.192 -1.541943
1.200 -1.541943
1.208 -1.541943
1.216 -1.541943
1.224 -1.541943
1.232 -1.541943
1.240 -1.541943
1.248 -1.541943
1.256 -1.541943
1.264 -1.541943
1.272 -1.541943
1.280 -1.541943
1.288 -1.541943
1.296 -1.541943
1.304 -1.541943
1.312 -1.541943
1.320 -1.541943
1.328 -1.541943
1.336 -1.541943
1.344 -1.541943
1.352 -1.541943
1.360 -1.541943
1.368 -1.541943
1.376 -1.541943
1.384 -1.541943
1.392 -1.541943
1.400 -1.541943
1.408 -1.541943
1.416 -1.541943
1.424 -1.541943
1.432 -1.541943
1.440 -1.541943
1.448 -1.541943
1.456 -1.541943
1.464 -1.541943
1.472 -1.541943
1.480 -1.541943
1.488 -1.541943
1.496 -1.541943
1.504 -1.541943
1.512 -1.541943
1.520 -1.541943
1.528 -1.541943
1.536 -1.541943
1.544 -1.541943
1.552 -1.541943
1.560 -1.541943
1.568 -1.541943
1.576 -1.541943
1.584 -1.541943
1.592 -1.541943
1.600 -1.541943
1.608 -1.541943
1.616 -1.541943
1.624 -1.541943
1.632 -1.541943
1.640 -1.541943
1.648 -1.541943
1.656 -1.541943
1.664 -1.541943
1.672 -1.541943
1.680 -1.541943
1.688 -1.541943
1.696 -1.541943
1.704 -1.541943
1.712 -1.541943
1.720 -1.541943
1.728 -1.541943
1.736 -1.541943
1.744 -1.541943
1.752 -1.541943
1.760 -1.541943
1.768 -1.541943
1.776 -1.541943
1.784 -1.541943
1.792 -1.541943
1.800 -1.541943
1.808 -1.541943
1.816 -1.541943
1.824 -1.541943
1.832 -1.541943
1.840 -1.541943
1.848 -1.541943
1.856 -1.541943
1.864 -1.541943
1.872 -1.541943
1.880 -1.541943
1.888 -1.541943
1.896 -1.541943
1.904 -1.541943
1.912 -1.541943
1.920 -1.541943
1.928 -1.541943
1.936 -1.541943
1.944 -1.541943
1.952 -1.541943
1.960 -1.541943
1.968 -1.541943
1.976 -1.541943
1.984 -1.541943
1.992 -1.541943
2.000 -1.541943
2.008 -1.541943
2.016 -1.541943
2.024 -1.541943
2.032 -1.541943
2.040 -1.541943
2.048 -1.541943
2.056 -1.541943
2.064 -1.541943
2.072 -1.541943
2.080 -1.541943
2.088 -1.541943
2.096 -1.541943
2.104 -1.541943
2.112 -1.541943
2.120 -1.541943
2.128 -1.541943
2.136 -1.541943
2.144 -1.541943
2.152 -1.541943
2.160 -1.541943
2.168 -1.541943
2.176 -1.541943
2.184 -1.541943
2.192 -1.541943
2.200 -1.541943
2.208 -1.541943
2.216 -1.541943
2.224 -1.541943
2.232 -1.541943
2.240 -1.541943
2.248 -1.541943
2.256 -1.541943
2.264 -1.541943
2.272 -1.541943
2.280 -1.541943
2.288 -1.541943
2.296 -1.541943
2.304 -1.541943
2.312 -1.541943
2.320 -1.541943
2.328 -1.541943
2.336 -1.541943
2.344 -1.541943
2.352 -1.541943
2.360 -1.541943
2.368 -1.541943
2.376 -1.541943
2.384 -1.541943
2.392 -1.541943
2.400 -1.541943
2.408 -1.541943
2.416 -1.541943
2.424 -1.541943
2.432 -1.541943
2.440 -1.541943
2.448 -1.541943
2.456 -1.541943
2.464 -1.541943
2.472 -1.541943
2.480 -1.541943
2.488 -1.541943
2.496 -1.541943
2.504 -1.541943
2.512 -1.541943
2.520 -1.541943
2.528 -1.541943
2.536 -1.541943
2.544 -1.541943
2.552 -1.541943
2.560 -1.541943
2.568 -1.541943
2.576 -1.541943
2.584 -1.541943
2.592 -1.541943
2.600 -1.541943
2.608 -1.541943
2.616 -1.541943
2.624 -1.541943
2.632 -1.541943
2.640 -1.541943
2.648 -1.541943
2.656 -1.541943
2.664 -1.541943
2.672 -1.541943
2.680 -1.541943
2.688 -1.541943
2.696 -1.541943
2.704 -1.541943
2.712 -1.541943
2.720 -1.541943
2.728 -1.541943
2.736 -1.541943
2.744 -1.541943
2.752 -1.541943
2.760 -1.541943
2.768 -1.541943
2.776 -1.541943
2.784 -1.541943
2.792 -1.541943
2.800 -1.541943
2.808 -1.541943
2.816 -1.541943
2.824 -1.541943
2.832 -1.541943
2.840 -1.541943
2.848 -1.541943
2.856 -1.541943
2.864 -1.541943
2.872 -1.541943
2.880 -1.541943
2.888 -1.541943
2.896 -1.541943
2.904 -1.541943
2.912 -1.541943
2.920 -1.541943
2.928 -1.541943
2.936 -1.541943
2.944 -1.541943
2.952 -1.541943
2.960 -1.541943
2.968 -1.541943
2.976 -1.541943
2.984 -1.541943
2.992 -1.541943
3.000 -1.541943
3.008 -1.541943
3.016 -1.541943
3.024 -1.541943
3.032 -1.541943
3.040 -1.541943
3.048 -1.541943
3.056 -1.541943
3.064 -1.541943
3.072 -1.541943
3.080 -1.541943
3.088 -1.541943
3.096 -1.541943
3.104 -1.541943
3.112 -1.541943
3.120 -1.541943
3.128 -1.541943
3.136 -1.541943
3.144 -1.541943
3.152 -1.541943
3.160 -1.541943
3.168 -1.541943
3.170 -1.541943
