0.000 -0.100633
0.002 -0.100633
0.004 -0.100633
0.006 -0.100632
0.008 -0.100630
0.010 -0.100628
0.012 -0.100625
0.014 -0.100621
0.016 -0.100617
0.018 -0.100612
0.020 -0.100606
0.022 -0.100600
0.024 -0.100593
0.026 -0.100585
0.028 -0.100576
0.030 -0.100567
0.032 -0.100557
0.034 -0.100546
0.036 -0.100534
0.038 -0.100522
0.040 -0.100509
0.042 -0.100495
0.044 -0.100481
0.046 -0.100466
0.048 -0.100449
0.050 -0.100433
0.052 -0.100415
0.054 -0.100397
0.056 -0.100378
0.058 -0.100358
0.060 -0.100337
0.062 -0.100316
0.064 -0.100293
0.066 -0.100270
0.068 -0.100247
0.070 -0.100222
0.072 -0.100197
0.074 -0.100170
0.076 -0.100143
0.078 -0.100116
0.080 -0.100087
0.082 -0.100040
0.084 -0.100016
0.086 -0.099995
0.088 -0.099967
0.090 -0.099934
0.092 -0.099899
0.094 -0.099864
0.096 -0.099829
0.098 -0.099793
0.100 -0.099757
0.102 -0.099719
0.104 -0.099681
0.106 -0.099642
0.108 -0.099602
0.110 -0.099561
0.112 -0.099520
0.114 -0.099477
0.116 -0.099434
0.118 -0.099390
0.120 -0.099345
0.122 -0.099300
0.124 -0.099253
0.126 -0.099206
0.128 -0.099158
0.130 -0.099109
0.132 -0.099059
0.134 -0.099008
0.136 -0.098957
0.138 -0.098905
0.140 -0.098852
0.142 -0.098798
0.144 -0.098743
0.146 -0.098687
0.148 -0.098598
0.150 -0.098553
0.152 -0.098512
0.154 -0.098461
0.156 -0.098400
0.158 -0.098337
0.160 -0.098274
0.162 -0.098212
0.164 -0.098149
0.166 -0.098011
0.168 -0.097898
0.170 -0.097862
0.172 -0.097867
0.174 -0.097836
0.176 -0.097768
0.178 -0.097688
0.180 -0.097611
0.182 -0.097540
0.184 -0.097470
0.186 -0.097400
0.188 -0.097327
0.190 -0.097253
0.192 -0.097136
0.194 -0.097076
0.196 -0.097023
0.198 -0.096956
0.200 -0.096877
0.202 -0.096794
0.204 -0.096713
0.206 -0.096632
0.208 -0.096552
0.210 -0.096470
0.212 -0.096387
0.214 -0.096304
0.216 -0.096219
0.218 -0.096134
0.220 -0.096048
0.222 -0.095961
0.224 -0.095873
0.226 -0.095785
0.228 -0.095695
0.230 -0.095605
0.232 -0.095514
0.234 -0.095422
0.236 -0.095329
0.238 -0.095236
0.240 -0.095141
0.242 -0.095046
0.244 -0.094950
0.246 -0.094853
0.248 -0.094756
0.250 -0.094657
0.252 -0.094558
0.254 -0.094458
0.256 -0.094357
0.258 -0.094255
0.260 -0.094153
0.262 -0.094049
0.264 -0.093945
0.266 -0.093840
0.268 -0.093734
0.270 -0.093628
0.272 -0.093520
0.274 -0.093412
0.276 -0.093303
0.278 -0.093193
0.280 -0.093082
0.282 -0.092971
0.284 -0.092858
0.286 -0.092745
0.288 -0.092631
0.290 -0.092516
0.292 -0.092401
0.294 -0.092284
0.296 -0.092167
0.298 -0.092049
0.300 -0.091930
0.302 -0.091810
0.304 -0.091690
0.306 -0.091568
0.308 -0.091446
0.310 -0.091323
0.312 -0.091199
0.314 -0.091075
0.316 -0.090949
0.318 -0.090823
0.320 -0.090625
0.322 -0.090522
0.324 -0.090433
0.326 -0.090319
0.328 -0.090187
0.330 -0.090050
0.332 -0.089914
0.334 -0.089782
0.336 -0.089649
0.338 -0.089515
0.340 -0.089380
0.342 -0.089244
0.344 -0.089108
0.346 -0.088970
0.348 -0.088832
0.350 -0.088692
0.352 -0.088552
0.354 -0.088412
0.356 -0.088270
0.358 -0.088128
0.360 -0.087984
0.362 -0.087840
0.364 -0.087696
0.366 -0.087550
0.368 -0.087403
0.370 -0.087256
0.372 -0.087108
0.374 -0.086959
0.376 -0.086810
0.378 -0.086659
0.380 -0.086508
0.382 -0.086356
0.384 -0.086203
0.386 -0.086049
0.388 -0.085894
0.390 -0.085739
0.392 -0.085583
0.394 -0.085426
0.396 -0.085268
0.398 -0.085110
0.400 -0.084950
0.402 -0.084790
0.404 -0.084629
0.406 -0.084467
0.408 -0.084305
0.410 -0.084141
0.412 -0.083977
0.414 -0.083812
0.416 -0.083646
0.418 -0.083480
0.420 -0.083312
0.422 -0.083144
0.424 -0.082975
0.426 -0.082805
0.428 -0.082635
0.430 -0.082463
0.432 -0.082291
0.434 -0.082118
0.436 -0.081944
0.438 -0.081769
0.440 -0.081594
0.442 -0.081418
0.444 -0.081241
0.446 -0.081063
0.448 -0.080884
0.450 -0.080705
0.452 -0.080524
0.454 -0.080343
0.456 -0.080161
0.458 -0.079979
0.460 -0.079795
0.462 -0.079611
0.464 -0.079426
0.466 -0.079240
0.468 -0.079053
0.470 -0.078866
0.472 -0.078677
0.474 -0.078488
0.476 -0.078298
0.478 -0.078108
0.480 -0.077916
0.482 -0.077724
0.484 -0.077531
0.486 -0.077337
0.488 -0.077142
0.490 -0.076946
0.492 -0.076750
0.494 -0.076553
0.496 -0.076355
0.498 -0.076156
0.500 -0.075957
0.502 -0.075756
0.504 -0.075555
0.506 -0.075353
0.508 -0.075150
0.510 -0.074947
0.512 -0.074743
0.514 -0.074537
0.516 -0.074331
0.518 -0.074125
0.520 -0.073917
0.522 -0.073709
0.524 -0.073500
0.526 -0.073290
0.528 -0.073079
0.530 -0.072867
0.532 -0.072655
0.534 -0.072442
0.536 -0.072228
0.538 -0.072013
0.540 -0.071797
0.542 -0.071702
0.544 -0.071563
0.546 -0.071235
0.548 -0.070923
0.550 -0.070679
0.552 -0.070473
0.554 -0.070268
0.556 -0.070052
0.558 -0.069828
0.560 -0.069601
0.562 -0.069375
0.564 -0.069150
0.566 -0.068925
0.568 -0.068698
0.570 -0.068470
0.572 -0.068242
0.574 -0.067755
0.576 -0.067359
0.578 -0.066972
0.580 -0.066820
0.582 -0.066814
0.584 -0.066827
0.586 -0.066677
0.588 -0.066418
0.590 -0.066140
0.592 -0.065886
0.594 -0.065651
0.596 -0.065420
0.598 -0.065186
0.600 -0.064678
0.602 -0.064264
0.604 -0.064130
0.606 -0.064010
0.608 -0.063944
0.610 -0.063774
0.612 -0.063520
0.614 -0.063246
0.616 -0.062986
0.618 -0.062739
0.620 -0.062497
0.622 -0.062252
0.624 -0.062004
0.626 -0.061754
0.628 -0.061503
0.630 -0.061252
0.632 -0.061001
0.634 -0.060748
0.636 -0.060495
0.638 -0.060240
0.640 -0.059985
0.642 -0.059729
0.644 -0.059472
0.646 -0.059215
0.648 -0.058957
0.650 -0.058697
0.652 -0.058437
0.654 -0.058177
0.656 -0.057915
0.658 -0.057653
0.660 -0.057389
0.662 -0.057125
0.664 -0.056861
0.666 -0.056595
0.668 -0.056328
0.670 -0.056061
0.672 -0.055793
0.674 -0.055373
0.676 -0.055158
0.678 -0.054969
0.680 -0.054732
0.682 -0.054456
0.684 -0.054170
0.686 -0.053889
0.688 -0.053614
0.690 -0.053341
0.692 -0.053066
0.694 -0.052789
0.696 -0.052511
0.698 -0.052233
0.700 -0.051953
0.702 -0.051673
0.704 -0.051392
0.706 -0.051110
0.708 -0.050828
0.710 -0.050544
0.712 -0.050260
0.714 -0.049975
0.716 -0.049689
0.718 -0.049403
0.720 -0.049115
0.722 -0.048827
0.724 -0.048538
0.726 -0.048248
0.728 -0.047958
0.730 -0.047666
0.732 -0.047374
0.734 -0.047081
0.736 -0.046787
0.738 -0.046492
0.740 -0.046197
0.742 -0.045900
0.744 -0.045603
0.746 -0.045306
0.748 -0.045007
0.750 -0.044707
0.752 -0.044407
0.754 -0.044106
0.756 -0.043804
0.758 -0.043501
0.760 -0.043198
0.762 -0.042893
0.764 -0.042588
0.766 -0.042282
0.768 -0.041976
0.770 -0.041668
0.772 -0.041360
0.774 -0.040877
0.776 -0.040456
0.778 -0.040302
0.780 -0.040124
0.782 -0.039847
0.784 -0.039513
0.786 -0.039176
0.788 -0.038853
0.790 -0.038716
0.792 -0.038340
0.794 -0.037929
0.796 -0.037571
0.798 -0.037257
0.800 -0.036952
0.802 -0.036640
0.804 -0.036320
0.806 -0.035995
0.808 -0.035671
0.810 -0.035347
0.812 -0.035023
0.814 -0.034698
0.816 -0.034373
0.818 -0.034046
0.820 -0.033718
0.822 -0.033390
0.824 -0.033061
0.826 -0.032731
0.828 -0.032400
0.830 -0.032068
0.832 -0.031736
0.834 -0.031403
0.836 -0.031069
0.838 -0.030734
0.840 -0.030399
0.842 -0.030062
0.844 -0.029725
0.846 -0.029387
0.848 -0.029048
0.850 -0.028709
0.852 -0.028368
0.854 -0.028027
0.856 -0.027685
0.858 -0.027342
0.860 -0.026999
0.862 -0.026654
0.864 -0.026309
0.866 -0.025963
0.868 -0.025616
0.870 -0.025269
0.872 -0.024920
0.874 -0.024571
0.876 -0.024221
0.878 -0.023870
0.880 -0.023519
0.882 -0.023166
0.884 -0.022813
0.886 -0.022459
0.888 -0.022104
0.890 -0.021749
0.892 -0.021392
0.894 -0.021035
0.896 -0.020677
0.898 -0.020318
0.900 -0.019959
0.902 -0.019598
0.904 -0.019237
0.906 -0.018875
0.908 -0.018512
0.910 -0.018149
0.912 -0.017784
0.914 -0.017419
0.916 -0.017053
0.918 -0.016686
0.920 -0.016319
0.922 -0.015950
0.924 -0.015581
0.926 -0.015211
0.928 -0.014840
0.930 -0.014469
0.932 -0.014096
0.934 -0.013723
0.936 -0.013349
0.938 -0.012974
0.940 -0.012599
0.942 -0.012222
0.944 -0.011845
0.946 -0.011467
0.948 -0.011088
0.950 -0.010709
0.952 -0.010328
0.954 -0.009947
0.956 -0.009565
0.958 -0.009182
0.960 -0.008799
0.962 -0.008414
0.964 -0.008029
0.966 -0.007643
0.968 -0.007256
0.970 -0.006869
0.972 -0.006480
0.974 -0.006091
0.976 -0.005701
0.978 -0.005310
0.980 -0.004919
0.982 -0.004526
0.984 -0.004133
0.986 -0.003739
0.988 -0.003344
0.990 -0.002949
0.992 -0.002552
0.994 -0.002155
0.996 -0.001757
0.998 -0.001358
1.000 -0.000959
1.002 -0.000558
1.004 -0.000157
1.006 0.000245
1.008 0.000648
1.010 0.001052
1.012 0.001456
1.014 0.001861
1.016 0.002267
1.018 0.002674
1.020 0.003082
1.022 0.003490
1.024 0.003899
1.026 0.004309
1.028 0.004720
1.030 0.005132
1.032 0.005544
1.034 0.006201
1.036 0.006642
1.038 0.006772
1.040 0.007005
1.042 0.007402
1.044 0.007869
1.046 0.008329
1.048 0.008763
1.050 0.009183
1.052 0.009603
1.054 0.010028
1.056 0.010456
1.058 0.010885
1.060 0.011314
1.062 0.011744
1.064 0.012174
1.066 0.012604
1.068 0.013274
1.070 0.013732
1.072 0.013874
1.074 0.014121
1.076 0.014536
1.078 0.015022
1.080 0.015501
1.082 0.015952
1.084 0.016390
1.086 0.016827
1.088 0.017026
1.090 0.017526
1.092 0.018099
1.094 0.018608
1.096 0.019055
1.098 0.019482
1.100 0.019918
1.102 0.020592
1.104 0.021184
1.106 0.021422
1.108 0.021461
1.110 0.021731
1.112 0.022210
1.114 0.022747
1.116 0.023254
1.118 0.023725
1.120 0.024182
1.122 0.024642
1.124 0.025108
1.126 0.025578
1.128 0.026047
1.130 0.026516
1.132 0.026984
1.134 0.027453
1.136 0.027922
1.138 0.028391
1.140 0.028860
1.142 0.029330
1.144 0.029800
1.146 0.030270
1.148 0.030741
1.150 0.031212
1.152 0.031683
1.154 0.032155
1.156 0.032627
1.158 0.033100
1.160 0.033573
1.162 0.034046
1.164 0.034520
1.166 0.034994
1.168 0.035468
1.170 0.035682
1.172 0.035728
1.174 0.036010
1.176 0.036571
1.178 0.037337
1.180 0.037995
1.182 0.038507
1.184 0.038961
1.186 0.039426
1.188 0.039914
1.190 0.040415
1.192 0.040916
1.194 0.041413
1.196 0.041908
1.198 0.042403
1.200 0.042898
1.202 0.043394
1.204 0.043891
1.206 0.044387
1.208 0.044884
1.210 0.045381
1.212 0.045878
1.214 0.046375
1.216 0.046873
1.218 0.047371
1.220 0.047870
1.222 0.048368
1.224 0.048867
1.226 0.049367
1.228 0.049867
1.230 0.050367
1.232 0.050867
1.234 0.051368
1.236 0.051870
1.238 0.052372
1.240 0.052874
1.242 0.053377
1.244 0.053880
1.246 0.054384
1.248 0.054888
1.250 0.055393
1.252 0.055899
1.254 0.056404
1.256 0.056911
1.258 0.057418
1.260 0.057925
1.262 0.058433
1.264 0.058942
1.266 0.059451
1.268 0.059961
1.270 0.060187
1.272 0.060232
1.274 0.060249
1.276 0.060616
1.278 0.061239
1.280 0.062041
1.282 0.062729
1.284 0.063290
1.286 0.063806
1.288 0.064333
1.290 0.064881
1.292 0.065439
1.294 0.065996
1.296 0.066548
1.298 0.067099
1.300 0.067649
1.302 0.068199
1.304 0.068749
1.306 0.069299
1.308 0.069848
1.310 0.070397
1.312 0.070947
1.314 0.071496
1.316 0.072044
1.318 0.072593
1.320 0.073142
1.322 0.073691
1.324 0.074239
1.326 0.074788
1.328 0.075337
1.330 0.075886
1.332 0.076435
1.334 0.076983
1.336 0.077533
1.338 0.078082
1.340 0.078631
1.342 0.079181
1.344 0.079731
1.346 0.080281
1.348 0.080831
1.350 0.081381
1.352 0.081932
1.354 0.082483
1.356 0.083035
1.358 0.083586
1.360 0.084138
1.362 0.084691
1.364 0.085244
1.366 0.085797
1.368 0.086350
1.370 0.086904
1.372 0.087459
1.374 0.088014
1.376 0.088569
1.378 0.089125
1.380 0.089681
1.382 0.090238
1.384 0.090795
1.386 0.091353
1.388 0.091911
1.390 0.092470
1.392 0.093029
1.394 0.093589
1.396 0.094149
1.398 0.094710
1.400 0.095272
1.402 0.095834
1.404 0.096397
1.406 0.096960
1.408 0.097524
1.410 0.098089
1.412 0.098654
1.414 0.099220
1.416 0.099786
1.418 0.100036
1.420 0.100574
1.422 0.101290
1.424 0.101965
1.426 0.102558
1.428 0.103113
1.430 0.103670
1.432 0.104242
1.434 0.104821
1.436 0.105402
1.438 0.105981
1.440 0.106761
1.442 0.107353
1.444 0.107569
1.446 0.107926
1.448 0.108492
1.450 0.109144
1.452 0.109785
1.454 0.110391
1.456 0.110979
1.458 0.111568
1.460 0.112162
1.462 0.112759
1.464 0.113358
1.466 0.113956
1.468 0.114554
1.470 0.115151
1.472 0.115750
1.474 0.116348
1.476 0.116948
1.478 0.117547
1.480 0.118147
1.482 0.118747
1.484 0.119348
1.486 0.119949
1.488 0.120551
1.490 0.121153
1.492 0.121755
1.494 0.122358
1.496 0.122961
1.498 0.123565
1.500 0.124170
1.502 0.124775
1.504 0.125380
1.506 0.125985
1.508 0.126590
1.510 0.127195
1.512 0.127800
1.514 0.128404
1.516 0.129009
1.518 0.129613
1.520 0.130218
1.522 0.130822
1.524 0.131426
1.526 0.132030
1.528 0.132634
1.530 0.133238
1.532 0.133841
1.534 0.134445
1.536 0.135048
1.538 0.135652
1.540 0.136255
1.542 0.136858
1.544 0.137462
1.546 0.138065
1.548 0.138668
1.550 0.139271
1.552 0.139874
1.554 0.140476
1.556 0.141079
1.558 0.141682
1.560 0.142284
1.562 0.142887
1.564 0.143489
1.566 0.144092
1.568 0.144694
1.570 0.145296
1.572 0.145899
1.574 0.146501
1.576 0.147103
1.578 0.147705
1.580 0.148307
1.582 0.148909
1.584 0.149511
1.586 0.150113
1.588 0.150714
1.590 0.151316
1.592 0.151918
1.594 0.152520
1.596 0.152785
1.598 0.153334
1.600 0.154088
1.602 0.154996
1.604 0.156015
1.606 0.156524
1.608 0.156613
1.610 0.156931
1.612 0.157518
1.614 0.158213
1.616 0.158887
1.618 0.159513
1.620 0.160116
1.622 0.160718
1.624 0.161328
1.626 0.161942
1.628 0.162556
1.630 0.163168
1.632 0.163779
1.634 0.164389
1.636 0.165000
1.638 0.165610
1.640 0.166220
1.642 0.166829
1.644 0.167631
1.646 0.168093
1.648 0.168552
1.650 0.169116
1.652 0.169746
1.654 0.170385
1.656 0.171008
1.658 0.171618
1.660 0.172224
1.662 0.172832
1.664 0.173442
1.666 0.174053
1.668 0.174663
1.670 0.175272
1.672 0.175880
1.674 0.176488
1.676 0.177095
1.678 0.177700
1.680 0.178305
1.682 0.178909
1.684 0.179511
1.686 0.180113
1.688 0.180714
1.690 0.181314
1.692 0.181913
1.694 0.182511
1.696 0.183108
1.698 0.183704
1.700 0.184299
1.702 0.184893
1.704 0.185486
1.706 0.186078
1.708 0.186670
1.710 0.187260
1.712 0.187849
1.714 0.188438
1.716 0.189026
1.718 0.189612
1.720 0.190198
1.722 0.190783
1.724 0.191367
1.726 0.191950
1.728 0.192532
1.730 0.193113
1.732 0.193693
1.734 0.194272
1.736 0.194851
1.738 0.195428
1.740 0.196005
1.742 0.196581
1.744 0.197155
1.746 0.197729
1.748 0.198302
1.750 0.198874
1.752 0.199446
1.754 0.200016
1.756 0.200585
1.758 0.201154
1.760 0.201722
1.762 0.202288
1.764 0.202854
1.766 0.203419
1.768 0.203983
1.770 0.204547
1.772 0.205109
1.774 0.205876
1.776 0.206451
1.778 0.206656
1.780 0.206997
1.782 0.207539
1.784 0.208164
1.786 0.208777
1.788 0.209355
1.790 0.209914
1.792 0.210471
1.794 0.211033
1.796 0.211596
1.798 0.212159
1.800 0.212720
1.802 0.213486
1.804 0.213916
1.806 0.214329
1.808 0.214837
1.810 0.215409
1.812 0.215990
1.814 0.216557
1.816 0.217110
1.818 0.217658
1.820 0.218208
1.822 0.218758
1.824 0.219307
1.826 0.219856
1.828 0.220403
1.830 0.220948
1.832 0.221493
1.834 0.222036
1.836 0.222578
1.838 0.223119
1.840 0.223659
1.842 0.224198
1.844 0.224736
1.846 0.225273
1.848 0.225809
1.850 0.226556
1.852 0.226968
1.854 0.227359
1.856 0.227842
1.858 0.228388
1.860 0.228945
1.862 0.229487
1.864 0.230016
1.866 0.230541
1.868 0.231066
1.870 0.231593
1.872 0.232119
1.874 0.232644
1.876 0.233167
1.878 0.233689
1.880 0.234211
1.882 0.234731
1.884 0.235250
1.886 0.235769
1.888 0.236286
1.890 0.236802
1.892 0.237317
1.894 0.237832
1.896 0.238345
1.898 0.238857
1.900 0.239369
1.902 0.239879
1.904 0.240608
1.906 0.241135
1.908 0.241313
1.910 0.241615
1.912 0.242103
1.914 0.242669
1.916 0.243224
1.918 0.243747
1.920 0.244252
1.922 0.244755
1.924 0.245262
1.926 0.245771
1.928 0.246279
1.930 0.246785
1.932 0.247290
1.934 0.247793
1.936 0.248295
1.938 0.248796
1.940 0.249296
1.942 0.249795
1.944 0.250293
1.946 0.250789
1.948 0.251285
1.950 0.251779
1.952 0.252273
1.954 0.252765
1.956 0.253480
1.958 0.253864
1.960 0.254216
1.962 0.254653
1.964 0.255152
1.966 0.255663
1.968 0.256392
1.970 0.256899
1.972 0.257061
1.974 0.257342
1.976 0.257805
1.978 0.258345
1.980 0.258875
1.982 0.259372
1.984 0.259853
1.986 0.260331
1.988 0.260813
1.990 0.261296
1.992 0.261779
1.994 0.262260
1.996 0.262740
1.998 0.263218
2.000 0.263694
2.002 0.264170
2.004 0.264645
2.006 0.265118
2.008 0.265591
2.010 0.266062
2.012 0.266532
2.014 0.267001
2.016 0.267469
2.018 0.267935
2.020 0.268401
2.022 0.268865
2.024 0.269329
2.026 0.269791
2.028 0.270253
2.030 0.270713
2.032 0.271173
2.034 0.271631
2.036 0.272088
2.038 0.272544
2.040 0.273000
2.042 0.273454
2.044 0.273907
2.046 0.274360
2.048 0.274811
2.050 0.275261
2.052 0.275711
2.054 0.276159
2.056 0.276607
2.058 0.277053
2.060 0.277499
2.062 0.277943
2.064 0.278387
2.066 0.278830
2.068 0.279272
2.070 0.279713
2.072 0.280153
2.074 0.280830
2.076 0.281178
2.078 0.281484
2.080 0.281866
2.082 0.282309
2.084 0.282766
2.086 0.283211
2.088 0.283645
2.090 0.284073
2.092 0.284502
2.094 0.284932
2.096 0.285362
2.098 0.285792
2.100 0.286219
2.102 0.286646
2.104 0.287072
2.106 0.287497
2.108 0.287922
2.110 0.288345
2.112 0.288768
2.114 0.289190
2.116 0.289611
2.118 0.290031
2.120 0.290450
2.122 0.290868
2.124 0.291286
2.126 0.291703
2.128 0.292119
2.130 0.292534
2.132 0.292948
2.134 0.293362
2.136 0.293774
2.138 0.294186
2.140 0.294597
2.142 0.295007
2.144 0.295416
2.146 0.295825
2.148 0.296233
2.150 0.296639
2.152 0.297046
2.154 0.297451
2.156 0.297855
2.158 0.298259
2.160 0.298662
2.162 0.299064
2.164 0.299465
2.166 0.299865
2.168 0.300265
2.170 0.300664
2.172 0.301062
2.174 0.301708
2.176 0.302236
2.178 0.302428
2.180 0.302442
2.182 0.302671
2.184 0.303089
2.186 0.303558
2.188 0.303998
2.190 0.304403
2.192 0.304795
2.194 0.305188
2.196 0.305585
2.198 0.305985
2.200 0.306383
2.202 0.306779
2.204 0.306956
2.206 0.307427
2.208 0.307937
2.210 0.308378
2.212 0.308762
2.214 0.309131
2.216 0.309509
2.218 0.309896
2.220 0.310285
2.222 0.310671
2.224 0.311055
2.226 0.311438
2.228 0.311819
2.230 0.312200
2.232 0.312580
2.234 0.312958
2.236 0.313336
2.238 0.313713
2.240 0.314088
2.242 0.314463
2.244 0.314837
2.246 0.315210
2.248 0.315582
2.250 0.315952
2.252 0.316322
2.254 0.316691
2.256 0.317059
2.258 0.317426
2.260 0.317793
2.262 0.318158
2.264 0.318522
2.266 0.318886
2.268 0.319248
2.270 0.319610
2.272 0.319970
2.274 0.320330
2.276 0.320689
2.278 0.321047
2.280 0.321404
2.282 0.321760
2.284 0.322115
2.286 0.322470
2.288 0.322823
2.290 0.323176
2.292 0.323528
2.294 0.323879
2.296 0.324229
2.298 0.324578
2.300 0.324926
2.302 0.325273
2.304 0.325620
2.306 0.326159
2.308 0.326435
2.310 0.326673
2.312 0.326972
2.314 0.327320
2.316 0.327679
2.318 0.328029
2.320 0.328369
2.322 0.328705
2.324 0.329041
2.326 0.329378
2.328 0.329715
2.330 0.330051
2.332 0.330385
2.334 0.330719
2.336 0.331052
2.338 0.331384
2.340 0.331716
2.342 0.332046
2.344 0.332376
2.346 0.332705
2.348 0.333033
2.350 0.333361
2.352 0.333687
2.354 0.334013
2.356 0.334338
2.358 0.334662
2.360 0.334985
2.362 0.335307
2.364 0.335629
2.366 0.335950
2.368 0.336270
2.370 0.336589
2.372 0.336907
2.374 0.337225
2.376 0.337542
2.378 0.337858
2.380 0.338173
2.382 0.338487
2.384 0.338801
2.386 0.339113
2.388 0.339425
2.390 0.339737
2.392 0.340047
2.394 0.340356
2.396 0.340665
2.398 0.340973
2.400 0.341280
2.402 0.341587
2.404 0.341892
2.406 0.342197
2.408 0.342501
2.410 0.342804
2.412 0.343106
2.414 0.343408
2.416 0.343709
2.418 0.344009
2.420 0.344308
2.422 0.344606
2.424 0.344904
2.426 0.345201
2.428 0.345497
2.430 0.345792
2.432 0.346086
2.434 0.346380
2.436 0.346673
2.438 0.346965
2.440 0.347533
2.442 0.347937
2.444 0.348055
2.446 0.348044
2.448 0.348202
2.450 0.348507
2.452 0.348850
2.454 0.349169
2.456 0.349462
2.458 0.349744
2.460 0.350027
2.462 0.350314
2.464 0.350602
2.466 0.350888
2.468 0.351174
2.470 0.351737
2.472 0.352131
2.474 0.352245
2.476 0.352391
2.478 0.352489
2.480 0.352701
2.482 0.352997
2.484 0.353311
2.486 0.353609
2.488 0.353889
2.490 0.354163
2.492 0.354438
2.494 0.354715
2.496 0.354992
2.498 0.355268
2.500 0.355542
2.502 0.355815
2.504 0.356087
2.506 0.356358
2.508 0.356776
2.510 0.356991
2.512 0.357179
2.514 0.357412
2.516 0.357682
2.518 0.357960
2.520 0.358231
2.522 0.358494
2.524 0.358754
2.526 0.359014
2.528 0.359274
2.530 0.359533
2.532 0.359791
2.534 0.360049
2.536 0.360305
2.538 0.360560
2.540 0.360956
2.542 0.361159
2.544 0.361335
2.546 0.361554
2.548 0.361809
2.550 0.362071
2.552 0.362327
2.554 0.362575
2.556 0.362820
2.558 0.363065
2.560 0.363310
2.562 0.363555
2.564 0.363799
2.566 0.364041
2.568 0.364283
2.570 0.364524
2.572 0.364764
2.574 0.365003
2.576 0.365241
2.578 0.365479
2.580 0.365715
2.582 0.365951
2.584 0.366186
2.586 0.366420
2.588 0.366653
2.590 0.366885
2.592 0.367117
2.594 0.367347
2.596 0.367577
2.598 0.367806
2.600 0.368034
2.602 0.368261
2.604 0.368488
2.606 0.368713
2.608 0.368938
2.610 0.369162
2.612 0.369385
2.614 0.369607
2.616 0.369828
2.618 0.370049
2.620 0.370269
2.622 0.370488
2.624 0.370706
2.626 0.370923
2.628 0.371139
2.630 0.371355
2.632 0.371570
2.634 0.371784
2.636 0.371997
2.638 0.372209
2.640 0.372421
2.642 0.372632
2.644 0.372841
2.646 0.373051
2.648 0.373259
2.650 0.373466
2.652 0.373673
2.654 0.373879
2.656 0.374084
2.658 0.374288
2.660 0.374491
2.662 0.374694
2.664 0.374896
2.666 0.375097
2.668 0.375297
2.670 0.375496
2.672 0.375583
2.674 0.376001
2.676 0.376282
2.678 0.376353
2.680 0.376444
2.682 0.376613
2.684 0.376825
2.686 0.377038
2.688 0.377238
2.690 0.377429
2.692 0.377617
2.694 0.377807
2.696 0.377997
2.698 0.378186
2.700 0.378375
2.702 0.378563
2.704 0.378749
2.706 0.378935
2.708 0.379120
2.710 0.379201
2.712 0.379421
2.714 0.379660
2.716 0.379865
2.718 0.380043
2.720 0.380214
2.722 0.380388
2.724 0.380567
2.726 0.380746
2.728 0.380924
2.730 0.381100
2.732 0.381275
2.734 0.381449
2.736 0.381622
2.738 0.381795
2.740 0.381967
2.742 0.382138
2.744 0.382308
2.746 0.382478
2.748 0.382646
2.750 0.382814
2.752 0.382981
2.754 0.383148
2.756 0.383313
2.758 0.383478
2.760 0.383641
2.762 0.383804
2.764 0.383966
2.766 0.384128
2.768 0.384288
2.770 0.384448
2.772 0.384607
2.774 0.384765
2.776 0.384922
2.778 0.385079
2.780 0.385235
2.782 0.385390
2.784 0.385544
2.786 0.385697
2.788 0.385849
2.790 0.386001
2.792 0.386152
2.794 0.386302
2.796 0.386451
2.798 0.386600
2.800 0.386748
2.802 0.386894
2.804 0.387041
2.806 0.387186
2.808 0.387330
2.810 0.387474
2.812 0.387697
2.814 0.387810
2.816 0.387908
2.818 0.388030
2.820 0.388172
2.822 0.388318
2.824 0.388460
2.826 0.388597
2.828 0.388732
2.830 0.388867
2.832 0.389002
2.834 0.389136
2.836 0.389270
2.838 0.389402
2.840 0.389534
2.842 0.389665
2.844 0.389795
2.846 0.389924
2.848 0.390052
2.850 0.390180
2.852 0.390307
2.854 0.390433
2.856 0.390558
2.858 0.390682
2.860 0.390806
2.862 0.390929
2.864 0.391051
2.866 0.391172
2.868 0.391293
2.870 0.391412
2.872 0.391531
2.874 0.391583
2.876 0.391591
2.878 0.391792
2.880 0.391995
2.882 0.392138
2.884 0.392243
2.886 0.392341
2.888 0.392447
2.890 0.392560
2.892 0.392673
2.894 0.392785
2.896 0.392894
2.898 0.393002
2.900 0.393110
2.902 0.393217
2.904 0.393323
2.906 0.393428
2.908 0.393533
2.910 0.393753
2.912 0.393872
2.914 0.393890
2.916 0.393934
2.918 0.394024
2.920 0.394136
2.922 0.394246
2.924 0.394347
2.926 0.394442
2.928 0.394537
2.930 0.394632
2.932 0.394727
2.934 0.394822
2.936 0.395019
2.938 0.395178
2.940 0.395278
2.942 0.395303
2.944 0.395349
2.946 0.395381
2.948 0.395448
2.950 0.395539
2.952 0.395636
2.954 0.395727
2.956 0.395812
2.958 0.395894
2.960 0.395977
2.962 0.396060
2.964 0.396142
2.966 0.396224
2.968 0.396304
2.970 0.396384
2.972 0.396462
2.974 0.396540
2.976 0.396618
2.978 0.396694
2.980 0.396770
2.982 0.396845
2.984 0.396919
2.986 0.396992
2.988 0.397065
2.990 0.397136
2.992 0.397207
2.994 0.397277
2.996 0.397347
2.998 0.397415
3.000 0.397483
3.002 0.397550
3.004 0.397616
3.006 0.397681
3.008 0.397782
3.010 0.397869
3.012 0.397899
3.014 0.397933
3.016 0.397987
3.018 0.398052
3.020 0.398117
3.022 0.398178
3.024 0.398235
3.026 0.398292
3.028 0.398348
3.030 0.398404
3.032 0.398459
3.034 0.398513
3.036 0.398566
3.038 0.398619
3.040 0.398671
3.042 0.398722
3.044 0.398772
3.046 0.398821
3.048 0.398870
3.050 0.398918
3.052 0.398965
3.054 0.399011
3.056 0.399056
3.058 0.399101
3.060 0.399145
3.062 0.399188
3.064 0.399230
3.066 0.399271
3.068 0.399312
3.070 0.399352
3.072 0.399391
3.074 0.399429
3.076 0.399466
3.078 0.399503
3.080 0.399539
3.082 0.399574
3.084 0.399608
3.086 0.399642
3.088 0.399674
3.090 0.399706
3.092 0.399737
3.094 0.399767
3.096 0.399797
3.098 0.399825
3.100 0.399853
3.102 0.399880
3.104 0.399921
3.106 0.399941
3.108 0.399985
3.110 0.400009
3.112 0.400013
3.114 0.400023
3.116 0.400043
3.118 0.400067
3.120 0.400089
3.122 0.400108
3.124 0.400126
3.126 0.400143
3.128 0.400160
3.130 0.400176
3.132 0.400191
3.134 0.400205
3.136 0.400219
3.138 0.400231
3.140 0.400243
3.142 0.400248
3.144 0.400247
3.146 0.400246
3.148 0.400265
3.150 0.400288
3.152 0.400301
3.154 0.400307
3.156 0.400310
3.158 0.400313
3.160 0.400317
3.162 0.400320
3.164 0.400323
3.166 0.400324
3.168 0.400325
3.170 0.400325
