0.000 1.133518
0.002 1.133518
0.004 1.133518
0.006 1.133518
0.008 1.133518
0.010 1.133518
0.012 1.133518
0.014 1.133518
0.016 1.133518
0.018 1.133518
0.020 1.133518
0.022 1.133518
0.024 1.133518
0.026 1.133518
0.028 1.133518
0.030 1.133518
0.032 1.133518
0.034 1.133518
0.036 1.133518
0.038 1.133518
0.040 1.133518
0.042 1.133518
0.044 1.133518
0.046 1.133518
0.048 1.133518
0.050 1.133518
0.052 1.133518
0.054 1.133518
0.056 1.133518
0.058 1.133518
0.060 1.133518
0.062 1.133518
0.064 1.133518
0.066 1.133518
0.068 1.133518
0.070 1.133518
0.072 1.133518
0.074 1.133518
0.076 1.133518
0.078 1.133518
0.080 1.133518
0.082 1.133518
0.084 1.133518
0.086 1.133518
0.088 1.133518
0.090 1.133518
0.092 1.133518
0.094 1.133518
0.096 1.133518
0.098 1.133518
0.100 1.133518
0.102 1.133518
0.104 1.133518
0.106 1.133518
0.108 1.133518
0.110 1.133518
0.112 1.133518
0.114 1.133518
0.116 1.133518
0.118 1.133518
0.120 1.133518
0.122 1.133518
0.124 1.133518
0.126 1.133518
0.128 1.133518
0.130 1.133518
0.132 1.133518
0.134 1.133518
0.136 1.133518
0.138 1.133518
0.140 1.133518
0.142 1.133518
0.144 1.133518
0.146 1.133518
0.148 1.133518
0.150 1.133518
0.152 1.133518
0.154 1.133518
0.156 1.133518
0.158 1.133518
0.160 1.133518
0.162 1.133518
0.164 1.133518
0.166 1.133518
0.168 1.133518
0.170 1.133518
0.172 1.133518
0.174 1.133518
0.176 1.133518
0.178 1.133518
0.180 1.133518
0.182 1.133518
0.184 1.133518
0.186 1.133518
0.188 1.133518
0.190 1.133518
0.192 1.133518
0.194 1.133518
0.196 1.133518
0.198 1.133518
0.200 1.133518
0.202 1.133518
0.204 1.133518
0.206 1.133518
0.208 1.133518
0.210 1.133518
0.212 1.133518
0.214 1.133518
0.216 1.133518
0.218 1.133518
0.220 1.133518
0.222 1.133518
0.224 1.133518
0.226 1.133518
0.228 1.133518
0.230 1.133518
0.232 1.133518
0.234 1.133518
0.236 1.133518
0.238 1.133518
0.240 1.133518
0.242 1.133518
0.244 1.133518
0.246 1.133518
0.248 1.133518
0.250 1.133518
0.252 1.133518
0.254 1.133518
0.256 1.133518
0.258 1.133518
0.260 1.133518
0.262 1.133518
0.264 1.133518
0.266 1.133518
0.268 1.133518
0.270 1.133518
0.272 1.133518
0.274 1.133518
0.276 1.133518
0.278 1.133518
0.280 1.133518
0.282 1.133518
0.284 1.133518
0.286 1.133518
0.288 1.133518
0.290 1.133518
0.292 1.133518
0.294 1.133518
0.296 1.133518
0.298 1.133518
0.300 1.133518
0.302 1.133518
0.304 1.133518
0.306 1.133518
0.308 1.133518
0.310 1.133518
0.312 1.133518
0.314 1.133518
0.316 1.133518
0.318 1.133518
0.320 1.133518
0.322 1.133518
0.324 1.133518
0.326 1.133518
0.328 1.133518
0.330 1.133518
0.332 1.133518
0.334 1.133518
0.336 1.133518
0.338 1.133518
0.340 1.133518
0.342 1.133518
0.344 1.133518
0.346 1.133518
0.348 1.133518
0.350 1.133518
0.352 1.133518
0.354 1.133518
0.356 1.133518
0.358 1.133518
0.360 1.133518
0.362 1.133518
0.364 1.133518
0.366 1.133518
0.368 1.133518
0.370 1.133518
0.372 1.133518
0.374 1.133518
0.376 1.133518
0.378 1.133518
0.380 1.133518
0.382 1.133518
0.384 1.133518
0.386 1.133518
0.388 1.133518
0.390 1.133518
0.392 1.133518
0.394 1.133518
0.396 1.133518
0.398 1.133518
0.400 1.133518
0.402 1.133518
0.404 1.133518
0.406 1.133518
0.408 1.133518
0.410 1.133518
0.412 1.133518
0.414 1.133518
0.416 1.133518
0.418 1.133518
0.420 1.133518
0.422 1.133518
0.424 1.133518
0.426 1.133518
0.428 1.133518
0.430 1.133518
0.432 1.133518
0.434 1.133518
0.436 1.133518
0.438 1.133518
0.440 1.133518
0.442 1.133518
0.444 1.133518
0.446 1.133518
0.448 1.133518
0.450 1.133518
0.452 1.133518
0.454 1.133518
0.456 1.133518
0.458 1.133518
0.460 1.133518
0.462 1.133518
0.464 1.133518
0.466 1.133518
0.468 1.133518
0.470 1.133518
0.472 1.133518
0.474 1.133518
0.476 1.133518
0.478 1.133518
0.480 1.133518
0.482 1.133518
0.484 1.133518
0.486 1.133518
0.488 1.133518
0.490 1.133518
0.492 1.133518
0.494 1.133518
0.496 1.133518
0.498 1.133518
0.500 1.133518
0.502 1.133518
0.504 1.133518
0.506 1.133518
0.508 1.133518
0.510 1.133518
0.512 1.133518
0.514 1.133518
0.516 1.133518
0.518 1.133518
0.520 1.133518
0.522 1.133518
0.524 1.133518
0.526 1.133518
0.528 1.133518
0.530 1.133518
0.532 1.133518
0.534 1.133518
0.536 1.133518
0.538 1.133518
0.540 1.133518
0.542 1.133518
0.544 1.133518
0.546 1.133518
0.548 1.133518
0.550 1.133518
0.552 1.133518
0.554 1.133518
0.556 1.133518
0.558 1.133518
0.560 1.133518
0.562 1.133518
0.564 1.133518
0.566 1.133518
0.568 1.133518
0.570 1.133518
0.572 1.133518
0.574 1.133518
0.576 1.133518
0.578 1.133518
0.580 1.133518
0.582 1.133518
0.584 1.133518
0.586 1.133518
0.588 1.133518
0.590 1.133518
0.592 1.133518
0.594 1.133518
0.596 1.133518
0.598 1.133518
0.600 1.133518
0.602 1.133518
0.604 1.133518
0.606 1.133518
0.608 1.133518
0.610 1.133518
0.612 1.133518
0.614 1.133518
0.616 1.133518
0.618 1.133518
0.620 1.133518
0.622 1.133518
0.624 1.133518
0.626 1.133518
0.628 1.133518
0.630 1.133518
0.632 1.133518
0.634 1.133518
0.636 1.133518
0.638 1.133518
0.640 1.133518
0.642 1.133518
0.644 1.133518
0.646 1.133518
0.648 1.133518
0.650 1.133518
0.652 1.133518
0.654 1.133518
0.656 1.133518
0.658 1.133518
0.660 1.133518
0.662 1.133518
0.664 1.133518
0.666 1.133518
0.668 1.133518
0.670 1.133518
0.672 1.133518
0.674 1.133518
0.676 1.133518
0.678 1.133518
0.680 1.133518
0.682 1.133518
0.684 1.133518
0.686 1.133518
0.688 1.133518
0.690 1.133518
0.692 1.133518
0.694 1.133518
0.696 1.133518
0.698 1.133518
0.700 1.133518
0.702 1.133518
0.704 1.133518
0.706 1.133518
0.708 1.133518
0.710 1.133518
0.712 1.133518
0.714 1.133518
0.716 1.133518
0.718 1.133518
0.720 1.133518
0.722 1.133518
0.724 1.133518
0.726 1.133518
0.728 1.133518
0.730 1.133518
0.732 1.133518
0.734 1.133518
0.736 1.133518
0.738 1.133518
0.740 1.133518
0.742 1.133518
0.744 1.133518
0.746 1.133518
0.748 1.133518
0.750 1.133518
0.752 1.133518
0.754 1.133518
0.756 1.133518
0.758 1.133518
0.760 1.133518
0.762 1.133518
0.764 1.133518
0.766 1.133518
0.768 1.133518
0.770 1.133518
0.772 1.133518
0.774 1.133518
0.776 1.133518
0.778 1.133518
0.780 1.133518
0.782 1.133518
0.784 1.133518
0.786 1.133518
0.788 1.133518
0.790 1.133518
0.792 1.133518
0.794 1.133518
0.796 1.133518
0.798 1.133518
0.800 1.133518
0.802 1.133518
0.804 1.133518
0.806 1.133518
0.808 1.133518
0.810 1.133518
0.812 1.133518
0.814 1.133518
0.816 1.133518
0.818 1.133518
0.820 1.133518
0.822 1.133518
0.824 1.133518
0.826 1.133518
0.828 1.133518
0.830 1.133518
0.832 1.133518
0.834 1.133518
0.836 1.133518
0.838 1.133518
0.840 1.133518
0.842 1.133518
0.844 1.133518
0.846 1.133518
0.848 1.133518
0.850 1.133518
0.852 1.133518
0.854 1.133518
0.856 1.133518
0.858 1.133518
0.860 1.133518
0.862 1.133518
0.864 1.133518
0.866 1.133518
0.868 1.133518
0.870 1.133518
0.872 1.133518
0.874 1.133518
0.876 1.133518
0.878 1.133518
0.880 1.133518
0.882 1.133518
0.884 1.133518
0.886 1.133518
0.888 1.133518
0.890 1.133518
0.892 1.133518
0.894 1.133518
0.896 1.133518
0.898 1.133518
0.900 1.133518
0.902 1.133518
0.904 1.133518
0.906 1.133518
0.908 1.133518
0.910 1.133518
0.912 1.133518
0.914 1.133518
0.916 1.133518
0.918 1.133518
0.920 1.133518
0.922 1.133518
0.924 1.133518
0.926 1.133518
0.928 1.133518
0.930 1.133518
0.932 1.133518
0.934 1.133518
0.936 1.133518
0.938 1.133518
0.940 1.133518
0.942 1.133518
0.944 1.133518
0.946 1.133518
0.948 1.133518
0.950 1.133518
0.952 1.133518
0.954 1.133518
0.956 1.133518
0.958 1.133518
0.960 1.133518
0.962 1.133518
0.964 1.133518
0.966 1.133518
0.968 1.133518
0.970 1.133518
0.972 1.133518
0.974 1.133518
0.976 1.133518
0.978 1.133518
0.980 1.133518
0.982 1.133518
0.984 1.133518
0.986 1.133518
0.988 1.133518
0.990 1.133518
0.992 1.133518
0.994 1.133518
0.996 1.133518
0.998 1.133518
1.000 1.133518
1.002 1.133518
1.004 1.133518
1.006 1.133518
1.008 1.133518
1.010 1.133518
1.012 1.133518
1.014 1.133518
1.016 1.133518
1.018 1.133518
1.020 1.133518
1.022 1.133518
1.024 1.133518
1.026 1.133518
1.028 1.133518
1.030 1.133518
1.032 1.133518
1.034 1.133518
1.036 1.133518
1.038 1.133518
1.040 1.133518
1.042 1.133518
1.044 1.133518
1.046 1.133518
1.048 1.133518
1.050 1.133518
1.052 1.133518
1.054 1.133518
1.056 1.133518
1.058 1.133518
1.060 1.133518
1.062 1.133518
1.064 1.133518
1.066 1.133518
1.068 1.133518
1.070 1.133518
1.072 1.133518
1.074 1.133518
1.076 1.133518
1.078 1.133518
1.080 1.133518
1.082 1.133518
1.084 1.133518
1.086 1.133518
1.088 1.133518
1.090 1.133518
1.092 1.133518
1.094 1.133518
1.096 1.133518
1.098 1.133518
1.100 1.133518
1.102 1.133518
1.104 1.133518
1.106 1.133518
1.108 1.133518
1.110 1.133518
1.112 1.133518
1.114 1.133518
1.116 1.133518
1.118 1.133518
1.120 1.133518
1.122 1.133518
1.124 1.133518
1.126 1.133518
1.128 1.133518
1.130 1.133518
1.132 1.133518
1.134 1.133518
1.136 1.133518
1.138 1.133518
1.140 1.133518
1.142 1.133518
1.144 1.133518
1.146 1.133518
1.148 1.133518
1.150 1.133518
1.152 1.133518
1.154 1.133518
1.156 1.133518
1.158 1.133518
1.160 1.133518
1.162 1.133518
1.164 1.133518
1.166 1.133518
1.168 1.133518
1.170 1.133518
1.172 1.133518
1.174 1.133518
1.176 1.133518
1.178 1.133518
1.180 1.133518
1.182 1.133518
1.184 1.133518
1.186 1.133518
1.188 1.133518
1.190 1.133518
1.192 1.133518
1.194 1.133518
1.196 1.133518
1.198 1.133518
1.200 1.133518
1.202 1.133518
1.204 1.133518
1.206 1.133518
1.208 1.133518
1.210 1.133518
1.212 1.133518
1.214 1.133518
1.216 1.133518
1.218 1.133518
1.220 1.133518
1.222 1.133518
1.224 1.133518
1.226 1.133518
1.228 1.133518
1.230 1.133518
1.232 1.133518
1.234 1.133518
1.236 1.133518
1.238 1.133518
1.240 1.133518
1.242 1.133518
1.244 1.133518
1.246 1.133518
1.248 1.133518
1.250 1.133518
1.252 1.133518
1.254 1.133518
1.256 1.133518
1.258 1.133518
1.260 1.133518
1.262 1.133518
1.264 1.133518
1.266 1.133518
1.268 1.133518
1.270 1.133518
1.272 1.133518
1.274 1.133518
1.276 1.133518
1.278 1.133518
1.280 1.133518
1.282 1.133518
1.284 1.133518
1.286 1.133518
1.288 1.133518
1.290 1.133518
1.292 1.133518
1.294 1.133518
1.296 1.133518
1.298 1.133518
1.300 1.133518
1.302 1.133518
1.304 1.133518
1.306 1.133518
1.308 1.133518
1.310 1.133518
1.312 1.133518
1.314 1.133518
1.316 1.133518
1.318 1.133518
1.320 1.133518
1.322 1.133518
1.324 1.133518
1.326 1.133518
1.328 1.133518
1.330 1.133518
1.332 1.133518
1.334 1.133518
1.336 1.133518
1.338 1.133518
1.340 1.133518
1.342 1.133518
1.344 1.133518
1.346 1.133518
1.348 1.133518
1.350 1.133518
1.352 1.133518
1.354 1.133518
1.356 1.133518
1.358 1.133518
1.360 1.133518
1.362 1.133518
1.364 1.133518
1.366 1.133518
1.368 1.133518
1.370 1.133518
1.372 1.133518
1.374 1.133518
1.376 1.133518
1.378 1.133518
1.380 1.133518
1.382 1.133518
1.384 1.133518
1.386 1.133518
1.388 1.133518
1.390 1.133518
1.392 1.133518
1.394 1.133518
1.396 1.133518
1.398 1.133518
1.400 1.133518
1.402 1.133518
1.404 1.133518
1.406 1.133518
1.408 1.133518
1.410 1.133518
1.412 1.133518
1.414 1.133518
1.416 1.133518
1.418 1.133518
1.420 1.133518
1.422 1.133518
1.424 1.133518
1.426 1.133518
1.428 1.133518
1.430 1.133518
1.432 1.133518
1.434 1.133518
1.436 1.133518
1.438 1.133518
1.440 1.133518
1.442 1.133518
1.444 1.133518
1.446 1.133518
1.448 1.133518
1.450 1.133518
1.452 1.133518
1.454 1.133518
1.456 1.133518
1.458 1.133518
1.460 1.133518
1.462 1.133518
1.464 1.133518
1.466 1.133518
1.468 1.133518
1.470 1.133518
1.472 1.133518
1.474 1.133518
1.476 1.133518
1.478 1.133518
1.480 1.133518
1.482 1.133518
1.484 1.133518
1.486 1.133518
1.488 1.133518
1.490 1.133518
1.492 1.133518
1.494 1.133518
1.496 1.133518
1.498 1.133518
1.500 1.133518
1.502 1.133518
1.504 1.133518
1.506 1.133518
1.508 1.133518
1.510 1.133518
1.512 1.133518
1.514 1.133518
1.516 1.133518
1.518 1.133518
1.520 1.133518
1.522 1.133518
1.524 1.133518
1.526 1.133518
1.528 1.133518
1.530 1.133518
1.532 1.133518
1.534 1.133518
1.536 1.133518
1.538 1.133518
1.540 1.133518
1.542 1.133518
1.544 1.133518
1.546 1.133518
1.548 1.133518
1.550 1.133518
1.552 1.133518
1.554 1.133518
1.556 1.133518
1.558 1.133518
1.560 1.133518
1.562 1.133518
1.564 1.133518
1.566 1.133518
1.568 1.133518
1.570 1.133518
1.572 1.133518
1.574 1.133518
1.576 1.133518
1.578 1.133518
1.580 1.133518
1.582 1.133518
1.584 1.133518
1.586 1.133518
1.588 1.133518
1.590 1.133518
1.592 1.133518
1.594 1.133518
1.596 1.133518
1.598 1.133518
1.600 1.133518
1.602 1.133518
1.604 1.133518
1.606 1.133518
1.608 1.133518
1.610 1.133518
1.612 1.133518
1.614 1.133518
1.616 1.133518
1.618 1.133518
1.620 1.133518
1.622 1.133518
1.624 1.133518
1.626 1.133518
1.628 1.133518
1.630 1.133518
1.632 1.133518
1.634 1.133518
1.636 1.133518
1.638 1.133518
1.640 1.133518
1.642 1.133518
1.644 1.133518
1.646 1.133518
1.648 1.133518
1.650 1.133518
1.652 1.133518
1.654 1.133518
1.656 1.133518
1.658 1.133518
1.660 1.133518
1.662 1.133518
1.664 1.133518
1.666 1.133518
1.668 1.133518
1.670 1.133518
1.672 1.133518
1.674 1.133518
1.676 1.133518
1.678 1.133518
1.680 1.133518
1.682 1.133518
1.684 1.133518
1.686 1.133518
1.688 1.133518
1.690 1.133518
1.692 1.133518
1.694 1.133518
1.696 1.133518
1.698 1.133518
1.700 1.133518
1.702 1.133518
1.704 1.133518
1.706 1.133518
1.708 1.133518
1.710 1.133518
1.712 1.133518
1.714 1.133518
1.716 1.133518
1.718 1.133518
1.720 1.133518
1.722 1.133518
1.724 1.133518
1.726 1.133518
1.728 1.133518
1.730 1.133518
1.732 1.133518
1.734 1.133518
1.736 1.133518
1.738 1.133518
1.740 1.133518
1.742 1.133518
1.744 1.133518
1.746 1.133518
1.748 1.133518
1.750 1.133518
1.752 1.133518
1.754 1.133518
1.756 1.133518
1.758 1.133518
1.760 1.133518
1.762 1.133518
1.764 1.133518
1.766 1.133518
1.768 1.133518
1.770 1.133518
1.772 1.133518
1.774 1.133518
1.776 1.133518
1.778 1.133518
1.780 1.133518
1.782 1.133518
1.784 1.133518
1.786 1.133518
1.788 1.133518
1.790 1.133518
1.792 1.133518
1.794 1.133518
1.796 1.133518
1.798 1.133518
1.800 1.133518
1.802 1.133518
1.804 1.133518
1.806 1.133518
1.808 1.133518
1.810 1.133518
1.812 1.133518
1.814 1.133518
1.816 1.133518
1.818 1.133518
1.820 1.133518
1.822 1.133518
1.824 1.133518
1.826 1.133518
1.828 1.133518
1.830 1.133518
1.832 1.133518
1.834 1.133518
1.836 1.133518
1.838 1.133518
1.840 1.133518
1.842 1.133518
1.844 1.133518
1.846 1.133518
1.848 1.133518
1.850 1.133518
1.852 1.133518
1.854 1.133518
1.856 1.133518
1.858 1.133518
1.860 1.133518
1.862 1.133518
1.864 1.133518
1.866 1.133518
1.868 1.133518
1.870 1.133518
1.872 1.133518
1.874 1.133518
1.876 1.133518
1.878 1.133518
1.880 1.133518
1.882 1.133518
1.884 1.133518
1.886 1.133518
1.888 1.133518
1.890 1.133518
1.892 1.133518
1.894 1.133518
1.896 1.133518
1.898 1.133518
1.900 1.133518
1.902 1.133518
1.904 1.133518
1.906 1.133518
1.908 1.133518
1.910 1.133518
1.912 1.133518
1.914 1.133518
1.916 1.133518
1.918 1.133518
1.920 1.133518
1.922 1.133518
1.924 1.133518
1.926 1.133518
1.928 1.133518
1.930 1.133518
1.932 1.133518
1.934 1.133518
1.936 1.133518
1.938 1.133518
1.940 1.133518
1.942 1.133518
1.944 1.133518
1.946 1.133518
1.948 1.133518
1.950 1.133518
1.952 1.133518
1.954 1.133518
1.956 1.133518
1.958 1.133518
1.960 1.133518
1.962 1.133518
1.964 1.133518
1.966 1.133518
1.968 1.133518
1.970 1.133518
1.972 1.133518
1.974 1.133518
1.976 1.133518
1.978 1.133518
1.980 1.133518
1.982 1.133518
1.984 1.133518
1.986 1.133518
1.988 1.133518
1.990 1.133518
1.992 1.133518
1.994 1.133518
1.996 1.133518
1.998 1.133518
2.000 1.133518
2.002 1.133518
2.004 1.133518
2.006 1.133518
2.008 1.133518
2.010 1.133518
2.012 1.133518
2.014 1.133518
2.016 1.133518
2.018 1.133518
2.020 1.133518
2.022 1.133518
2.024 1.133518
2.026 1.133518
2.028 1.133518
2.030 1.133518
2.032 1.133518
2.034 1.133518
2.036 1.133518
2.038 1.133518
2.040 1.133518
2.042 1.133518
2.044 1.133518
2.046 1.133518
2.048 1.133518
2.050 1.133518
2.052 1.133518
2.054 1.133518
2.056 1.133518
2.058 1.133518
2.060 1.133518
2.062 1.133518
2.064 1.133518
2.066 1.133518
2.068 1.133518
2.070 1.133518
2.072 1.133518
2.074 1.133518
2.076 1.133518
2.078 1.133518
2.080 1.133518
2.082 1.133518
2.084 1.133518
2.086 1.133518
2.088 1.133518
2.090 1.133518
2.092 1.133518
2.094 1.133518
2.096 1.133518
2.098 1.133518
2.100 1.133518
2.102 1.133518
2.104 1.133518
2.106 1.133518
2.108 1.133518
2.110 1.133518
2.112 1.133518
2.114 1.133518
2.116 1.133518
2.118 1.133518
2.120 1.133518
2.122 1.133518
2.124 1.133518
2.126 1.133518
2.128 1.133518
2.130 1.133518
2.132 1.133518
2.134 1.133518
2.136 1.133518
2.138 1.133518
2.140 1.133518
2.142 1.133518
2.144 1.133518
2.146 1.133518
2.148 1.133518
2.150 1.133518
2.152 1.133518
2.154 1.133518
2.156 1.133518
2.158 1.133518
2.160 1.133518
2.162 1.133518
2.164 1.133518
2.166 1.133518
2.168 1.133518
2.170 1.133518
2.172 1.133518
2.174 1.133518
2.176 1.133518
2.178 1.133518
2.180 1.133518
2.182 1.133518
2.184 1.133518
2.186 1.133518
2.188 1.133518
2.190 1.133518
2.192 1.133518
2.194 1.133518
2.196 1.133518
2.198 1.133518
2.200 1.133518
2.202 1.133518
2.204 1.133518
2.206 1.133518
2.208 1.133518
2.210 1.133518
2.212 1.133518
2.214 1.133518
2.216 1.133518
2.218 1.133518
2.220 1.133518
2.222 1.133518
2.224 1.133518
2.226 1.133518
2.228 1.133518
2.230 1.133518
2.232 1.133518
2.234 1.133518
2.236 1.133518
2.238 1.133518
2.240 1.133518
2.242 1.133518
2.244 1.133518
2.246 1.133518
2.248 1.133518
2.250 1.133518
2.252 1.133518
2.254 1.133518
2.256 1.133518
2.258 1.133518
2.260 1.133518
2.262 1.133518
2.264 1.133518
2.266 1.133518
2.268 1.133518
2.270 1.133518
2.272 1.133518
2.274 1.133518
2.276 1.133518
2.278 1.133518
2.280 1.133518
2.282 1.133518
2.284 1.133518
2.286 1.133518
2.288 1.133518
2.290 1.133518
2.292 1.133518
2.294 1.133518
2.296 1.133518
2.298 1.133518
2.300 1.133518
2.302 1.133518
2.304 1.133518
2.306 1.133518
2.308 1.133518
2.310 1.133518
2.312 1.133518
2.314 1.133518
2.316 1.133518
2.318 1.133518
2.320 1.133518
2.322 1.133518
2.324 1.133518
2.326 1.133518
2.328 1.133518
2.330 1.133518
2.332 1.133518
2.334 1.133518
2.336 1.133518
2.338 1.133518
2.340 1.133518
2.342 1.133518
2.344 1.133518
2.346 1.133518
2.348 1.133518
2.350 1.133518
2.352 1.133518
2.354 1.133518
2.356 1.133518
2.358 1.133518
2.360 1.133518
2.362 1.133518
2.364 1.133518
2.366 1.133518
2.368 1.133518
2.370 1.133518
2.372 1.133518
2.374 1.133518
2.376 1.133518
2.378 1.133518
2.380 1.133518
2.382 1.133518
2.384 1.133518
2.386 1.133518
2.388 1.133518
2.390 1.133518
2.392 1.133518
2.394 1.133518
2.396 1.133518
2.398 1.133518
2.400 1.133518
2.402 1.133518
2.404 1.133518
2.406 1.133518
2.408 1.133518
2.410 1.133518
2.412 1.133518
2.414 1.133518
2.416 1.133518
2.418 1.133518
2.420 1.133518
2.422 1.133518
2.424 1.133518
2.426 1.133518
2.428 1.133518
2.430 1.133518
2.432 1.133518
2.434 1.133518
2.436 1.133518
2.438 1.133518
2.440 1.133518
2.442 1.133518
2.444 1.133518
2.446 1.133518
2.448 1.133518
2.450 1.133518
2.452 1.133518
2.454 1.133518
2.456 1.133518
2.458 1.133518
2.460 1.133518
2.462 1.133518
2.464 1.133518
2.466 1.133518
2.468 1.133518
2.470 1.133518
2.472 1.133518
2.474 1.133518
2.476 1.133518
2.478 1.133518
2.480 1.133518
2.482 1.133518
2.484 1.133518
2.486 1.133518
2.488 1.133518
2.490 1.133518
2.492 1.133518
2.494 1.133518
2.496 1.133518
2.498 1.133518
2.500 1.133518
2.502 1.133518
2.504 1.133518
2.506 1.133518
2.508 1.133518
2.510 1.133518
2.512 1.133518
2.514 1.133518
2.516 1.133518
2.518 1.133518
2.520 1.133518
2.522 1.133518
2.524 1.133518
2.526 1.133518
2.528 1.133518
2.530 1.133518
2.532 1.133518
2.534 1.133518
2.536 1.133518
2.538 1.133518
2.540 1.133518
2.542 1.133518
2.544 1.133518
2.546 1.133518
2.548 1.133518
2.550 1.133518
2.552 1.133518
2.554 1.133518
2.556 1.133518
2.558 1.133518
2.560 1.133518
2.562 1.133518
2.564 1.133518
2.566 1.133518
2.568 1.133518
2.570 1.133518
2.572 1.133518
2.574 1.133518
2.576 1.133518
2.578 1.133518
2.580 1.133518
2.582 1.133518
2.584 1.133518
2.586 1.133518
2.588 1.133518
2.590 1.133518
2.592 1.133518
2.594 1.133518
2.596 1.133518
2.598 1.133518
2.600 1.133518
2.602 1.133518
2.604 1.133518
2.606 1.133518
2.608 1.133518
2.610 1.133518
2.612 1.133518
2.614 1.133518
2.616 1.133518
2.618 1.133518
2.620 1.133518
2.622 1.133518
2.624 1.133518
2.626 1.133518
2.628 1.133518
2.630 1.133518
2.632 1.133518
2.634 1.133518
2.636 1.133518
2.638 1.133518
2.640 1.133518
2.642 1.133518
2.644 1.133518
2.646 1.133518
2.648 1.133518
2.650 1.133518
2.652 1.133518
2.654 1.133518
2.656 1.133518
2.658 1.133518
2.660 1.133518
2.662 1.133518
2.664 1.133518
2.666 1.133518
2.668 1.133518
2.670 1.133518
2.672 1.133518
2.674 1.133518
2.676 1.133518
2.678 1.133518
2.680 1.133518
2.682 1.133518
2.684 1.133518
2.686 1.133518
2.688 1.133518
2.690 1.133518
2.692 1.133518
2.694 1.133518
2.696 1.133518
2.698 1.133518
2.700 1.133518
2.702 1.133518
2.704 1.133518
2.706 1.133518
2.708 1.133518
2.710 1.133518
2.712 1.133518
2.714 1.133518
2.716 1.133518
2.718 1.133518
2.720 1.133518
2.722 1.133518
2.724 1.133518
2.726 1.133518
2.728 1.133518
2.730 1.133518
2.732 1.133518
2.734 1.133518
2.736 1.133518
2.738 1.133518
2.740 1.133518
2.742 1.133518
2.744 1.133518
2.746 1.133518
2.748 1.133518
2.750 1.133518
2.752 1.133518
2.754 1.133518
2.756 1.133518
2.758 1.133518
2.760 1.133518
2.762 1.133518
2.764 1.133518
2.766 1.133518
2.768 1.133518
2.770 1.133518
2.772 1.133518
2.774 1.133518
2.776 1.133518
2.778 1.133518
2.780 1.133518
2.782 1.133518
2.784 1.133518
2.786 1.133518
2.788 1.133518
2.790 1.133518
2.792 1.133518
2.794 1.133518
2.796 1.133518
2.798 1.133518
2.800 1.133518
2.802 1.133518
2.804 1.133518
2.806 1.133518
2.808 1.133518
2.810 1.133518
2.812 1.133518
2.814 1.133518
2.816 1.133518
2.818 1.133518
2.820 1.133518
2.822 1.133518
2.824 1.133518
2.826 1.133518
2.828 1.133518
2.830 1.133518
2.832 1.133518
2.834 1.133518
2.836 1.133518
2.838 1.133518
2.840 1.133518
2.842 1.133518
2.844 1.133518
2.846 1.133518
2.848 1.133518
2.850 1.133518
2.852 1.133518
2.854 1.133518
2.856 1.133518
2.858 1.133518
2.860 1.133518
2.862 1.133518
2.864 1.133518
2.866 1.133518
2.868 1.133518
2.870 1.133518
2.872 1.133518
2.874 1.133518
2.876 1.133518
2.878 1.133518
2.880 1.133518
2.882 1.133518
2.884 1.133518
2.886 1.133518
2.888 1.133518
2.890 1.133518
2.892 1.133518
2.894 1.133518
2.896 1.133518
2.898 1.133518
2.900 1.133518
2.902 1.133518
2.904 1.133518
2.906 1.133518
2.908 1.133518
2.910 1.133518
2.912 1.133518
2.914 1.133518
2.916 1.133518
2.918 1.133518
2.920 1.133518
2.922 1.133518
2.924 1.133518
2.926 1.133518
2.928 1.133518
2.930 1.133518
2.932 1.133518
2.934 1.133518
2.936 1.133518
2.938 1.133518
2.940 1.133518
2.942 1.133518
2.944 1.133518
2.946 1.133518
2.948 1.133518
2.950 1.133518
2.952 1.133518
2.954 1.133518
2.956 1.133518
2.958 1.133518
2.960 1.133518
2.962 1.133518
2.964 1.133518
2.966 1.133518
2.968 1.133518
2.970 1.133518
2.972 1.133518
2.974 1.133518
2.976 1.133518
2.978 1.133518
2.980 1.133518
2.982 1.133518
2.984 1.133518
2.986 1.133518
2.988 1.133518
2.990 1.133518
2.992 1.133518
2.994 1.133518
2.996 1.133518
2.998 1.133518
3.000 1.133518
3.002 1.133518
3.004 1.133518
3.006 1.133518
3.008 1.133518
3.010 1.133518
3.012 1.133518
3.014 1.133518
3.016 1.133518
3.018 1.133518
3.020 1.133518
3.022 1.133518
3.024 1.133518
3.026 1.133518
3.028 1.133518
3.030 1.133518
3.032 1.133518
3.034 1.133518
3.036 1.133518
3.038 1.133518
3.040 1.133518
3.042 1.133518
3.044 1.133518
3.046 1.133518
3.048 1.133518
3.050 1.133518
3.052 1.133518
3.054 1.133518
3.056 1.133518
3.058 1.133518
3.060 1.133518
3.062 1.133518
3.064 1.133518
3.066 1.133518
3.068 1.133518
3.070 1.133518
3.072 1.133518
3.074 1.133518
3.076 1.133518
3.078 1.133518
3.080 1.133518
3.082 1.133518
3.084 1.133518
3.086 1.133518
3.088 1.133518
3.090 1.133518
3.092 1.133518
3.094 1.133518
3.096 1.133518
3.098 1.133518
3.100 1.133518
3.102 1.133518
3.104 1.133518
3.106 1.133518
3.108 1.133518
3.110 1.133518
3.112 1.133518
3.114 1.133518
3.116 1.133518
3.118 1.133518
3.120 1.133518
3.122 1.133518
3.124 1.133518
3.126 1.133518
3.128 1.133518
3.130 1.133518
3.132 1.133518
3.134 1.133518
3.136 1.133518
3.138 1.133518
3.140 1.133518
3.142 1.133518
3.144 1.133518
3.146 1.133518
3.148 1.133518
3.150 1.133518
3.152 1.133518
3.154 1.133518
3.156 1.133518
3.158 1.133518
3.160 1.133518
3.162 1.133518
3.164 1.133518
3.166 1.133518
3.168 1.133518
3.170 1.133518
