0.000 -0.100633
0.008 -0.100630
0.016 -0.100617
0.024 -0.100593
0.032 -0.100557
0.040 -0.100509
0.048 -0.100449
0.056 -0.100378
0.064 -0.100293
0.072 -0.100197
0.080 -0.100087
0.088 -0.099967
0.096 -0.099829
0.104 -0.099681
0.112 -0.099520
0.120 -0.099345
0.128 -0.099158
0.136 -0.098957
0.144 -0.098743
0.152 -0.098512
0.160 -0.098274
0.168 -0.097898
0.176 -0.097768
0.184 -0.097470
0.192 -0.097136
0.200 -0.096877
0.208 -0.096552
0.216 -0.096219
0.224 -0.095873
0.232 -0.095514
0.240 -0.095141
0.248 -0.094756
0.256 -0.094357
0.264 -0.093945
0.272 -0.093520
0.280 -0.093082
0.288 -0.092631
0.296 -0.092167
0.304 -0.091690
0.312 -0.091199
0.320 -0.090625
0.328 -0.090187
0.336 -0.089649
0.344 -0.089108
0.352 -0.088552
0.360 -0.087984
0.368 -0.087403
0.376 -0.086810
0.384 -0.086203
0.392 -0.085583
0.400 -0.084950
0.408 -0.084305
0.416 -0.083646
0.424 -0.082975
0.432 -0.082291
0.440 -0.081594
0.448 -0.080884
0.456 -0.080161
0.464 -0.079426
0.472 -0.078677
0.480 -0.077916
0.488 -0.077142
0.496 -0.076355
0.504 -0.075555
0.512 -0.074743
0.520 -0.073917
0.528 -0.073079
0.536 -0.072228
0.544 -0.071563
0.552 -0.070473
0.560 -0.069601
0.568 -0.068698
0.576 -0.067359
0.584 -0.066827
0.592 -0.065886
0.600 -0.064678
0.608 -0.063944
0.616 -0.062986
0.624 -0.062004
0.632 -0.061001
0.640 -0.059985
0.648 -0.058957
0.656 -0.057915
0.664 -0.056861
0.672 -0.055793
0.680 -0.054732
0.688 -0.053614
0.696 -0.052511
0.704 -0.051392
0.712 -0.050260
0.720 -0.049115
0.728 -0.047958
0.736 -0.046787
0.744 -0.045603
0.752 -0.044407
0.760 -0.043198
0.768 -0.041976
0.776 -0.040456
0.784 -0.039513
0.792 -0.038340
0.800 -0.036952
0.808 -0.035671
0.816 -0.034373
0.824 -0.033061
0.832 -0.031736
0.840 -0.030399
0.848 -0.029048
0.856 -0.027685
0.864 -0.026309
0.872 -0.024920
0.880 -0.023519
0.888 -0.022104
0.896 -0.020677
0.904 -0.019237
0.912 -0.017784
0.920 -0.016319
0.928 -0.014840
0.936 -0.013349
0.944 -0.011845
0.952 -0.010328
0.960 -0.008799
0.968 -0.007256
0.976 -0.005701
0.984 -0.004133
0.992 -0.002552
1.000 -0.000959
1.008 0.000648
1.016 0.002267
1.024 0.003899
1.032 0.005544
1.040 0.007005
1.048 0.008763
1.056 0.010456
1.064 0.012174
1.072 0.013874
1.080 0.015501
1.088 0.017026
1.096 0.019055
1.104 0.021184
1.112 0.022210
1.120 0.024182
1.128 0.026047
1.136 0.027922
1.144 0.029800
1.152 0.031683
1.160 0.033573
1.168 0.035468
1.176 0.036571
1.184 0.038961
1.192 0.040916
1.200 0.042898
1.208 0.044884
1.216 0.046873
1.224 0.048867
1.232 0.050867
1.240 0.052874
1.248 0.054888
1.256 0.056911
1.264 0.058942
1.272 0.060232
1.280 0.062041
1.288 0.064333
1.296 0.066548
1.304 0.068749
1.312 0.070947
1.320 0.073142
1.328 0.075337
1.336 0.077533
1.344 0.079731
1.352 0.081932
1.360 0.084138
1.368 0.086350
1.376 0.088569
1.384 0.090795
1.392 0.093029
1.400 0.095272
1.408 0.097524
1.416 0.099786
1.424 0.101965
1.432 0.104242
1.440 0.106761
1.448 0.108492
1.456 0.110979
1.464 0.113358
1.472 0.115750
1.480 0.118147
1.488 0.120551
1.496 0.122961
1.504 0.125380
1.512 0.127800
1.520 0.130218
1.528 0.132634
1.536 0.135048
1.544 0.137462
1.552 0.139874
1.560 0.142284
1.568 0.144694
1.576 0.147103
1.584 0.149511
1.592 0.151918
1.600 0.154088
1.608 0.156613
1.616 0.158887
1.624 0.161328
1.632 0.163779
1.640 0.166220
1.648 0.168552
1.656 0.171008
1.664 0.173442
1.672 0.175880
1.680 0.178305
1.688 0.180714
1.696 0.183108
1.704 0.185486
1.712 0.187849
1.720 0.190198
1.728 0.192532
1.736 0.194851
1.744 0.197155
1.752 0.199446
1.760 0.201722
1.768 0.203983
1.776 0.206451
1.784 0.208164
1.792 0.210471
1.800 0.212720
1.808 0.214837
1.816 0.217110
1.824 0.219307
1.832 0.221493
1.840 0.223659
1.848 0.225809
1.856 0.227842
1.864 0.230016
1.872 0.232119
1.880 0.234211
1.888 0.236286
1.896 0.238345
1.904 0.240608
1.912 0.242103
1.920 0.244252
1.928 0.246279
1.936 0.248295
1.944 0.250293
1.952 0.252273
1.960 0.254216
1.968 0.256392
1.976 0.257805
1.984 0.259853
1.992 0.261779
2.000 0.263694
2.008 0.265591
2.016 0.267469
2.024 0.269329
2.032 0.271173
2.040 0.273000
2.048 0.274811
2.056 0.276607
2.064 0.278387
2.072 0.280153
2.080 0.281866
2.088 0.283645
2.096 0.285362
2.104 0.287072
2.112 0.288768
2.120 0.290450
2.128 0.292119
2.136 0.293774
2.144 0.295416
2.152 0.297046
2.160 0.298662
2.168 0.300265
2.176 0.302236
2.184 0.303089
2.192 0.304795
2.200 0.306383
2.208 0.307937
2.216 0.309509
2.224 0.311055
2.232 0.312580
2.240 0.314088
2.248 0.315582
2.256 0.317059
2.264 0.318522
2.272 0.319970
2.280 0.321404
2.288 0.322823
2.296 0.324229
2.304 0.325620
2.312 0.326972
2.320 0.328369
2.328 0.329715
2.336 0.331052
2.344 0.332376
2.352 0.333687
2.360 0.334985
2.368 0.336270
2.376 0.337542
2.384 0.338801
2.392 0.340047
2.400 0.341280
2.408 0.342501
2.416 0.343709
2.424 0.344904
2.432 0.346086
2.440 0.347533
2.448 0.348202
2.456 0.349462
2.464 0.350602
2.472 0.352131
2.480 0.352701
2.488 0.353889
2.496 0.354992
2.504 0.356087
2.512 0.357179
2.520 0.358231
2.528 0.359274
2.536 0.360305
2.544 0.361335
2.552 0.362327
2.560 0.363310
2.568 0.364283
2.576 0.365241
2.584 0.366186
2.592 0.367117
2.600 0.368034
2.608 0.368938
2.616 0.369828
2.624 0.370706
2.632 0.371570
2.640 0.372421
2.648 0.373259
2.656 0.374084
2.664 0.374896
2.672 0.375583
2.680 0.376444
2.688 0.377238
2.696 0.377997
2.704 0.378749
2.712 0.379421
2.720 0.380214
2.728 0.380924
2.736 0.381622
2.744 0.382308
2.752 0.382981
2.760 0.383641
2.768 0.384288
2.776 0.384922
2.784 0.385544
2.792 0.386152
2.800 0.386748
2.808 0.387330
2.816 0.387908
2.824 0.388460
2.832 0.389002
2.840 0.389534
2.848 0.390052
2.856 0.390558
2.864 0.391051
2.872 0.391531
2.880 0.391995
2.888 0.392447
2.896 0.392894
2.904 0.393323
2.912 0.393872
2.920 0.394136
2.928 0.394537
2.936 0.395019
2.944 0.395349
2.952 0.395636
2.960 0.395977
2.968 0.396304
2.976 0.396618
2.984 0.396919
2.992 0.397207
3.000 0.397483
3.008 0.397782
3.016 0.397987
3.024 0.398235
3.032 0.398459
3.040 0.398671
3.048 0.398870
3.056 0.399056
3.064 0.399230
3.072 0.399391
3.080 0.399539
3.088 0.399674
3.096 0.399797
3.104 0.399921
3.112 0.400013
3.120 0.400089
3.128 0.400160
3.136 0.400219
3.144 0.400247
3.152 0.400301
3.160 0.400317
3.168 0.400325
3.170 0.400325
