0.000 -0.100633
0.008 -0.100627
0.016 -0.100607
0.024 -0.100575
0.032 -0.100531
0.040 -0.100473
0.048 -0.100403
0.056 -0.100319
0.064 -0.100223
0.072 -0.100115
0.080 -0.099961
0.088 -0.099859
0.096 -0.099711
0.104 -0.099551
0.112 -0.099379
0.120 -0.099193
0.128 -0.098995
0.136 -0.098783
0.144 -0.098559
0.152 -0.098323
0.160 -0.098073
0.168 -0.097743
0.176 -0.097535
0.184 -0.097247
0.192 -0.096947
0.200 -0.096633
0.208 -0.096307
0.216 -0.095967
0.224 -0.095615
0.232 -0.095251
0.240 -0.094873
0.248 -0.094483
0.256 -0.094079
0.264 -0.093663
0.272 -0.093235
0.280 -0.092793
0.288 -0.092339
0.296 -0.091871
0.304 -0.091391
0.312 -0.090899
0.320 -0.090393
0.328 -0.089875
0.336 -0.089343
0.344 -0.088799
0.352 -0.088243
0.360 -0.087673
0.368 -0.087091
0.376 -0.086495
0.384 -0.085887
0.392 -0.085267
0.400 -0.084633
0.408 -0.083987
0.416 -0.083327
0.424 -0.082655
0.432 -0.081971
0.440 -0.081273
0.448 -0.080563
0.456 -0.079839
0.464 -0.079103
0.472 -0.078355
0.480 -0.077593
0.488 -0.076819
0.496 -0.076031
0.504 -0.075231
0.512 -0.074419
0.520 -0.073593
0.528 -0.072755
0.536 -0.071903
0.544 -0.071039
0.552 -0.070163
0.560 -0.069273
0.568 -0.068371
0.576 -0.066761
0.584 -0.066527
0.592 -0.065587
0.600 -0.064151
0.608 -0.063667
0.616 -0.062687
0.624 -0.061695
0.632 -0.060691
0.640 -0.059673
0.648 -0.058643
0.656 -0.057599
0.664 -0.056543
0.672 -0.055205
0.680 -0.054393
0.688 -0.053299
0.696 -0.052191
0.704 -0.051071
0.712 -0.049939
0.720 -0.048793
0.728 -0.047635
0.736 -0.046463
0.744 -0.045279
0.752 -0.044083
0.760 -0.042873
0.768 -0.041651
0.776 -0.040415
0.784 -0.039167
0.792 -0.037907
0.800 -0.036633
0.808 -0.035347
0.816 -0.034047
0.824 -0.032735
0.832 -0.031411
0.840 -0.030073
0.848 -0.028723
0.856 -0.027359
0.864 -0.025983
0.872 -0.024595
0.880 -0.023193
0.888 -0.021779
0.896 -0.020351
0.904 -0.018911
0.912 -0.017459
0.920 -0.015993
0.928 -0.014515
0.936 -0.013023
0.944 -0.011519
0.952 -0.010003
0.960 -0.008473
0.968 -0.006931
0.976 -0.005375
0.984 -0.003807
0.992 -0.002227
1.000 -0.000633
1.008 0.000973
1.016 0.002593
1.024 0.004225
1.032 0.006697
1.040 0.007527
1.048 0.009197
1.056 0.010881
1.064 0.012577
1.072 0.014285
1.080 0.016007
1.088 0.017741
1.096 0.019489
1.104 0.021691
1.112 0.023021
1.120 0.024807
1.128 0.026605
1.136 0.028417
1.144 0.030241
1.152 0.032077
1.160 0.033927
1.168 0.035323
1.176 0.037665
1.184 0.039553
1.192 0.041453
1.200 0.043367
1.208 0.045293
1.216 0.047233
1.224 0.049185
1.232 0.051149
1.240 0.053127
1.248 0.055117
1.256 0.057121
1.264 0.059137
1.272 0.059643
1.280 0.063207
1.288 0.065261
1.296 0.067329
1.304 0.069409
1.312 0.071501
1.320 0.073607
1.328 0.075725
1.336 0.077857
1.344 0.080001
1.352 0.082157
1.360 0.084327
1.368 0.086509
1.376 0.088705
1.384 0.090913
1.392 0.093133
1.400 0.095367
1.408 0.097613
1.416 0.099307
1.424 0.102145
1.432 0.104429
1.440 0.107303
1.448 0.109037
1.456 0.111361
1.464 0.113697
1.472 0.116045
1.480 0.118407
1.488 0.120781
1.496 0.123169
1.504 0.125567
1.512 0.127967
1.520 0.130367
1.528 0.132767
1.536 0.135167
1.544 0.137567
1.552 0.139967
1.560 0.142367
1.568 0.144767
1.576 0.147167
1.584 0.149567
1.592 0.151967
1.600 0.154967
1.608 0.156767
1.616 0.159167
1.624 0.161567
1.632 0.163967
1.640 0.166367
1.648 0.168767
1.656 0.171167
1.664 0.173567
1.672 0.175966
1.680 0.178354
1.688 0.180730
1.696 0.183093
1.704 0.185443
1.712 0.187780
1.720 0.190105
1.728 0.192416
1.736 0.194715
1.744 0.197001
1.752 0.199274
1.760 0.201535
1.768 0.203783
1.776 0.206017
1.784 0.208239
1.792 0.210449
1.800 0.213192
1.808 0.214829
1.816 0.217000
1.824 0.219158
1.832 0.221303
1.840 0.223435
1.848 0.226083
1.856 0.227662
1.864 0.229756
1.872 0.231837
1.880 0.233906
1.888 0.235961
1.896 0.238004
1.904 0.240540
1.912 0.242051
1.920 0.244056
1.928 0.246047
1.936 0.248026
1.944 0.249992
1.952 0.251946
1.960 0.253886
1.968 0.256294
1.976 0.257728
1.984 0.259630
1.992 0.261520
2.000 0.263396
2.008 0.265260
2.016 0.267111
2.024 0.268949
2.032 0.270774
2.040 0.272586
2.048 0.274386
2.056 0.276173
2.064 0.277947
2.072 0.280146
2.080 0.281457
2.088 0.283192
2.096 0.284915
2.104 0.286625
2.112 0.288322
2.120 0.290007
2.128 0.291678
2.136 0.293337
2.144 0.294983
2.152 0.296617
2.160 0.298237
2.168 0.299845
2.176 0.301836
2.184 0.303022
2.192 0.304591
2.200 0.306147
2.208 0.307691
2.216 0.309222
2.224 0.310740
2.232 0.312245
2.240 0.313737
2.248 0.315217
2.256 0.316684
2.264 0.318138
2.272 0.319579
2.280 0.321008
2.288 0.322423
2.296 0.323826
2.304 0.325562
2.312 0.326593
2.320 0.327958
2.328 0.329310
2.336 0.330648
2.344 0.331974
2.352 0.333288
2.360 0.334588
2.368 0.335876
2.376 0.337151
2.384 0.338413
2.392 0.339662
2.400 0.340898
2.408 0.342122
2.416 0.343333
2.424 0.344531
2.432 0.345716
2.440 0.347470
2.448 0.348048
2.456 0.349195
2.464 0.350329
2.472 0.351729
2.480 0.352559
2.488 0.353654
2.496 0.354737
2.504 0.355807
2.512 0.356864
2.520 0.357909
2.528 0.358941
2.536 0.359959
2.544 0.360965
2.552 0.361959
2.560 0.362939
2.568 0.363907
2.576 0.364862
2.584 0.365804
2.592 0.366733
2.600 0.367649
2.608 0.368553
2.616 0.369444
2.624 0.370322
2.632 0.371187
2.640 0.372040
2.648 0.372879
2.656 0.373706
2.664 0.374520
2.672 0.375717
2.680 0.376110
2.688 0.376885
2.696 0.377648
2.704 0.378398
2.712 0.379136
2.720 0.379860
2.728 0.380572
2.736 0.381270
2.744 0.381957
2.752 0.382630
2.760 0.383290
2.768 0.383938
2.776 0.384573
2.784 0.385195
2.792 0.385804
2.800 0.386400
2.808 0.386984
2.816 0.387555
2.824 0.388113
2.832 0.388658
2.840 0.389191
2.848 0.389710
2.856 0.390217
2.864 0.390711
2.872 0.391073
2.880 0.391661
2.888 0.392116
2.896 0.392559
2.904 0.392989
2.912 0.393407
2.920 0.393811
2.928 0.394203
2.936 0.394766
2.944 0.394948
2.952 0.395301
2.960 0.395641
2.968 0.395969
2.976 0.396284
2.984 0.396586
2.992 0.396875
3.000 0.397151
3.008 0.397479
3.016 0.397666
3.024 0.397904
3.032 0.398129
3.040 0.398342
3.048 0.398541
3.056 0.398728
3.064 0.398902
3.072 0.399063
3.080 0.399212
3.088 0.399348
3.096 0.399470
3.104 0.399580
3.112 0.399678
3.120 0.399762
3.128 0.399834
3.136 0.399893
3.144 0.399905
3.152 0.399972
3.160 0.399992
3.168 0.400000
3.170 0.400000
