0.000 3.658073
0.008 3.658073
0.016 3.658073
0.024 3.658073
0.032 3.658073
0.040 3.658073
0.048 3.658073
0.056 3.658073
0.064 3.658073
0.072 3.658073
0.080 3.658073
0.088 3.658073
0.096 3.658073
0.104 3.658073
0.112 3.658073
0.120 3.658073
0.128 3.658073
0.136 3.658073
0.144 3.658073
0.152 3.658073
0.160 3.658073
0.168 3.658073
0.176 3.658073
0.184 3.658073
0.192 3.658073
0.200 3.658073
0.208 3.658073
0.216 3.658073
0.224 3.658073
0.232 3.658073
0.240 3.658073
0.248 3.658073
0.256 3.658073
0.264 3.658073
0.272 3.658073
0.280 3.658073
0.288 3.658073
0.296 3.658073
0.304 3.658073
0.312 3.658073
0.320 3.658073
0.328 3.658073
0.336 3.658073
0.344 3.658073
0.352 3.658073
0.360 3.658073
0.368 3.658073
0.376 3.658073
0.384 3.658073
0.392 3.658073
0.400 3.658073
0.408 3.658073
0.416 3.658073
0.424 3.658073
0.432 3.658073
0.440 3.658073
0.448 3.658073
0.456 3.658073
0.464 3.658073
0.472 3.658073
0.480 3.658073
0.488 3.658073
0.496 3.658073
0.504 3.658073
0.512 3.658073
0.520 3.658073
0.528 3.658073
0.536 3.658073
0.544 3.658073
0.552 3.658073
0.560 3.658073
0.568 3.658073
0.576 3.658073
0.584 3.658073
0.592 3.658073
0.600 3.658073
0.608 3.658073
0.616 3.658073
0.624 3.658073
0.632 3.658073
0.640 3.658073
0.648 3.658073
0.656 3.658073
0.664 3.658073
0.672 3.658073
0.680 3.658073
0.688 3.658073
0.696 3.658073
0.704 3.658073
0.712 3.658073
0.720 3.658073
0.728 3.658073
0.736 3.658073
0.744 3.658073
0.752 3.658073
0.760 3.658073
0.768 3.658073
0.776 3.658073
0.784 3.658073
0.792 3.658073
0.800 3.658073
0.808 3.658073
0.816 3.658073
0.824 3.658073
0.832 3.658073
0.840 3.658073
0.848 3.658073
0.856 3.658073
0.864 3.658073
0.872 3.658073
0.880 3.658073
0.888 3.658073
0.896 3.658073
0.904 3.658073
0.912 3.658073
0.920 3.658073
0.928 3.658073
0.936 3.658073
0.944 3.658073
0.952 3.658073
0.960 3.658073
0.968 3.658073
0.976 3.658073
0.984 3.658073
0.992 3.658073
1.000 3.658073
1.008 3.658073
1.016 3.658073
1.024 3.658073
1.032 3.658073
1.040 3.658073
1.048 3.658073
1.056 3.658073
1.064 3.658073
1.072 3.658073
1.080 3.658073
1.088 3.658073
1.096 3.658073
1.104 3.658073
1.112 3.658073
1.120 3.658073
1.128 3.658073
1.136 3.658073
1.144 3.658073
1.152 3.658073
1.160 3.658073
1.168 3.658073
1.176 3.658073
1.184 3.658073
1.192 3.658073
1.200 3.658073
1.208 3.658073
1.216 3.658073
1.224 3.658073
1.232 3.658073
1.240 3.658073
1.248 3.658073
1.256 3.658073
1.264 3.658073
1.272 3.658073
1.280 3.658073
1.288 3.658073
1.296 3.658073
1.304 3.658073
1.312 3.658073
1.320 3.658073
1.328 3.658073
1.336 3.658073
1.344 3.658073
1.352 3.658073
1.360 3.658073
1.368 3.658073
1.376 3.658073
1.384 3.658073
1.392 3.658073
1.400 3.658073
1.408 3.658073
1.416 3.658073
1.424 3.658073
1.432 3.658073
1.440 3.658073
1.448 3.658073
1.456 3.658073
1.464 3.658073
1.472 3.658073
1.480 3.658073
1.488 3.658073
1.496 3.658073
1.504 3.658073
1.512 3.658073
1.520 3.658073
1.528 3.658073
1.536 3.658073
1.544 3.658073
1.552 3.658073
1.560 3.658073
1.568 3.658073
1.576 3.658073
1.584 3.658073
1.592 3.658073
1.600 3.658073
1.608 3.658073
1.616 3.658073
1.624 3.658073
1.632 3.658073
1.640 3.658073
1.648 3.658073
1.656 3.658073
1.664 3.658073
1.672 3.658073
1.680 3.658073
1.688 3.658073
1.696 3.658073
1.704 3.658073
1.712 3.658073
1.720 3.658073
1.728 3.658073
1.736 3.658073
1.744 3.658073
1.752 3.658073
1.760 3.658073
1.768 3.658073
1.776 3.658073
1.784 3.658073
1.792 3.658073
1.800 3.658073
1.808 3.658073
1.816 3.658073
1.824 3.658073
1.832 3.658073
1.840 3.658073
1.848 3.658073
1.856 3.658073
1.864 3.658073
1.872 3.658073
1.880 3.658073
1.888 3.658073
1.896 3.658073
1.904 3.658073
1.912 3.658073
1.920 3.658073
1.928 3.658073
1.936 3.658073
1.944 3.658073
1.952 3.658073
1.960 3.658073
1.968 3.658073
1.976 3.658073
1.984 3.658073
1.992 3.658073
2.000 3.658073
2.008 3.658073
2.016 3.658073
2.024 3.658073
2.032 3.658073
2.040 3.658073
2.048 3.658073
2.056 3.658073
2.064 3.658073
2.072 3.658073
2.080 3.658073
2.088 3.658073
2.096 3.658073
2.104 3.658073
2.112 3.658073
2.120 3.658073
2.128 3.658073
2.136 3.658073
2.144 3.658073
2.152 3.658073
2.160 3.658073
2.168 3.658073
2.176 3.658073
2.184 3.658073
2.192 3.658073
2.200 3.658073
2.208 3.658073
2.216 3.658073
2.224 3.658073
2.232 3.658073
2.240 3.658073
2.248 3.658073
2.256 3.658073
2.264 3.658073
2.272 3.658073
2.280 3.658073
2.288 3.658073
2.296 3.658073
2.304 3.658073
2.312 3.658073
2.320 3.658073
2.328 3.658073
2.336 3.658073
2.344 3.658073
2.352 3.658073
2.360 3.658073
2.368 3.658073
2.376 3.658073
2.384 3.658073
2.392 3.658073
2.400 3.658073
2.408 3.658073
2.416 3.658073
2.424 3.658073
2.432 3.658073
2.440 3.658073
2.448 3.658073
2.456 3.658073
2.464 3.658073
2.472 3.658073
2.480 3.658073
2.488 3.658073
2.496 3.658073
2.504 3.658073
2.512 3.658073
2.520 3.658073
2.528 3.658073
2.536 3.658073
2.544 3.658073
2.552 3.658073
2.560 3.658073
2.568 3.658073
2.576 3.658073
2.584 3.658073
2.592 3.658073
2.600 3.658073
2.608 3.658073
2.616 3.658073
2.624 3.658073
2.632 3.658073
2.640 3.658073
2.648 3.658073
2.656 3.658073
2.664 3.658073
2.672 3.658073
2.680 3.658073
2.688 3.658073
2.696 3.658073
2.704 3.658073
2.712 3.658073
2.720 3.658073
2.728 3.658073
2.736 3.658073
2.744 3.658073
2.752 3.658073
2.760 3.658073
2.768 3.658073
2.776 3.658073
2.784 3.658073
2.792 3.658073
2.800 3.658073
2.808 3.658073
2.816 3.658073
2.824 3.658073
2.832 3.658073
2.840 3.658073
2.848 3.658073
2.856 3.658073
2.864 3.658073
2.872 3.658073
2.880 3.658073
2.888 3.658073
2.896 3.658073
2.904 3.658073
2.912 3.658073
2.920 3.658073
2.928 3.658073
2.936 3.658073
2.944 3.658073
2.952 3.658073
2.960 3.658073
2.968 3.658073
2.976 3.658073
2.984 3.658073
2.992 3.658073
3.000 3.658073
3.008 3.658073
3.016 3.658073
3.024 3.658073
3.032 3.658073
3.040 3.658073
3.048 3.658073
3.056 3.658073
3.064 3.658073
3.072 3.658073
3.080 3.658073
3.088 3.658073
3.096 3.658073
3.104 3.658073
3.112 3.658073
3.120 3.658073
3.128 3.658073
3.136 3.658073
3.144 3.658073
3.152 3.658073
3.160 3.658073
3.168 3.658073
3.170 3.658073
