0.000 -0.100633
0.002 -0.100633
0.004 -0.100631
0.006 -0.100629
0.008 -0.100627
0.010 -0.100623
0.012 -0.100619
0.014 -0.100613
0.016 -0.100607
0.018 -0.100601
0.020 -0.100593
0.022 -0.100585
0.024 -0.100575
0.026 -0.100565
0.028 -0.100555
0.030 -0.100543
0.032 -0.100531
0.034 -0.100517
0.036 -0.100503
0.038 -0.100489
0.040 -0.100473
0.042 -0.100457
0.044 -0.100439
0.046 -0.100421
0.048 -0.100403
0.050 -0.100383
0.052 -0.100363
0.054 -0.100341
0.056 -0.100319
0.058 -0.100297
0.060 -0.100273
0.062 -0.100249
0.064 -0.100223
0.066 -0.100197
0.068 -0.100171
0.070 -0.100143
0.072 -0.100115
0.074 -0.100085
0.076 -0.100055
0.078 -0.100025
0.080 -0.099961
0.082 -0.099961
0.084 -0.099927
0.086 -0.099893
0.088 -0.099859
0.090 -0.099823
0.092 -0.099787
0.094 -0.099749
0.096 -0.099711
0.098 -0.099673
0.100 -0.099633
0.102 -0.099593
0.104 -0.099551
0.106 -0.099509
0.108 -0.099467
0.110 -0.099423
0.112 -0.099379
0.114 -0.099333
0.116 -0.099287
0.118 -0.099241
0.120 -0.099193
0.122 -0.099145
0.124 -0.099095
0.126 -0.099045
0.128 -0.098995
0.130 -0.098943
0.132 -0.098891
0.134 -0.098837
0.136 -0.098783
0.138 -0.098729
0.140 -0.098673
0.142 -0.098617
0.144 -0.098559
0.146 -0.098443
0.148 -0.098443
0.150 -0.098383
0.152 -0.098323
0.154 -0.098261
0.156 -0.098199
0.158 -0.098137
0.160 -0.098073
0.162 -0.098009
0.164 -0.097811
0.166 -0.097743
0.168 -0.097743
0.170 -0.097743
0.172 -0.097675
0.174 -0.097605
0.176 -0.097535
0.178 -0.097465
0.180 -0.097393
0.182 -0.097321
0.184 -0.097247
0.186 -0.097173
0.188 -0.097099
0.190 -0.096947
0.192 -0.096947
0.194 -0.096869
0.196 -0.096791
0.198 -0.096713
0.200 -0.096633
0.202 -0.096553
0.204 -0.096471
0.206 -0.096389
0.208 -0.096307
0.210 -0.096223
0.212 -0.096139
0.214 -0.096053
0.216 -0.095967
0.218 -0.095881
0.220 -0.095793
0.222 -0.095705
0.224 -0.095615
0.226 -0.095525
0.228 -0.095435
0.230 -0.095343
0.232 -0.095251
0.234 -0.095157
0.236 -0.095063
0.238 -0.094969
0.240 -0.094873
0.242 -0.094777
0.244 -0.094679
0.246 -0.094581
0.248 -0.094483
0.250 -0.094383
0.252 -0.094283
0.254 -0.094181
0.256 -0.094079
0.258 -0.093977
0.260 -0.093873
0.262 -0.093769
0.264 -0.093663
0.266 -0.093557
0.268 -0.093451
0.270 -0.093343
0.272 -0.093235
0.274 -0.093125
0.276 -0.093015
0.278 -0.092905
0.280 -0.092793
0.282 -0.092681
0.284 -0.092567
0.286 -0.092453
0.288 -0.092339
0.290 -0.092223
0.292 -0.092107
0.294 -0.091989
0.296 -0.091871
0.298 -0.091753
0.300 -0.091633
0.302 -0.091513
0.304 -0.091391
0.306 -0.091269
0.308 -0.091147
0.310 -0.091023
0.312 -0.090899
0.314 -0.090773
0.316 -0.090647
0.318 -0.090393
0.320 -0.090393
0.322 -0.090265
0.324 -0.090135
0.326 -0.090005
0.328 -0.089875
0.330 -0.089743
0.332 -0.089611
0.334 -0.089477
0.336 -0.089343
0.338 -0.089209
0.340 -0.089073
0.342 -0.088937
0.344 -0.088799
0.346 -0.088661
0.348 -0.088523
0.350 -0.088383
0.352 -0.088243
0.354 -0.088101
0.356 -0.087959
0.358 -0.087817
0.360 -0.087673
0.362 -0.087529
0.364 -0.087383
0.366 -0.087237
0.368 -0.087091
0.370 -0.086943
0.372 -0.086795
0.374 -0.086645
0.376 -0.086495
0.378 -0.086345
0.380 -0.086193
0.382 -0.086041
0.384 -0.085887
0.386 -0.085733
0.388 -0.085579
0.390 -0.085423
0.392 -0.085267
0.394 -0.085109
0.396 -0.084951
0.398 -0.084793
0.400 -0.084633
0.402 -0.084473
0.404 -0.084311
0.406 -0.084149
0.408 -0.083987
0.410 -0.083823
0.412 -0.083659
0.414 -0.083493
0.416 -0.083327
0.418 -0.083161
0.420 -0.082993
0.422 -0.082825
0.424 -0.082655
0.426 -0.082485
0.428 -0.082315
0.430 -0.082143
0.432 -0.081971
0.434 -0.081797
0.436 -0.081623
0.438 -0.081449
0.440 -0.081273
0.442 -0.081097
0.444 -0.080919
0.446 -0.080741
0.448 -0.080563
0.450 -0.080383
0.452 -0.080203
0.454 -0.080021
0.456 -0.079839
0.458 -0.079657
0.460 -0.079473
0.462 -0.079289
0.464 -0.079103
0.466 -0.078917
0.468 -0.078731
0.470 -0.078543
0.472 -0.078355
0.474 -0.078165
0.476 -0.077975
0.478 -0.077785
0.480 -0.077593
0.482 -0.077401
0.484 -0.077207
0.486 -0.077013
0.488 -0.076819
0.490 -0.076623
0.492 -0.076427
0.494 -0.076229
0.496 -0.076031
0.498 -0.075833
0.500 -0.075633
0.502 -0.075433
0.504 -0.075231
0.506 -0.075029
0.508 -0.074827
0.510 -0.074623
0.512 -0.074419
0.514 -0.074213
0.516 -0.074007
0.518 -0.073801
0.520 -0.073593
0.522 -0.073385
0.524 -0.073175
0.526 -0.072965
0.528 -0.072755
0.530 -0.072543
0.532 -0.072331
0.534 -0.072117
0.536 -0.071903
0.538 -0.071689
0.540 -0.071689
0.542 -0.071473
0.544 -0.071039
0.546 -0.070821
0.548 -0.070603
0.550 -0.070383
0.552 -0.070163
0.554 -0.069941
0.556 -0.069719
0.558 -0.069497
0.560 -0.069273
0.562 -0.069049
0.564 -0.068823
0.566 -0.068597
0.568 -0.068371
0.570 -0.068143
0.572 -0.067455
0.574 -0.067225
0.576 -0.066761
0.578 -0.066761
0.580 -0.066761
0.582 -0.066761
0.584 -0.066527
0.586 -0.066293
0.588 -0.066059
0.590 -0.065823
0.592 -0.065587
0.594 -0.065349
0.596 -0.065111
0.598 -0.064393
0.600 -0.064151
0.602 -0.064151
0.604 -0.063909
0.606 -0.063909
0.608 -0.063667
0.610 -0.063423
0.612 -0.063179
0.614 -0.062933
0.616 -0.062687
0.618 -0.062441
0.620 -0.062193
0.622 -0.061945
0.624 -0.061695
0.626 -0.061445
0.628 -0.061195
0.630 -0.060943
0.632 -0.060691
0.634 -0.060437
0.636 -0.060183
0.638 -0.059929
0.640 -0.059673
0.642 -0.059417
0.644 -0.059159
0.646 -0.058901
0.648 -0.058643
0.650 -0.058383
0.652 -0.058123
0.654 -0.057861
0.656 -0.057599
0.658 -0.057337
0.660 -0.057073
0.662 -0.056809
0.664 -0.056543
0.666 -0.056277
0.668 -0.056011
0.670 -0.055743
0.672 -0.055205
0.674 -0.055205
0.676 -0.054935
0.678 -0.054665
0.680 -0.054393
0.682 -0.054121
0.684 -0.053847
0.686 -0.053573
0.688 -0.053299
0.690 -0.053023
0.692 -0.052747
0.694 -0.052469
0.696 -0.052191
0.698 -0.051913
0.700 -0.051633
0.702 -0.051353
0.704 -0.051071
0.706 -0.050789
0.708 -0.050507
0.710 -0.050223
0.712 -0.049939
0.714 -0.049653
0.716 -0.049367
0.718 -0.049081
0.720 -0.048793
0.722 -0.048505
0.724 -0.048215
0.726 -0.047925
0.728 -0.047635
0.730 -0.047343
0.732 -0.047051
0.734 -0.046757
0.736 -0.046463
0.738 -0.046169
0.740 -0.045873
0.742 -0.045577
0.744 -0.045279
0.746 -0.044981
0.748 -0.044683
0.750 -0.044383
0.752 -0.044083
0.754 -0.043781
0.756 -0.043479
0.758 -0.043177
0.760 -0.042873
0.762 -0.042569
0.764 -0.042263
0.766 -0.041957
0.768 -0.041651
0.770 -0.041343
0.772 -0.040725
0.774 -0.040415
0.776 -0.040415
0.778 -0.040105
0.780 -0.039793
0.782 -0.039481
0.784 -0.039167
0.786 -0.038853
0.788 -0.038853
0.790 -0.038223
0.792 -0.037907
0.794 -0.037589
0.796 -0.037271
0.798 -0.036953
0.800 -0.036633
0.802 -0.036313
0.804 -0.035991
0.806 -0.035669
0.808 -0.035347
0.810 -0.035023
0.812 -0.034699
0.814 -0.034373
0.816 -0.034047
0.818 -0.033721
0.820 -0.033393
0.822 -0.033065
0.824 -0.032735
0.826 -0.032405
0.828 -0.032075
0.830 -0.031743
0.832 -0.031411
0.834 -0.031077
0.836 -0.030743
0.838 -0.030409
0.840 -0.030073
0.842 -0.029737
0.844 -0.029399
0.846 -0.029061
0.848 -0.028723
0.850 -0.028383
0.852 -0.028043
0.854 -0.027701
0.856 -0.027359
0.858 -0.027017
0.860 -0.026673
0.862 -0.026329
0.864 -0.025983
0.866 -0.025637
0.868 -0.025291
0.870 -0.024943
0.872 -0.024595
0.874 -0.024245
0.876 -0.023895
0.878 -0.023545
0.880 -0.023193
0.882 -0.022841
0.884 -0.022487
0.886 -0.022133
0.888 -0.021779
0.890 -0.021423
0.892 -0.021067
0.894 -0.020709
0.896 -0.020351
0.898 -0.019993
0.900 -0.019633
0.902 -0.019273
0.904 -0.018911
0.906 -0.018549
0.908 -0.018187
0.910 -0.017823
0.912 -0.017459
0.914 -0.017093
0.916 -0.016727
0.918 -0.016361
0.920 -0.015993
0.922 -0.015625
0.924 -0.015255
0.926 -0.014885
0.928 -0.014515
0.930 -0.014143
0.932 -0.013771
0.934 -0.013397
0.936 -0.013023
0.938 -0.012649
0.940 -0.012273
0.942 -0.011897
0.944 -0.011519
0.946 -0.011141
0.948 -0.010763
0.950 -0.010383
0.952 -0.010003
0.954 -0.009621
0.956 -0.009239
0.958 -0.008857
0.960 -0.008473
0.962 -0.008089
0.964 -0.007703
0.966 -0.007317
0.968 -0.006931
0.970 -0.006543
0.972 -0.006155
0.974 -0.005765
0.976 -0.005375
0.978 -0.004985
0.980 -0.004593
0.982 -0.004201
0.984 -0.003807
0.986 -0.003413
0.988 -0.003019
0.990 -0.002623
0.992 -0.002227
0.994 -0.001829
0.996 -0.001431
0.998 -0.001033
1.000 -0.000633
1.002 -0.000233
1.004 0.000169
1.006 0.000571
1.008 0.000973
1.010 0.001377
1.012 0.001781
1.014 0.002187
1.016 0.002593
1.018 0.002999
1.020 0.003407
1.022 0.003815
1.024 0.004225
1.026 0.004635
1.028 0.005045
1.030 0.005457
1.032 0.006697
1.034 0.006697
1.036 0.006697
1.038 0.007111
1.040 0.007527
1.042 0.007943
1.044 0.008361
1.046 0.008779
1.048 0.009197
1.050 0.009617
1.052 0.010037
1.054 0.010459
1.056 0.010881
1.058 0.011303
1.060 0.011727
1.062 0.012151
1.064 0.012577
1.066 0.013857
1.068 0.013857
1.070 0.013857
1.072 0.014285
1.074 0.014715
1.076 0.015145
1.078 0.015575
1.080 0.016007
1.082 0.016439
1.084 0.016873
1.086 0.016873
1.088 0.017741
1.090 0.018177
1.092 0.018613
1.094 0.019051
1.096 0.019489
1.098 0.019927
1.100 0.021691
1.102 0.021691
1.104 0.021691
1.106 0.021691
1.108 0.022133
1.110 0.022577
1.112 0.023021
1.114 0.023467
1.116 0.023913
1.118 0.024359
1.120 0.024807
1.122 0.025255
1.124 0.025705
1.126 0.026155
1.128 0.026605
1.130 0.027057
1.132 0.027509
1.134 0.027963
1.136 0.028417
1.138 0.028871
1.140 0.029327
1.142 0.029783
1.144 0.030241
1.146 0.030699
1.148 0.031157
1.150 0.031617
1.152 0.032077
1.154 0.032539
1.156 0.033001
1.158 0.033463
1.160 0.033927
1.162 0.034391
1.164 0.034857
1.166 0.035323
1.168 0.035323
1.170 0.035323
1.172 0.035789
1.174 0.037195
1.176 0.037665
1.178 0.038135
1.180 0.038607
1.182 0.039079
1.184 0.039553
1.186 0.040027
1.188 0.040501
1.190 0.040977
1.192 0.041453
1.194 0.041931
1.196 0.042409
1.198 0.042887
1.200 0.043367
1.202 0.043847
1.204 0.044329
1.206 0.044811
1.208 0.045293
1.210 0.045777
1.212 0.046261
1.214 0.046747
1.216 0.047233
1.218 0.047719
1.220 0.048207
1.222 0.048695
1.224 0.049185
1.226 0.049675
1.228 0.050165
1.230 0.050657
1.232 0.051149
1.234 0.051643
1.236 0.052137
1.238 0.052631
1.240 0.053127
1.242 0.053623
1.244 0.054121
1.246 0.054619
1.248 0.055117
1.250 0.055617
1.252 0.056117
1.254 0.056619
1.256 0.057121
1.258 0.057623
1.260 0.058127
1.262 0.058631
1.264 0.059137
1.266 0.059643
1.268 0.059643
1.270 0.059643
1.272 0.059643
1.274 0.061675
1.276 0.062185
1.278 0.062695
1.280 0.063207
1.282 0.063719
1.284 0.064233
1.286 0.064747
1.288 0.065261
1.290 0.065777
1.292 0.066293
1.294 0.066811
1.296 0.067329
1.298 0.067847
1.300 0.068367
1.302 0.068887
1.304 0.069409
1.306 0.069931
1.308 0.070453
1.310 0.070977
1.312 0.071501
1.314 0.072027
1.316 0.072553
1.318 0.073079
1.320 0.073607
1.322 0.074135
1.324 0.074665
1.326 0.075195
1.328 0.075725
1.330 0.076257
1.332 0.076789
1.334 0.077323
1.336 0.077857
1.338 0.078391
1.340 0.078927
1.342 0.079463
1.344 0.080001
1.346 0.080539
1.348 0.081077
1.350 0.081617
1.352 0.082157
1.354 0.082699
1.356 0.083241
1.358 0.083783
1.360 0.084327
1.362 0.084871
1.364 0.085417
1.366 0.085963
1.368 0.086509
1.370 0.087057
1.372 0.087605
1.374 0.088155
1.376 0.088705
1.378 0.089255
1.380 0.089807
1.382 0.090359
1.384 0.090913
1.386 0.091467
1.388 0.092021
1.390 0.092577
1.392 0.093133
1.394 0.093691
1.396 0.094249
1.398 0.094807
1.400 0.095367
1.402 0.095927
1.404 0.096489
1.406 0.097051
1.408 0.097613
1.410 0.098177
1.412 0.098741
1.414 0.099307
1.416 0.099307
1.418 0.100439
1.420 0.101007
1.422 0.101575
1.424 0.102145
1.426 0.102715
1.428 0.103285
1.430 0.103857
1.432 0.104429
1.434 0.105003
1.436 0.105577
1.438 0.107303
1.440 0.107303
1.442 0.107303
1.444 0.107881
1.446 0.108459
1.448 0.109037
1.450 0.109617
1.452 0.110197
1.454 0.110779
1.456 0.111361
1.458 0.111943
1.460 0.112527
1.462 0.113111
1.464 0.113697
1.466 0.114283
1.468 0.114869
1.470 0.115457
1.472 0.116045
1.474 0.116635
1.476 0.117225
1.478 0.117815
1.480 0.118407
1.482 0.118999
1.484 0.119593
1.486 0.120187
1.488 0.120781
1.490 0.121377
1.492 0.121973
1.494 0.122571
1.496 0.123169
1.498 0.123767
1.500 0.124367
1.502 0.124967
1.504 0.125567
1.506 0.126167
1.508 0.126767
1.510 0.127367
1.512 0.127967
1.514 0.128567
1.516 0.129167
1.518 0.129767
1.520 0.130367
1.522 0.130967
1.524 0.131567
1.526 0.132167
1.528 0.132767
1.530 0.133367
1.532 0.133967
1.534 0.134567
1.536 0.135167
1.538 0.135767
1.540 0.136367
1.542 0.136967
1.544 0.137567
1.546 0.138167
1.548 0.138767
1.550 0.139367
1.552 0.139967
1.554 0.140567
1.556 0.141167
1.558 0.141767
1.560 0.142367
1.562 0.142967
1.564 0.143567
1.566 0.144167
1.568 0.144767
1.570 0.145367
1.572 0.145967
1.574 0.146567
1.576 0.147167
1.578 0.147767
1.580 0.148367
1.582 0.148967
1.584 0.149567
1.586 0.150167
1.588 0.150767
1.590 0.151367
1.592 0.151967
1.594 0.151967
1.596 0.153167
1.598 0.153767
1.600 0.154967
1.602 0.156167
1.604 0.156167
1.606 0.156167
1.608 0.156767
1.610 0.157367
1.612 0.157967
1.614 0.158567
1.616 0.159167
1.618 0.159767
1.620 0.160367
1.622 0.160967
1.624 0.161567
1.626 0.162167
1.628 0.162767
1.630 0.163367
1.632 0.163967
1.634 0.164567
1.636 0.165167
1.638 0.165767
1.640 0.166367
1.642 0.167567
1.644 0.167567
1.646 0.168167
1.648 0.168767
1.650 0.169367
1.652 0.169967
1.654 0.170567
1.656 0.171167
1.658 0.171767
1.660 0.172367
1.662 0.172967
1.664 0.173567
1.666 0.174167
1.668 0.174767
1.670 0.175367
1.672 0.175966
1.674 0.176564
1.676 0.177162
1.678 0.177759
1.680 0.178354
1.682 0.178950
1.684 0.179544
1.686 0.180137
1.688 0.180730
1.690 0.181322
1.692 0.181913
1.694 0.182503
1.696 0.183093
1.698 0.183682
1.700 0.184270
1.702 0.184857
1.704 0.185443
1.706 0.186029
1.708 0.186613
1.710 0.187197
1.712 0.187780
1.714 0.188363
1.716 0.188944
1.718 0.189525
1.720 0.190105
1.722 0.190684
1.724 0.191262
1.726 0.191840
1.728 0.192416
1.730 0.192992
1.732 0.193567
1.734 0.194142
1.736 0.194715
1.738 0.195288
1.740 0.195860
1.742 0.196431
1.744 0.197001
1.746 0.197571
1.748 0.198139
1.750 0.198707
1.752 0.199274
1.754 0.199841
1.756 0.200406
1.758 0.200971
1.760 0.201535
1.762 0.202098
1.764 0.202660
1.766 0.203222
1.768 0.203783
1.770 0.204342
1.772 0.206017
1.774 0.206017
1.776 0.206017
1.778 0.206574
1.780 0.207130
1.782 0.207685
1.784 0.208239
1.786 0.208793
1.788 0.209346
1.790 0.209898
1.792 0.210449
1.794 0.210999
1.796 0.211549
1.798 0.212097
1.800 0.213192
1.802 0.213192
1.804 0.213739
1.806 0.214284
1.808 0.214829
1.810 0.215373
1.812 0.215916
1.814 0.216458
1.816 0.217000
1.818 0.217540
1.820 0.218080
1.822 0.218619
1.824 0.219158
1.826 0.219695
1.828 0.220232
1.830 0.220768
1.832 0.221303
1.834 0.221837
1.836 0.222371
1.838 0.222903
1.840 0.223435
1.842 0.223966
1.844 0.224497
1.846 0.225026
1.848 0.226083
1.850 0.226083
1.852 0.226610
1.854 0.227136
1.856 0.227662
1.858 0.228187
1.860 0.228710
1.862 0.229234
1.864 0.229756
1.866 0.230277
1.868 0.230798
1.870 0.231318
1.872 0.231837
1.874 0.232355
1.876 0.232873
1.878 0.233390
1.880 0.233906
1.882 0.234421
1.884 0.234935
1.886 0.235448
1.888 0.235961
1.890 0.236473
1.892 0.236984
1.894 0.237495
1.896 0.238004
1.898 0.238513
1.900 0.239021
1.902 0.240540
1.904 0.240540
1.906 0.240540
1.908 0.241044
1.910 0.241548
1.912 0.242051
1.914 0.242554
1.916 0.243055
1.918 0.243556
1.920 0.244056
1.922 0.244555
1.924 0.245053
1.926 0.245551
1.928 0.246047
1.930 0.246543
1.932 0.247038
1.934 0.247533
1.936 0.248026
1.938 0.248519
1.940 0.249011
1.942 0.249502
1.944 0.249992
1.946 0.250482
1.948 0.250971
1.950 0.251458
1.952 0.251946
1.954 0.252917
1.956 0.252917
1.958 0.253402
1.960 0.253886
1.962 0.254369
1.964 0.254851
1.966 0.256294
1.968 0.256294
1.970 0.256294
1.972 0.256773
1.974 0.257251
1.976 0.257728
1.978 0.258205
1.980 0.258681
1.982 0.259156
1.984 0.259630
1.986 0.260104
1.988 0.260577
1.990 0.261049
1.992 0.261520
1.994 0.261990
1.996 0.262460
1.998 0.262928
2.000 0.263396
2.002 0.263863
2.004 0.264330
2.006 0.264795
2.008 0.265260
2.010 0.265724
2.012 0.266187
2.014 0.266649
2.016 0.267111
2.018 0.267571
2.020 0.268031
2.022 0.268490
2.024 0.268949
2.026 0.269406
2.028 0.269863
2.030 0.270319
2.032 0.270774
2.034 0.271228
2.036 0.271682
2.038 0.272134
2.040 0.272586
2.042 0.273038
2.044 0.273488
2.046 0.273937
2.048 0.274386
2.050 0.274834
2.052 0.275281
2.054 0.275727
2.056 0.276173
2.058 0.276618
2.060 0.277061
2.062 0.277505
2.064 0.277947
2.066 0.278388
2.068 0.278829
2.070 0.279269
2.072 0.280146
2.074 0.280146
2.076 0.280584
2.078 0.281021
2.080 0.281457
2.082 0.281892
2.084 0.282326
2.086 0.282760
2.088 0.283192
2.090 0.283624
2.092 0.284055
2.094 0.284486
2.096 0.284915
2.098 0.285344
2.100 0.285772
2.102 0.286199
2.104 0.286625
2.106 0.287051
2.108 0.287475
2.110 0.287899
2.112 0.288322
2.114 0.288745
2.116 0.289166
2.118 0.289587
2.120 0.290007
2.122 0.290426
2.124 0.290844
2.126 0.291262
2.128 0.291678
2.130 0.292094
2.132 0.292509
2.134 0.292924
2.136 0.293337
2.138 0.293750
2.140 0.294162
2.142 0.294573
2.144 0.294983
2.146 0.295393
2.148 0.295802
2.150 0.296209
2.152 0.296617
2.154 0.297023
2.156 0.297428
2.158 0.297833
2.160 0.298237
2.162 0.298640
2.164 0.299042
2.166 0.299444
2.168 0.299845
2.170 0.300245
2.172 0.301836
2.174 0.301836
2.176 0.301836
2.178 0.301836
2.180 0.302232
2.182 0.302627
2.184 0.303022
2.186 0.303415
2.188 0.303808
2.190 0.304200
2.192 0.304591
2.194 0.304981
2.196 0.305371
2.198 0.305759
2.200 0.306147
2.202 0.306147
2.204 0.306921
2.206 0.307306
2.208 0.307691
2.210 0.308075
2.212 0.308458
2.214 0.308840
2.216 0.309222
2.218 0.309602
2.220 0.309982
2.222 0.310361
2.224 0.310740
2.226 0.311117
2.228 0.311494
2.230 0.311870
2.232 0.312245
2.234 0.312619
2.236 0.312993
2.238 0.313366
2.240 0.313737
2.242 0.314109
2.244 0.314479
2.246 0.314848
2.248 0.315217
2.250 0.315585
2.252 0.315952
2.254 0.316318
2.256 0.316684
2.258 0.317049
2.260 0.317413
2.262 0.317776
2.264 0.318138
2.266 0.318499
2.268 0.318860
2.270 0.319220
2.272 0.319579
2.274 0.319938
2.276 0.320295
2.278 0.320652
2.280 0.321008
2.282 0.321363
2.284 0.321717
2.286 0.322071
2.288 0.322423
2.290 0.322775
2.292 0.323126
2.294 0.323477
2.296 0.323826
2.298 0.324175
2.300 0.324523
2.302 0.324870
2.304 0.325562
2.306 0.325562
2.308 0.325906
2.310 0.326250
2.312 0.326593
2.314 0.326936
2.316 0.327277
2.318 0.327618
2.320 0.327958
2.322 0.328297
2.324 0.328635
2.326 0.328973
2.328 0.329310
2.330 0.329645
2.332 0.329981
2.334 0.330315
2.336 0.330648
2.338 0.330981
2.340 0.331313
2.342 0.331644
2.344 0.331974
2.346 0.332304
2.348 0.332633
2.350 0.332961
2.352 0.333288
2.354 0.333614
2.356 0.333939
2.358 0.334264
2.360 0.334588
2.362 0.334911
2.364 0.335233
2.366 0.335555
2.368 0.335876
2.370 0.336196
2.372 0.336515
2.374 0.336833
2.376 0.337151
2.378 0.337467
2.380 0.337783
2.382 0.338098
2.384 0.338413
2.386 0.338726
2.388 0.339039
2.390 0.339351
2.392 0.339662
2.394 0.339972
2.396 0.340282
2.398 0.340590
2.400 0.340898
2.402 0.341205
2.404 0.341512
2.406 0.341817
2.408 0.342122
2.410 0.342426
2.412 0.342729
2.414 0.343031
2.416 0.343333
2.418 0.343633
2.420 0.343933
2.422 0.344233
2.424 0.344531
2.426 0.344828
2.428 0.345125
2.430 0.345421
2.432 0.345716
2.434 0.346010
2.436 0.346304
2.438 0.347470
2.440 0.347470
2.442 0.347470
2.444 0.347470
2.446 0.347759
2.448 0.348048
2.450 0.348336
2.452 0.348623
2.454 0.348909
2.456 0.349195
2.458 0.349480
2.460 0.349764
2.462 0.350047
2.464 0.350329
2.466 0.350611
2.468 0.351729
2.470 0.351729
2.472 0.351729
2.474 0.352006
2.476 0.352006
2.478 0.352283
2.480 0.352559
2.482 0.352834
2.484 0.353108
2.486 0.353382
2.488 0.353654
2.490 0.353926
2.492 0.354197
2.494 0.354468
2.496 0.354737
2.498 0.355006
2.500 0.355274
2.502 0.355541
2.504 0.355807
2.506 0.356337
2.508 0.356337
2.510 0.356601
2.512 0.356864
2.514 0.357127
2.516 0.357388
2.518 0.357649
2.520 0.357909
2.522 0.358168
2.524 0.358426
2.526 0.358684
2.528 0.358941
2.530 0.359196
2.532 0.359452
2.534 0.359706
2.536 0.359959
2.538 0.360464
2.540 0.360464
2.542 0.360715
2.544 0.360965
2.546 0.361215
2.548 0.361464
2.550 0.361712
2.552 0.361959
2.554 0.362205
2.556 0.362451
2.558 0.362695
2.560 0.362939
2.562 0.363182
2.564 0.363425
2.566 0.363666
2.568 0.363907
2.570 0.364147
2.572 0.364386
2.574 0.364624
2.576 0.364862
2.578 0.365098
2.580 0.365334
2.582 0.365569
2.584 0.365804
2.586 0.366037
2.588 0.366270
2.590 0.366502
2.592 0.366733
2.594 0.366963
2.596 0.367193
2.598 0.367421
2.600 0.367649
2.602 0.367876
2.604 0.368103
2.606 0.368328
2.608 0.368553
2.610 0.368777
2.612 0.369000
2.614 0.369222
2.616 0.369444
2.618 0.369665
2.620 0.369884
2.622 0.370104
2.624 0.370322
2.626 0.370539
2.628 0.370756
2.630 0.370972
2.632 0.371187
2.634 0.371401
2.636 0.371615
2.638 0.371828
2.640 0.372040
2.642 0.372251
2.644 0.372461
2.646 0.372670
2.648 0.372879
2.650 0.373087
2.652 0.373294
2.654 0.373501
2.656 0.373706
2.658 0.373911
2.660 0.374115
2.662 0.374318
2.664 0.374520
2.666 0.374722
2.668 0.374922
2.670 0.374922
2.672 0.375717
2.674 0.375717
2.676 0.375717
2.678 0.375914
2.680 0.376110
2.682 0.376305
2.684 0.376499
2.686 0.376693
2.688 0.376885
2.690 0.377077
2.692 0.377268
2.694 0.377459
2.696 0.377648
2.698 0.377837
2.700 0.378025
2.702 0.378212
2.704 0.378398
2.706 0.378584
2.708 0.378584
2.710 0.378952
2.712 0.379136
2.714 0.379318
2.716 0.379499
2.718 0.379680
2.720 0.379860
2.722 0.380039
2.724 0.380217
2.726 0.380395
2.728 0.380572
2.730 0.380748
2.732 0.380923
2.734 0.381097
2.736 0.381270
2.738 0.381443
2.740 0.381615
2.742 0.381786
2.744 0.381957
2.746 0.382126
2.748 0.382295
2.750 0.382463
2.752 0.382630
2.754 0.382796
2.756 0.382962
2.758 0.383126
2.760 0.383290
2.762 0.383453
2.764 0.383616
2.766 0.383777
2.768 0.383938
2.770 0.384098
2.772 0.384257
2.774 0.384415
2.776 0.384573
2.778 0.384729
2.780 0.384885
2.782 0.385040
2.784 0.385195
2.786 0.385348
2.788 0.385501
2.790 0.385653
2.792 0.385804
2.794 0.385954
2.796 0.386104
2.798 0.386252
2.800 0.386400
2.802 0.386548
2.804 0.386694
2.806 0.386839
2.808 0.386984
2.810 0.387271
2.812 0.387271
2.814 0.387413
2.816 0.387555
2.818 0.387696
2.820 0.387836
2.822 0.387975
2.824 0.388113
2.826 0.388250
2.828 0.388387
2.830 0.388523
2.832 0.388658
2.834 0.388792
2.836 0.388926
2.838 0.389059
2.840 0.389191
2.842 0.389322
2.844 0.389452
2.846 0.389582
2.848 0.389710
2.850 0.389838
2.852 0.389965
2.854 0.390092
2.856 0.390217
2.858 0.390342
2.860 0.390466
2.862 0.390589
2.864 0.390711
2.866 0.390833
2.868 0.390953
2.870 0.391073
2.872 0.391073
2.874 0.391073
2.876 0.391428
2.878 0.391545
2.880 0.391661
2.882 0.391776
2.884 0.391890
2.886 0.392004
2.888 0.392116
2.890 0.392228
2.892 0.392339
2.894 0.392450
2.896 0.392559
2.898 0.392668
2.900 0.392776
2.902 0.392883
2.904 0.392989
2.906 0.393095
2.908 0.393407
2.910 0.393407
2.912 0.393407
2.914 0.393509
2.916 0.393610
2.918 0.393711
2.920 0.393811
2.922 0.393910
2.924 0.394008
2.926 0.394106
2.928 0.394203
2.930 0.394299
2.932 0.394394
2.934 0.394674
2.936 0.394766
2.938 0.394857
2.940 0.394857
2.942 0.394948
2.944 0.394948
2.946 0.395037
2.948 0.395126
2.950 0.395214
2.952 0.395301
2.954 0.395387
2.956 0.395473
2.958 0.395557
2.960 0.395641
2.962 0.395724
2.964 0.395807
2.966 0.395888
2.968 0.395969
2.970 0.396049
2.972 0.396128
2.974 0.396206
2.976 0.396284
2.978 0.396360
2.980 0.396436
2.982 0.396511
2.984 0.396586
2.986 0.396659
2.988 0.396732
2.990 0.396804
2.992 0.396875
2.994 0.396945
2.996 0.397015
2.998 0.397084
3.000 0.397151
3.002 0.397219
3.004 0.397285
3.006 0.397415
3.008 0.397479
3.010 0.397479
3.012 0.397542
3.014 0.397604
3.016 0.397666
3.018 0.397727
3.020 0.397787
3.022 0.397846
3.024 0.397904
3.026 0.397961
3.028 0.398018
3.030 0.398074
3.032 0.398129
3.034 0.398184
3.036 0.398237
3.038 0.398290
3.040 0.398342
3.042 0.398393
3.044 0.398443
3.046 0.398493
3.048 0.398541
3.050 0.398589
3.052 0.398636
3.054 0.398683
3.056 0.398728
3.058 0.398773
3.060 0.398817
3.062 0.398860
3.064 0.398902
3.066 0.398944
3.068 0.398984
3.070 0.399024
3.072 0.399063
3.074 0.399102
3.076 0.399139
3.078 0.399176
3.080 0.399212
3.082 0.399247
3.084 0.399281
3.086 0.399315
3.088 0.399348
3.090 0.399379
3.092 0.399411
3.094 0.399441
3.096 0.399470
3.098 0.399499
3.100 0.399527
3.102 0.399580
3.104 0.399580
3.106 0.399655
3.108 0.399655
3.110 0.399655
3.112 0.399678
3.114 0.399700
3.116 0.399721
3.118 0.399742
3.120 0.399762
3.122 0.399781
3.124 0.399800
3.126 0.399817
3.128 0.399834
3.130 0.399850
3.132 0.399865
3.134 0.399879
3.136 0.399893
3.138 0.399905
3.140 0.399905
3.142 0.399905
3.144 0.399905
3.146 0.399939
3.148 0.399957
3.150 0.399965
3.152 0.399972
3.154 0.399978
3.156 0.399984
3.158 0.399988
3.160 0.399992
3.162 0.399995
3.164 0.399998
3.166 0.399999
3.168 0.400000
3.170 0.400000
