0.000 0.019738
0.004 0.019738
0.008 0.019738
0.012 0.019738
0.016 0.019738
0.020 0.019738
0.024 0.019738
0.028 0.019738
0.032 0.019738
0.036 0.019738
0.040 0.019738
0.044 0.019738
0.048 0.019738
0.052 0.019738
0.056 0.019738
0.060 0.019738
0.064 0.019738
0.068 0.019738
0.072 0.019738
0.076 0.019738
0.080 0.019738
0.084 0.019738
0.088 0.019738
0.092 0.019738
0.096 0.019738
0.100 0.019738
0.104 0.019738
0.108 0.019738
0.112 0.019738
0.116 0.019738
0.120 0.019738
0.124 0.019738
0.128 0.019738
0.132 0.019738
0.136 0.019738
0.140 0.019738
0.144 0.019738
0.148 0.019738
0.152 0.019738
0.156 0.019738
0.160 0.019738
0.164 0.019738
0.168 0.019738
0.172 0.019738
0.176 0.019738
0.180 0.019738
0.184 0.019738
0.188 0.019738
0.192 0.019738
0.196 0.019738
0.200 0.019738
0.204 0.019738
0.208 0.019738
0.212 0.019738
0.216 0.019738
0.220 0.019738
0.224 0.019738
0.228 0.019738
0.232 0.019738
0.236 0.019738
0.240 0.019738
0.244 0.019738
0.248 0.019738
0.252 0.019738
0.256 0.019738
0.260 0.019738
0.264 0.019738
0.268 0.019738
0.272 0.019738
0.276 0.019738
0.280 0.019738
0.284 0.019738
0.288 0.019738
0.292 0.019738
0.296 0.019738
0.300 0.019738
0.304 0.019738
0.308 0.019738
0.312 0.019738
0.316 0.019738
0.320 0.019738
0.324 0.019738
0.328 0.019738
0.332 0.019738
0.336 0.019738
0.340 0.019738
0.344 0.019738
0.348 0.019738
0.352 0.019738
0.356 0.019738
0.360 0.019738
0.364 0.019738
0.368 0.019738
0.372 0.019738
0.376 0.019738
0.380 0.019738
0.384 0.019738
0.388 0.019738
0.392 0.019738
0.396 0.019738
0.400 0.019738
0.404 0.019738
0.408 0.019738
0.412 0.019738
0.416 0.019738
0.420 0.019738
0.424 0.019738
0.428 0.019738
0.432 0.019738
0.436 0.019738
0.440 0.019738
0.444 0.019738
0.448 0.019738
0.452 0.019738
0.456 0.019738
0.460 0.019738
0.464 0.019738
0.468 0.019738
0.472 0.019738
0.476 0.019738
0.480 0.019738
0.484 0.019738
0.488 0.019738
0.492 0.019738
0.496 0.019738
0.500 0.019738
0.504 0.019738
0.508 0.019738
0.512 0.019738
0.516 0.019738
0.520 0.019738
0.524 0.019738
0.528 0.019738
0.532 0.019738
0.536 0.019738
0.540 0.019738
0.544 0.019738
0.548 0.019738
0.552 0.019738
0.556 0.019738
0.560 0.019738
0.564 0.019738
0.568 0.019738
0.572 0.019738
0.576 0.019738
0.580 0.019738
0.584 0.019738
0.588 0.019738
0.592 0.019738
0.596 0.019738
0.600 0.019738
0.604 0.019738
0.608 0.019738
0.612 0.019738
0.616 0.019738
0.620 0.019738
0.624 0.019738
0.628 0.019738
0.632 0.019738
0.636 0.019738
0.640 0.019738
0.644 0.019738
0.648 0.019738
0.652 0.019738
0.656 0.019738
0.660 0.019738
0.664 0.019738
0.668 0.019738
0.672 0.019738
0.676 0.019738
0.680 0.019738
0.684 0.019738
0.688 0.019738
0.692 0.019738
0.696 0.019738
0.700 0.019738
0.704 0.019738
0.708 0.019738
0.712 0.019738
0.716 0.019738
0.720 0.019738
0.724 0.019738
0.728 0.019738
0.732 0.019738
0.736 0.019738
0.740 0.019738
0.744 0.019738
0.748 0.019738
0.752 0.019738
0.756 0.019738
0.760 0.019738
0.764 0.019738
0.768 0.019738
0.772 0.019738
0.776 0.019738
0.780 0.019738
0.784 0.019738
0.788 0.019738
0.792 0.019738
0.796 0.019738
0.800 0.019738
0.804 0.019738
0.808 0.019738
0.812 0.019738
0.816 0.019738
0.820 0.019738
0.824 0.019738
0.828 0.019738
0.832 0.019738
0.836 0.019738
0.840 0.019738
0.844 0.019738
0.848 0.019738
0.852 0.019738
0.856 0.019738
0.860 0.019738
0.864 0.019738
0.868 0.019738
0.872 0.019738
0.876 0.019738
0.880 0.019738
0.884 0.019738
0.888 0.019738
0.892 0.019738
0.896 0.019738
0.900 0.019738
0.904 0.019738
0.908 0.019738
0.912 0.019738
0.916 0.019738
0.920 0.019738
0.924 0.019738
0.928 0.019738
0.932 0.019738
0.936 0.019738
0.940 0.019738
0.944 0.019738
0.948 0.019738
0.952 0.019738
0.956 0.019738
0.960 0.019738
0.964 0.019738
0.968 0.019738
0.972 0.019738
0.976 0.019738
0.980 0.019738
0.984 0.019738
0.988 0.019738
0.992 0.019738
0.996 0.019738
1.000 0.019738
1.004 0.019738
1.008 0.019738
1.012 0.019738
1.016 0.019738
1.020 0.019738
1.024 0.019738
1.028 0.019738
1.032 0.019738
1.036 0.019738
1.040 0.019738
1.044 0.019738
1.048 0.019738
1.052 0.019738
1.056 0.019738
1.060 0.019738
1.064 0.019738
1.068 0.019738
1.072 0.019738
1.076 0.019738
1.080 0.019738
1.084 0.019738
1.088 0.019738
1.092 0.019738
1.096 0.019738
1.100 0.019738
1.104 0.019738
1.108 0.019738
1.112 0.019738
1.116 0.019738
1.120 0.019738
1.124 0.019738
1.128 0.019738
1.132 0.019738
1.136 0.019738
1.140 0.019738
1.144 0.019738
1.148 0.019738
1.152 0.019738
1.156 0.019738
1.160 0.019738
1.164 0.019738
1.168 0.019738
1.172 0.019738
1.176 0.019738
1.180 0.019738
1.184 0.019738
1.188 0.019738
1.192 0.019738
1.196 0.019738
1.200 0.019738
1.204 0.019738
1.208 0.019738
1.212 0.019738
1.216 0.019738
1.220 0.019738
1.224 0.019738
1.228 0.019738
1.232 0.019738
1.236 0.019738
1.240 0.019738
1.244 0.019738
1.248 0.019738
1.252 0.019738
1.256 0.019738
1.260 0.019738
1.264 0.019738
1.268 0.019738
1.272 0.019738
1.276 0.019738
1.280 0.019738
1.284 0.019738
1.288 0.019738
1.292 0.019738
1.296 0.019738
1.300 0.019738
1.304 0.019738
1.308 0.019738
1.312 0.019738
1.316 0.019738
1.320 0.019738
1.324 0.019738
1.328 0.019738
1.332 0.019738
1.336 0.019738
1.340 0.019738
1.344 0.019738
1.348 0.019738
1.352 0.019738
1.356 0.019738
1.360 0.019738
1.364 0.019738
1.368 0.019738
1.372 0.019738
1.376 0.019738
1.380 0.019738
1.384 0.019738
1.388 0.019738
1.392 0.019738
1.396 0.019738
1.400 0.019738
1.404 0.019738
1.408 0.019738
1.412 0.019738
1.416 0.019738
1.420 0.019738
1.424 0.019738
1.428 0.019738
1.432 0.019738
1.436 0.019738
1.440 0.019738
1.444 0.019738
1.448 0.019738
1.452 0.019738
1.456 0.019738
1.460 0.019738
1.464 0.019738
1.468 0.019738
1.472 0.019738
1.476 0.019738
1.480 0.019738
1.484 0.019738
1.488 0.019738
1.492 0.019738
1.496 0.019738
1.500 0.019738
1.504 0.019738
1.508 0.019738
1.512 0.019738
1.516 0.019738
1.520 0.019738
1.524 0.019738
1.528 0.019738
1.532 0.019738
1.536 0.019738
1.540 0.019738
1.544 0.019738
1.548 0.019738
1.552 0.019738
1.556 0.019738
1.560 0.019738
1.564 0.019738
1.568 0.019738
1.572 0.019738
1.576 0.019738
1.580 0.019738
1.584 0.019738
1.588 0.019738
1.592 0.019738
1.596 0.019738
1.600 0.019738
1.604 0.019738
1.608 0.019738
1.612 0.019738
1.616 0.019738
1.620 0.019738
1.624 0.019738
1.628 0.019738
1.632 0.019738
1.636 0.019738
1.640 0.019738
1.644 0.019738
1.648 0.019738
1.652 0.019738
1.656 0.019738
1.660 0.019738
1.664 0.019738
1.668 0.019738
1.672 0.019738
1.676 0.019738
1.680 0.019738
1.684 0.019738
1.688 0.019738
1.692 0.019738
1.696 0.019738
1.700 0.019738
1.704 0.019738
1.708 0.019738
1.712 0.019738
1.716 0.019738
1.720 0.019738
1.724 0.019738
1.728 0.019738
1.732 0.019738
1.736 0.019738
1.740 0.019738
1.744 0.019738
1.748 0.019738
1.752 0.019738
1.756 0.019738
1.760 0.019738
1.764 0.019738
1.768 0.019738
1.772 0.019738
1.776 0.019738
1.780 0.019738
1.784 0.019738
1.788 0.019738
1.792 0.019738
1.796 0.019738
1.800 0.019738
1.804 0.019738
1.808 0.019738
1.812 0.019738
1.816 0.019738
1.820 0.019738
1.824 0.019738
1.828 0.019738
1.832 0.019738
1.836 0.019738
1.840 0.019738
1.844 0.019738
1.848 0.019738
1.852 0.019738
1.856 0.019738
1.860 0.019738
1.864 0.019738
1.868 0.019738
1.872 0.019738
1.876 0.019738
1.880 0.019738
1.884 0.019738
1.888 0.019738
1.892 0.019738
1.896 0.019738
1.900 0.019738
1.904 0.019738
1.908 0.019738
1.912 0.019738
1.916 0.019738
1.920 0.019738
1.924 0.019738
1.928 0.019738
1.932 0.019738
1.936 0.019738
1.940 0.019738
1.944 0.019738
1.948 0.019738
1.952 0.019738
1.956 0.019738
1.960 0.019738
1.964 0.019738
1.968 0.019738
1.972 0.019738
1.976 0.019738
1.980 0.019738
1.984 0.019738
1.988 0.019738
1.992 0.019738
1.996 0.019738
2.000 0.019738
2.004 0.019738
2.008 0.019738
2.012 0.019738
2.016 0.019738
2.020 0.019738
2.024 0.019738
2.028 0.019738
2.032 0.019738
2.036 0.019738
2.040 0.019738
2.044 0.019738
2.048 0.019738
2.052 0.019738
2.056 0.019738
2.060 0.019738
2.064 0.019738
2.068 0.019738
2.072 0.019738
2.076 0.019738
2.080 0.019738
2.084 0.019738
2.088 0.019738
2.092 0.019738
2.096 0.019738
2.100 0.019738
2.104 0.019738
2.108 0.019738
2.112 0.019738
2.116 0.019738
2.120 0.019738
2.124 0.019738
2.128 0.019738
2.132 0.019738
2.136 0.019738
2.140 0.019738
2.144 0.019738
2.148 0.019738
2.152 0.019738
2.156 0.019738
2.160 0.019738
2.164 0.019738
2.168 0.019738
2.172 0.019738
2.176 0.019738
2.180 0.019738
2.184 0.019738
2.188 0.019738
2.192 0.019738
2.196 0.019738
2.200 0.019738
2.204 0.019738
2.208 0.019738
2.212 0.019738
2.216 0.019738
2.220 0.019738
2.224 0.019738
2.228 0.019738
2.232 0.019738
2.236 0.019738
2.240 0.019738
2.244 0.019738
2.248 0.019738
2.252 0.019738
2.256 0.019738
2.260 0.019738
2.264 0.019738
2.268 0.019738
2.272 0.019738
2.276 0.019738
2.280 0.019738
2.284 0.019738
2.288 0.019738
2.292 0.019738
2.296 0.019738
2.300 0.019738
2.304 0.019738
2.308 0.019738
2.312 0.019738
2.316 0.019738
2.320 0.019738
2.324 0.019738
2.328 0.019738
2.332 0.019738
2.336 0.019738
2.340 0.019738
2.344 0.019738
2.348 0.019738
2.352 0.019738
2.356 0.019738
2.360 0.019738
2.364 0.019738
2.368 0.019738
2.372 0.019738
2.376 0.019738
2.380 0.019738
2.384 0.019738
2.388 0.019738
2.392 0.019738
2.396 0.019738
2.400 0.019738
2.404 0.019738
2.408 0.019738
2.412 0.019738
2.416 0.019738
2.420 0.019738
2.424 0.019738
2.428 0.019738
2.432 0.019738
2.436 0.019738
2.440 0.019738
2.444 0.019738
2.448 0.019738
2.452 0.019738
2.456 0.019738
2.460 0.019738
2.464 0.019738
2.468 0.019738
2.472 0.019738
2.476 0.019738
2.480 0.019738
2.484 0.019738
2.488 0.019738
2.492 0.019738
2.496 0.019738
2.500 0.019738
2.504 0.019738
2.508 0.019738
2.512 0.019738
2.516 0.019738
2.520 0.019738
2.524 0.019738
2.528 0.019738
2.532 0.019738
2.536 0.019738
2.540 0.019738
2.544 0.019738
2.548 0.019738
2.552 0.019738
2.556 0.019738
2.560 0.019738
2.564 0.019738
2.568 0.019738
2.572 0.019738
2.576 0.019738
2.580 0.019738
2.584 0.019738
2.588 0.019738
2.592 0.019738
2.596 0.019738
2.600 0.019738
2.604 0.019738
2.608 0.019738
2.612 0.019738
2.616 0.019738
2.620 0.019738
2.624 0.019738
2.628 0.019738
2.632 0.019738
2.636 0.019738
2.640 0.019738
2.644 0.019738
2.648 0.019738
2.652 0.019738
2.656 0.019738
2.660 0.019738
2.664 0.019738
2.668 0.019738
2.672 0.019738
2.676 0.019738
2.680 0.019738
2.684 0.019738
2.688 0.019738
2.692 0.019738
2.696 0.019738
2.700 0.019738
2.704 0.019738
2.708 0.019738
2.712 0.019738
2.716 0.019738
2.720 0.019738
2.724 0.019738
2.728 0.019738
2.732 0.019738
2.736 0.019738
2.740 0.019738
2.744 0.019738
2.748 0.019738
2.752 0.019738
2.756 0.019738
2.760 0.019738
2.764 0.019738
2.768 0.019738
2.772 0.019738
2.776 0.019738
2.780 0.019738
2.784 0.019738
2.788 0.019738
2.792 0.019738
2.796 0.019738
2.800 0.019738
2.804 0.019738
2.808 0.019738
2.812 0.019738
2.816 0.019738
2.820 0.019738
2.824 0.019738
2.828 0.019738
2.832 0.019738
2.836 0.019738
2.840 0.019738
2.844 0.019738
2.848 0.019738
2.852 0.019738
2.856 0.019738
2.860 0.019738
2.864 0.019738
2.868 0.019738
2.872 0.019738
2.876 0.019738
2.880 0.019738
2.884 0.019738
2.888 0.019738
2.892 0.019738
2.896 0.019738
2.900 0.019738
2.904 0.019738
2.908 0.019738
2.912 0.019738
2.916 0.019738
2.920 0.019738
2.924 0.019738
2.928 0.019738
2.932 0.019738
2.936 0.019738
2.940 0.019738
2.944 0.019738
2.948 0.019738
2.952 0.019738
2.956 0.019738
2.960 0.019738
2.964 0.019738
2.968 0.019738
2.972 0.019738
2.976 0.019738
2.980 0.019738
2.984 0.019738
2.988 0.019738
2.992 0.019738
2.996 0.019738
3.000 0.019738
3.004 0.019738
3.008 0.019738
3.012 0.019738
3.016 0.019738
3.020 0.019738
3.024 0.019738
3.028 0.019738
3.032 0.019738
3.036 0.019738
3.040 0.019738
3.044 0.019738
3.048 0.019738
3.052 0.019738
3.056 0.019738
3.060 0.019738
3.064 0.019738
3.068 0.019738
3.072 0.019738
3.076 0.019738
3.080 0.019738
3.084 0.019738
3.088 0.019738
3.092 0.019738
3.096 0.019738
3.100 0.019738
3.104 0.019738
3.108 0.019738
3.112 0.019738
3.116 0.019738
3.120 0.019738
3.124 0.019738
3.128 0.019738
3.132 0.019738
3.136 0.019738
3.140 0.019738
3.144 0.019738
3.148 0.019738
3.152 0.019738
3.156 0.019738
3.160 0.019738
3.164 0.019738
3.168 0.019738
3.170 0.019738
