0.000 3.658073
0.002 3.658073
0.004 3.658073
0.006 3.658073
0.008 3.658073
0.010 3.658073
0.012 3.658073
0.014 3.658073
0.016 3.658073
0.018 3.658073
0.020 3.658073
0.022 3.658073
0.024 3.658073
0.026 3.658073
0.028 3.658073
0.030 3.658073
0.032 3.658073
0.034 3.658073
0.036 3.658073
0.038 3.658073
0.040 3.658073
0.042 3.658073
0.044 3.658073
0.046 3.658073
0.048 3.658073
0.050 3.658073
0.052 3.658073
0.054 3.658073
0.056 3.658073
0.058 3.658073
0.060 3.658073
0.062 3.658073
0.064 3.658073
0.066 3.658073
0.068 3.658073
0.070 3.658073
0.072 3.658073
0.074 3.658073
0.076 3.658073
0.078 3.658073
0.080 3.658073
0.082 3.658073
0.084 3.658073
0.086 3.658073
0.088 3.658073
0.090 3.658073
0.092 3.658073
0.094 3.658073
0.096 3.658073
0.098 3.658073
0.100 3.658073
0.102 3.658073
0.104 3.658073
0.106 3.658073
0.108 3.658073
0.110 3.658073
0.112 3.658073
0.114 3.658073
0.116 3.658073
0.118 3.658073
0.120 3.658073
0.122 3.658073
0.124 3.658073
0.126 3.658073
0.128 3.658073
0.130 3.658073
0.132 3.658073
0.134 3.658073
0.136 3.658073
0.138 3.658073
0.140 3.658073
0.142 3.658073
0.144 3.658073
0.146 3.658073
0.148 3.658073
0.150 3.658073
0.152 3.658073
0.154 3.658073
0.156 3.658073
0.158 3.658073
0.160 3.658073
0.162 3.658073
0.164 3.658073
0.166 3.658073
0.168 3.658073
0.170 3.658073
0.172 3.658073
0.174 3.658073
0.176 3.658073
0.178 3.658073
0.180 3.658073
0.182 3.658073
0.184 3.658073
0.186 3.658073
0.188 3.658073
0.190 3.658073
0.192 3.658073
0.194 3.658073
0.196 3.658073
0.198 3.658073
0.200 3.658073
0.202 3.658073
0.204 3.658073
0.206 3.658073
0.208 3.658073
0.210 3.658073
0.212 3.658073
0.214 3.658073
0.216 3.658073
0.218 3.658073
0.220 3.658073
0.222 3.658073
0.224 3.658073
0.226 3.658073
0.228 3.658073
0.230 3.658073
0.232 3.658073
0.234 3.658073
0.236 3.658073
0.238 3.658073
0.240 3.658073
0.242 3.658073
0.244 3.658073
0.246 3.658073
0.248 3.658073
0.250 3.658073
0.252 3.658073
0.254 3.658073
0.256 3.658073
0.258 3.658073
0.260 3.658073
0.262 3.658073
0.264 3.658073
0.266 3.658073
0.268 3.658073
0.270 3.658073
0.272 3.658073
0.274 3.658073
0.276 3.658073
0.278 3.658073
0.280 3.658073
0.282 3.658073
0.284 3.658073
0.286 3.658073
0.288 3.658073
0.290 3.658073
0.292 3.658073
0.294 3.658073
0.296 3.658073
0.298 3.658073
0.300 3.658073
0.302 3.658073
0.304 3.658073
0.306 3.658073
0.308 3.658073
0.310 3.658073
0.312 3.658073
0.314 3.658073
0.316 3.658073
0.318 3.658073
0.320 3.658073
0.322 3.658073
0.324 3.658073
0.326 3.658073
0.328 3.658073
0.330 3.658073
0.332 3.658073
0.334 3.658073
0.336 3.658073
0.338 3.658073
0.340 3.658073
0.342 3.658073
0.344 3.658073
0.346 3.658073
0.348 3.658073
0.350 3.658073
0.352 3.658073
0.354 3.658073
0.356 3.658073
0.358 3.658073
0.360 3.658073
0.362 3.658073
0.364 3.658073
0.366 3.658073
0.368 3.658073
0.370 3.658073
0.372 3.658073
0.374 3.658073
0.376 3.658073
0.378 3.658073
0.380 3.658073
0.382 3.658073
0.384 3.658073
0.386 3.658073
0.388 3.658073
0.390 3.658073
0.392 3.658073
0.394 3.658073
0.396 3.658073
0.398 3.658073
0.400 3.658073
0.402 3.658073
0.404 3.658073
0.406 3.658073
0.408 3.658073
0.410 3.658073
0.412 3.658073
0.414 3.658073
0.416 3.658073
0.418 3.658073
0.420 3.658073
0.422 3.658073
0.424 3.658073
0.426 3.658073
0.428 3.658073
0.430 3.658073
0.432 3.658073
0.434 3.658073
0.436 3.658073
0.438 3.658073
0.440 3.658073
0.442 3.658073
0.444 3.658073
0.446 3.658073
0.448 3.658073
0.450 3.658073
0.452 3.658073
0.454 3.658073
0.456 3.658073
0.458 3.658073
0.460 3.658073
0.462 3.658073
0.464 3.658073
0.466 3.658073
0.468 3.658073
0.470 3.658073
0.472 3.658073
0.474 3.658073
0.476 3.658073
0.478 3.658073
0.480 3.658073
0.482 3.658073
0.484 3.658073
0.486 3.658073
0.488 3.658073
0.490 3.658073
0.492 3.658073
0.494 3.658073
0.496 3.658073
0.498 3.658073
0.500 3.658073
0.502 3.658073
0.504 3.658073
0.506 3.658073
0.508 3.658073
0.510 3.658073
0.512 3.658073
0.514 3.658073
0.516 3.658073
0.518 3.658073
0.520 3.658073
0.522 3.658073
0.524 3.658073
0.526 3.658073
0.528 3.658073
0.530 3.658073
0.532 3.658073
0.534 3.658073
0.536 3.658073
0.538 3.658073
0.540 3.658073
0.542 3.658073
0.544 3.658073
0.546 3.658073
0.548 3.658073
0.550 3.658073
0.552 3.658073
0.554 3.658073
0.556 3.658073
0.558 3.658073
0.560 3.658073
0.562 3.658073
0.564 3.658073
0.566 3.658073
0.568 3.658073
0.570 3.658073
0.572 3.658073
0.574 3.658073
0.576 3.658073
0.578 3.658073
0.580 3.658073
0.582 3.658073
0.584 3.658073
0.586 3.658073
0.588 3.658073
0.590 3.658073
0.592 3.658073
0.594 3.658073
0.596 3.658073
0.598 3.658073
0.600 3.658073
0.602 3.658073
0.604 3.658073
0.606 3.658073
0.608 3.658073
0.610 3.658073
0.612 3.658073
0.614 3.658073
0.616 3.658073
0.618 3.658073
0.620 3.658073
0.622 3.658073
0.624 3.658073
0.626 3.658073
0.628 3.658073
0.630 3.658073
0.632 3.658073
0.634 3.658073
0.636 3.658073
0.638 3.658073
0.640 3.658073
0.642 3.658073
0.644 3.658073
0.646 3.658073
0.648 3.658073
0.650 3.658073
0.652 3.658073
0.654 3.658073
0.656 3.658073
0.658 3.658073
0.660 3.658073
0.662 3.658073
0.664 3.658073
0.666 3.658073
0.668 3.658073
0.670 3.658073
0.672 3.658073
0.674 3.658073
0.676 3.658073
0.678 3.658073
0.680 3.658073
0.682 3.658073
0.684 3.658073
0.686 3.658073
0.688 3.658073
0.690 3.658073
0.692 3.658073
0.694 3.658073
0.696 3.658073
0.698 3.658073
0.700 3.658073
0.702 3.658073
0.704 3.658073
0.706 3.658073
0.708 3.658073
0.710 3.658073
0.712 3.658073
0.714 3.658073
0.716 3.658073
0.718 3.658073
0.720 3.658073
0.722 3.658073
0.724 3.658073
0.726 3.658073
0.728 3.658073
0.730 3.658073
0.732 3.658073
0.734 3.658073
0.736 3.658073
0.738 3.658073
0.740 3.658073
0.742 3.658073
0.744 3.658073
0.746 3.658073
0.748 3.658073
0.750 3.658073
0.752 3.658073
0.754 3.658073
0.756 3.658073
0.758 3.658073
0.760 3.658073
0.762 3.658073
0.764 3.658073
0.766 3.658073
0.768 3.658073
0.770 3.658073
0.772 3.658073
0.774 3.658073
0.776 3.658073
0.778 3.658073
0.780 3.658073
0.782 3.658073
0.784 3.658073
0.786 3.658073
0.788 3.658073
0.790 3.658073
0.792 3.658073
0.794 3.658073
0.796 3.658073
0.798 3.658073
0.800 3.658073
0.802 3.658073
0.804 3.658073
0.806 3.658073
0.808 3.658073
0.810 3.658073
0.812 3.658073
0.814 3.658073
0.816 3.658073
0.818 3.658073
0.820 3.658073
0.822 3.658073
0.824 3.658073
0.826 3.658073
0.828 3.658073
0.830 3.658073
0.832 3.658073
0.834 3.658073
0.836 3.658073
0.838 3.658073
0.840 3.658073
0.842 3.658073
0.844 3.658073
0.846 3.658073
0.848 3.658073
0.850 3.658073
0.852 3.658073
0.854 3.658073
0.856 3.658073
0.858 3.658073
0.860 3.658073
0.862 3.658073
0.864 3.658073
0.866 3.658073
0.868 3.658073
0.870 3.658073
0.872 3.658073
0.874 3.658073
0.876 3.658073
0.878 3.658073
0.880 3.658073
0.882 3.658073
0.884 3.658073
0.886 3.658073
0.888 3.658073
0.890 3.658073
0.892 3.658073
0.894 3.658073
0.896 3.658073
0.898 3.658073
0.900 3.658073
0.902 3.658073
0.904 3.658073
0.906 3.658073
0.908 3.658073
0.910 3.658073
0.912 3.658073
0.914 3.658073
0.916 3.658073
0.918 3.658073
0.920 3.658073
0.922 3.658073
0.924 3.658073
0.926 3.658073
0.928 3.658073
0.930 3.658073
0.932 3.658073
0.934 3.658073
0.936 3.658073
0.938 3.658073
0.940 3.658073
0.942 3.658073
0.944 3.658073
0.946 3.658073
0.948 3.658073
0.950 3.658073
0.952 3.658073
0.954 3.658073
0.956 3.658073
0.958 3.658073
0.960 3.658073
0.962 3.658073
0.964 3.658073
0.966 3.658073
0.968 3.658073
0.970 3.658073
0.972 3.658073
0.974 3.658073
0.976 3.658073
0.978 3.658073
0.980 3.658073
0.982 3.658073
0.984 3.658073
0.986 3.658073
0.988 3.658073
0.990 3.658073
0.992 3.658073
0.994 3.658073
0.996 3.658073
0.998 3.658073
1.000 3.658073
1.002 3.658073
1.004 3.658073
1.006 3.658073
1.008 3.658073
1.010 3.658073
1.012 3.658073
1.014 3.658073
1.016 3.658073
1.018 3.658073
1.020 3.658073
1.022 3.658073
1.024 3.658073
1.026 3.658073
1.028 3.658073
1.030 3.658073
1.032 3.658073
1.034 3.658073
1.036 3.658073
1.038 3.658073
1.040 3.658073
1.042 3.658073
1.044 3.658073
1.046 3.658073
1.048 3.658073
1.050 3.658073
1.052 3.658073
1.054 3.658073
1.056 3.658073
1.058 3.658073
1.060 3.658073
1.062 3.658073
1.064 3.658073
1.066 3.658073
1.068 3.658073
1.070 3.658073
1.072 3.658073
1.074 3.658073
1.076 3.658073
1.078 3.658073
1.080 3.658073
1.082 3.658073
1.084 3.658073
1.086 3.658073
1.088 3.658073
1.090 3.658073
1.092 3.658073
1.094 3.658073
1.096 3.658073
1.098 3.658073
1.100 3.658073
1.102 3.658073
1.104 3.658073
1.106 3.658073
1.108 3.658073
1.110 3.658073
1.112 3.658073
1.114 3.658073
1.116 3.658073
1.118 3.658073
1.120 3.658073
1.122 3.658073
1.124 3.658073
1.126 3.658073
1.128 3.658073
1.130 3.658073
1.132 3.658073
1.134 3.658073
1.136 3.658073
1.138 3.658073
1.140 3.658073
1.142 3.658073
1.144 3.658073
1.146 3.658073
1.148 3.658073
1.150 3.658073
1.152 3.658073
1.154 3.658073
1.156 3.658073
1.158 3.658073
1.160 3.658073
1.162 3.658073
1.164 3.658073
1.166 3.658073
1.168 3.658073
1.170 3.658073
1.172 3.658073
1.174 3.658073
1.176 3.658073
1.178 3.658073
1.180 3.658073
1.182 3.658073
1.184 3.658073
1.186 3.658073
1.188 3.658073
1.190 3.658073
1.192 3.658073
1.194 3.658073
1.196 3.658073
1.198 3.658073
1.200 3.658073
1.202 3.658073
1.204 3.658073
1.206 3.658073
1.208 3.658073
1.210 3.658073
1.212 3.658073
1.214 3.658073
1.216 3.658073
1.218 3.658073
1.220 3.658073
1.222 3.658073
1.224 3.658073
1.226 3.658073
1.228 3.658073
1.230 3.658073
1.232 3.658073
1.234 3.658073
1.236 3.658073
1.238 3.658073
1.240 3.658073
1.242 3.658073
1.244 3.658073
1.246 3.658073
1.248 3.658073
1.250 3.658073
1.252 3.658073
1.254 3.658073
1.256 3.658073
1.258 3.658073
1.260 3.658073
1.262 3.658073
1.264 3.658073
1.266 3.658073
1.268 3.658073
1.270 3.658073
1.272 3.658073
1.274 3.658073
1.276 3.658073
1.278 3.658073
1.280 3.658073
1.282 3.658073
1.284 3.658073
1.286 3.658073
1.288 3.658073
1.290 3.658073
1.292 3.658073
1.294 3.658073
1.296 3.658073
1.298 3.658073
1.300 3.658073
1.302 3.658073
1.304 3.658073
1.306 3.658073
1.308 3.658073
1.310 3.658073
1.312 3.658073
1.314 3.658073
1.316 3.658073
1.318 3.658073
1.320 3.658073
1.322 3.658073
1.324 3.658073
1.326 3.658073
1.328 3.658073
1.330 3.658073
1.332 3.658073
1.334 3.658073
1.336 3.658073
1.338 3.658073
1.340 3.658073
1.342 3.658073
1.344 3.658073
1.346 3.658073
1.348 3.658073
1.350 3.658073
1.352 3.658073
1.354 3.658073
1.356 3.658073
1.358 3.658073
1.360 3.658073
1.362 3.658073
1.364 3.658073
1.366 3.658073
1.368 3.658073
1.370 3.658073
1.372 3.658073
1.374 3.658073
1.376 3.658073
1.378 3.658073
1.380 3.658073
1.382 3.658073
1.384 3.658073
1.386 3.658073
1.388 3.658073
1.390 3.658073
1.392 3.658073
1.394 3.658073
1.396 3.658073
1.398 3.658073
1.400 3.658073
1.402 3.658073
1.404 3.658073
1.406 3.658073
1.408 3.658073
1.410 3.658073
1.412 3.658073
1.414 3.658073
1.416 3.658073
1.418 3.658073
1.420 3.658073
1.422 3.658073
1.424 3.658073
1.426 3.658073
1.428 3.658073
1.430 3.658073
1.432 3.658073
1.434 3.658073
1.436 3.658073
1.438 3.658073
1.440 3.658073
1.442 3.658073
1.444 3.658073
1.446 3.658073
1.448 3.658073
1.450 3.658073
1.452 3.658073
1.454 3.658073
1.456 3.658073
1.458 3.658073
1.460 3.658073
1.462 3.658073
1.464 3.658073
1.466 3.658073
1.468 3.658073
1.470 3.658073
1.472 3.658073
1.474 3.658073
1.476 3.658073
1.478 3.658073
1.480 3.658073
1.482 3.658073
1.484 3.658073
1.486 3.658073
1.488 3.658073
1.490 3.658073
1.492 3.658073
1.494 3.658073
1.496 3.658073
1.498 3.658073
1.500 3.658073
1.502 3.658073
1.504 3.658073
1.506 3.658073
1.508 3.658073
1.510 3.658073
1.512 3.658073
1.514 3.658073
1.516 3.658073
1.518 3.658073
1.520 3.658073
1.522 3.658073
1.524 3.658073
1.526 3.658073
1.528 3.658073
1.530 3.658073
1.532 3.658073
1.534 3.658073
1.536 3.658073
1.538 3.658073
1.540 3.658073
1.542 3.658073
1.544 3.658073
1.546 3.658073
1.548 3.658073
1.550 3.658073
1.552 3.658073
1.554 3.658073
1.556 3.658073
1.558 3.658073
1.560 3.658073
1.562 3.658073
1.564 3.658073
1.566 3.658073
1.568 3.658073
1.570 3.658073
1.572 3.658073
1.574 3.658073
1.576 3.658073
1.578 3.658073
1.580 3.658073
1.582 3.658073
1.584 3.658073
1.586 3.658073
1.588 3.658073
1.590 3.658073
1.592 3.658073
1.594 3.658073
1.596 3.658073
1.598 3.658073
1.600 3.658073
1.602 3.658073
1.604 3.658073
1.606 3.658073
1.608 3.658073
1.610 3.658073
1.612 3.658073
1.614 3.658073
1.616 3.658073
1.618 3.658073
1.620 3.658073
1.622 3.658073
1.624 3.658073
1.626 3.658073
1.628 3.658073
1.630 3.658073
1.632 3.658073
1.634 3.658073
1.636 3.658073
1.638 3.658073
1.640 3.658073
1.642 3.658073
1.644 3.658073
1.646 3.658073
1.648 3.658073
1.650 3.658073
1.652 3.658073
1.654 3.658073
1.656 3.658073
1.658 3.658073
1.660 3.658073
1.662 3.658073
1.664 3.658073
1.666 3.658073
1.668 3.658073
1.670 3.658073
1.672 3.658073
1.674 3.658073
1.676 3.658073
1.678 3.658073
1.680 3.658073
1.682 3.658073
1.684 3.658073
1.686 3.658073
1.688 3.658073
1.690 3.658073
1.692 3.658073
1.694 3.658073
1.696 3.658073
1.698 3.658073
1.700 3.658073
1.702 3.658073
1.704 3.658073
1.706 3.658073
1.708 3.658073
1.710 3.658073
1.712 3.658073
1.714 3.658073
1.716 3.658073
1.718 3.658073
1.720 3.658073
1.722 3.658073
1.724 3.658073
1.726 3.658073
1.728 3.658073
1.730 3.658073
1.732 3.658073
1.734 3.658073
1.736 3.658073
1.738 3.658073
1.740 3.658073
1.742 3.658073
1.744 3.658073
1.746 3.658073
1.748 3.658073
1.750 3.658073
1.752 3.658073
1.754 3.658073
1.756 3.658073
1.758 3.658073
1.760 3.658073
1.762 3.658073
1.764 3.658073
1.766 3.658073
1.768 3.658073
1.770 3.658073
1.772 3.658073
1.774 3.658073
1.776 3.658073
1.778 3.658073
1.780 3.658073
1.782 3.658073
1.784 3.658073
1.786 3.658073
1.788 3.658073
1.790 3.658073
1.792 3.658073
1.794 3.658073
1.796 3.658073
1.798 3.658073
1.800 3.658073
1.802 3.658073
1.804 3.658073
1.806 3.658073
1.808 3.658073
1.810 3.658073
1.812 3.658073
1.814 3.658073
1.816 3.658073
1.818 3.658073
1.820 3.658073
1.822 3.658073
1.824 3.658073
1.826 3.658073
1.828 3.658073
1.830 3.658073
1.832 3.658073
1.834 3.658073
1.836 3.658073
1.838 3.658073
1.840 3.658073
1.842 3.658073
1.844 3.658073
1.846 3.658073
1.848 3.658073
1.850 3.658073
1.852 3.658073
1.854 3.658073
1.856 3.658073
1.858 3.658073
1.860 3.658073
1.862 3.658073
1.864 3.658073
1.866 3.658073
1.868 3.658073
1.870 3.658073
1.872 3.658073
1.874 3.658073
1.876 3.658073
1.878 3.658073
1.880 3.658073
1.882 3.658073
1.884 3.658073
1.886 3.658073
1.888 3.658073
1.890 3.658073
1.892 3.658073
1.894 3.658073
1.896 3.658073
1.898 3.658073
1.900 3.658073
1.902 3.658073
1.904 3.658073
1.906 3.658073
1.908 3.658073
1.910 3.658073
1.912 3.658073
1.914 3.658073
1.916 3.658073
1.918 3.658073
1.920 3.658073
1.922 3.658073
1.924 3.658073
1.926 3.658073
1.928 3.658073
1.930 3.658073
1.932 3.658073
1.934 3.658073
1.936 3.658073
1.938 3.658073
1.940 3.658073
1.942 3.658073
1.944 3.658073
1.946 3.658073
1.948 3.658073
1.950 3.658073
1.952 3.658073
1.954 3.658073
1.956 3.658073
1.958 3.658073
1.960 3.658073
1.962 3.658073
1.964 3.658073
1.966 3.658073
1.968 3.658073
1.970 3.658073
1.972 3.658073
1.974 3.658073
1.976 3.658073
1.978 3.658073
1.980 3.658073
1.982 3.658073
1.984 3.658073
1.986 3.658073
1.988 3.658073
1.990 3.658073
1.992 3.658073
1.994 3.658073
1.996 3.658073
1.998 3.658073
2.000 3.658073
2.002 3.658073
2.004 3.658073
2.006 3.658073
2.008 3.658073
2.010 3.658073
2.012 3.658073
2.014 3.658073
2.016 3.658073
2.018 3.658073
2.020 3.658073
2.022 3.658073
2.024 3.658073
2.026 3.658073
2.028 3.658073
2.030 3.658073
2.032 3.658073
2.034 3.658073
2.036 3.658073
2.038 3.658073
2.040 3.658073
2.042 3.658073
2.044 3.658073
2.046 3.658073
2.048 3.658073
2.050 3.658073
2.052 3.658073
2.054 3.658073
2.056 3.658073
2.058 3.658073
2.060 3.658073
2.062 3.658073
2.064 3.658073
2.066 3.658073
2.068 3.658073
2.070 3.658073
2.072 3.658073
2.074 3.658073
2.076 3.658073
2.078 3.658073
2.080 3.658073
2.082 3.658073
2.084 3.658073
2.086 3.658073
2.088 3.658073
2.090 3.658073
2.092 3.658073
2.094 3.658073
2.096 3.658073
2.098 3.658073
2.100 3.658073
2.102 3.658073
2.104 3.658073
2.106 3.658073
2.108 3.658073
2.110 3.658073
2.112 3.658073
2.114 3.658073
2.116 3.658073
2.118 3.658073
2.120 3.658073
2.122 3.658073
2.124 3.658073
2.126 3.658073
2.128 3.658073
2.130 3.658073
2.132 3.658073
2.134 3.658073
2.136 3.658073
2.138 3.658073
2.140 3.658073
2.142 3.658073
2.144 3.658073
2.146 3.658073
2.148 3.658073
2.150 3.658073
2.152 3.658073
2.154 3.658073
2.156 3.658073
2.158 3.658073
2.160 3.658073
2.162 3.658073
2.164 3.658073
2.166 3.658073
2.168 3.658073
2.170 3.658073
2.172 3.658073
2.174 3.658073
2.176 3.658073
2.178 3.658073
2.180 3.658073
2.182 3.658073
2.184 3.658073
2.186 3.658073
2.188 3.658073
2.190 3.658073
2.192 3.658073
2.194 3.658073
2.196 3.658073
2.198 3.658073
2.200 3.658073
2.202 3.658073
2.204 3.658073
2.206 3.658073
2.208 3.658073
2.210 3.658073
2.212 3.658073
2.214 3.658073
2.216 3.658073
2.218 3.658073
2.220 3.658073
2.222 3.658073
2.224 3.658073
2.226 3.658073
2.228 3.658073
2.230 3.658073
2.232 3.658073
2.234 3.658073
2.236 3.658073
2.238 3.658073
2.240 3.658073
2.242 3.658073
2.244 3.658073
2.246 3.658073
2.248 3.658073
2.250 3.658073
2.252 3.658073
2.254 3.658073
2.256 3.658073
2.258 3.658073
2.260 3.658073
2.262 3.658073
2.264 3.658073
2.266 3.658073
2.268 3.658073
2.270 3.658073
2.272 3.658073
2.274 3.658073
2.276 3.658073
2.278 3.658073
2.280 3.658073
2.282 3.658073
2.284 3.658073
2.286 3.658073
2.288 3.658073
2.290 3.658073
2.292 3.658073
2.294 3.658073
2.296 3.658073
2.298 3.658073
2.300 3.658073
2.302 3.658073
2.304 3.658073
2.306 3.658073
2.308 3.658073
2.310 3.658073
2.312 3.658073
2.314 3.658073
2.316 3.658073
2.318 3.658073
2.320 3.658073
2.322 3.658073
2.324 3.658073
2.326 3.658073
2.328 3.658073
2.330 3.658073
2.332 3.658073
2.334 3.658073
2.336 3.658073
2.338 3.658073
2.340 3.658073
2.342 3.658073
2.344 3.658073
2.346 3.658073
2.348 3.658073
2.350 3.658073
2.352 3.658073
2.354 3.658073
2.356 3.658073
2.358 3.658073
2.360 3.658073
2.362 3.658073
2.364 3.658073
2.366 3.658073
2.368 3.658073
2.370 3.658073
2.372 3.658073
2.374 3.658073
2.376 3.658073
2.378 3.658073
2.380 3.658073
2.382 3.658073
2.384 3.658073
2.386 3.658073
2.388 3.658073
2.390 3.658073
2.392 3.658073
2.394 3.658073
2.396 3.658073
2.398 3.658073
2.400 3.658073
2.402 3.658073
2.404 3.658073
2.406 3.658073
2.408 3.658073
2.410 3.658073
2.412 3.658073
2.414 3.658073
2.416 3.658073
2.418 3.658073
2.420 3.658073
2.422 3.658073
2.424 3.658073
2.426 3.658073
2.428 3.658073
2.430 3.658073
2.432 3.658073
2.434 3.658073
2.436 3.658073
2.438 3.658073
2.440 3.658073
2.442 3.658073
2.444 3.658073
2.446 3.658073
2.448 3.658073
2.450 3.658073
2.452 3.658073
2.454 3.658073
2.456 3.658073
2.458 3.658073
2.460 3.658073
2.462 3.658073
2.464 3.658073
2.466 3.658073
2.468 3.658073
2.470 3.658073
2.472 3.658073
2.474 3.658073
2.476 3.658073
2.478 3.658073
2.480 3.658073
2.482 3.658073
2.484 3.658073
2.486 3.658073
2.488 3.658073
2.490 3.658073
2.492 3.658073
2.494 3.658073
2.496 3.658073
2.498 3.658073
2.500 3.658073
2.502 3.658073
2.504 3.658073
2.506 3.658073
2.508 3.658073
2.510 3.658073
2.512 3.658073
2.514 3.658073
2.516 3.658073
2.518 3.658073
2.520 3.658073
2.522 3.658073
2.524 3.658073
2.526 3.658073
2.528 3.658073
2.530 3.658073
2.532 3.658073
2.534 3.658073
2.536 3.658073
2.538 3.658073
2.540 3.658073
2.542 3.658073
2.544 3.658073
2.546 3.658073
2.548 3.658073
2.550 3.658073
2.552 3.658073
2.554 3.658073
2.556 3.658073
2.558 3.658073
2.560 3.658073
2.562 3.658073
2.564 3.658073
2.566 3.658073
2.568 3.658073
2.570 3.658073
2.572 3.658073
2.574 3.658073
2.576 3.658073
2.578 3.658073
2.580 3.658073
2.582 3.658073
2.584 3.658073
2.586 3.658073
2.588 3.658073
2.590 3.658073
2.592 3.658073
2.594 3.658073
2.596 3.658073
2.598 3.658073
2.600 3.658073
2.602 3.658073
2.604 3.658073
2.606 3.658073
2.608 3.658073
2.610 3.658073
2.612 3.658073
2.614 3.658073
2.616 3.658073
2.618 3.658073
2.620 3.658073
2.622 3.658073
2.624 3.658073
2.626 3.658073
2.628 3.658073
2.630 3.658073
2.632 3.658073
2.634 3.658073
2.636 3.658073
2.638 3.658073
2.640 3.658073
2.642 3.658073
2.644 3.658073
2.646 3.658073
2.648 3.658073
2.650 3.658073
2.652 3.658073
2.654 3.658073
2.656 3.658073
2.658 3.658073
2.660 3.658073
2.662 3.658073
2.664 3.658073
2.666 3.658073
2.668 3.658073
2.670 3.658073
2.672 3.658073
2.674 3.658073
2.676 3.658073
2.678 3.658073
2.680 3.658073
2.682 3.658073
2.684 3.658073
2.686 3.658073
2.688 3.658073
2.690 3.658073
2.692 3.658073
2.694 3.658073
2.696 3.658073
2.698 3.658073
2.700 3.658073
2.702 3.658073
2.704 3.658073
2.706 3.658073
2.708 3.658073
2.710 3.658073
2.712 3.658073
2.714 3.658073
2.716 3.658073
2.718 3.658073
2.720 3.658073
2.722 3.658073
2.724 3.658073
2.726 3.658073
2.728 3.658073
2.730 3.658073
2.732 3.658073
2.734 3.658073
2.736 3.658073
2.738 3.658073
2.740 3.658073
2.742 3.658073
2.744 3.658073
2.746 3.658073
2.748 3.658073
2.750 3.658073
2.752 3.658073
2.754 3.658073
2.756 3.658073
2.758 3.658073
2.760 3.658073
2.762 3.658073
2.764 3.658073
2.766 3.658073
2.768 3.658073
2.770 3.658073
2.772 3.658073
2.774 3.658073
2.776 3.658073
2.778 3.658073
2.780 3.658073
2.782 3.658073
2.784 3.658073
2.786 3.658073
2.788 3.658073
2.790 3.658073
2.792 3.658073
2.794 3.658073
2.796 3.658073
2.798 3.658073
2.800 3.658073
2.802 3.658073
2.804 3.658073
2.806 3.658073
2.808 3.658073
2.810 3.658073
2.812 3.658073
2.814 3.658073
2.816 3.658073
2.818 3.658073
2.820 3.658073
2.822 3.658073
2.824 3.658073
2.826 3.658073
2.828 3.658073
2.830 3.658073
2.832 3.658073
2.834 3.658073
2.836 3.658073
2.838 3.658073
2.840 3.658073
2.842 3.658073
2.844 3.658073
2.846 3.658073
2.848 3.658073
2.850 3.658073
2.852 3.658073
2.854 3.658073
2.856 3.658073
2.858 3.658073
2.860 3.658073
2.862 3.658073
2.864 3.658073
2.866 3.658073
2.868 3.658073
2.870 3.658073
2.872 3.658073
2.874 3.658073
2.876 3.658073
2.878 3.658073
2.880 3.658073
2.882 3.658073
2.884 3.658073
2.886 3.658073
2.888 3.658073
2.890 3.658073
2.892 3.658073
2.894 3.658073
2.896 3.658073
2.898 3.658073
2.900 3.658073
2.902 3.658073
2.904 3.658073
2.906 3.658073
2.908 3.658073
2.910 3.658073
2.912 3.658073
2.914 3.658073
2.916 3.658073
2.918 3.658073
2.920 3.658073
2.922 3.658073
2.924 3.658073
2.926 3.658073
2.928 3.658073
2.930 3.658073
2.932 3.658073
2.934 3.658073
2.936 3.658073
2.938 3.658073
2.940 3.658073
2.942 3.658073
2.944 3.658073
2.946 3.658073
2.948 3.658073
2.950 3.658073
2.952 3.658073
2.954 3.658073
2.956 3.658073
2.958 3.658073
2.960 3.658073
2.962 3.658073
2.964 3.658073
2.966 3.658073
2.968 3.658073
2.970 3.658073
2.972 3.658073
2.974 3.658073
2.976 3.658073
2.978 3.658073
2.980 3.658073
2.982 3.658073
2.984 3.658073
2.986 3.658073
2.988 3.658073
2.990 3.658073
2.992 3.658073
2.994 3.658073
2.996 3.658073
2.998 3.658073
3.000 3.658073
3.002 3.658073
3.004 3.658073
3.006 3.658073
3.008 3.658073
3.010 3.658073
3.012 3.658073
3.014 3.658073
3.016 3.658073
3.018 3.658073
3.020 3.658073
3.022 3.658073
3.024 3.658073
3.026 3.658073
3.028 3.658073
3.030 3.658073
3.032 3.658073
3.034 3.658073
3.036 3.658073
3.038 3.658073
3.040 3.658073
3.042 3.658073
3.044 3.658073
3.046 3.658073
3.048 3.658073
3.050 3.658073
3.052 3.658073
3.054 3.658073
3.056 3.658073
3.058 3.658073
3.060 3.658073
3.062 3.658073
3.064 3.658073
3.066 3.658073
3.068 3.658073
3.070 3.658073
3.072 3.658073
3.074 3.658073
3.076 3.658073
3.078 3.658073
3.080 3.658073
3.082 3.658073
3.084 3.658073
3.086 3.658073
3.088 3.658073
3.090 3.658073
3.092 3.658073
3.094 3.658073
3.096 3.658073
3.098 3.658073
3.100 3.658073
3.102 3.658073
3.104 3.658073
3.106 3.658073
3.108 3.658073
3.110 3.658073
3.112 3.658073
3.114 3.658073
3.116 3.658073
3.118 3.658073
3.120 3.658073
3.122 3.658073
3.124 3.658073
3.126 3.658073
3.128 3.658073
3.130 3.658073
3.132 3.658073
3.134 3.658073
3.136 3.658073
3.138 3.658073
3.140 3.658073
3.142 3.658073
3.144 3.658073
3.146 3.658073
3.148 3.658073
3.150 3.658073
3.152 3.658073
3.154 3.658073
3.156 3.658073
3.158 3.658073
3.160 3.658073
3.162 3.658073
3.164 3.658073
3.166 3.658073
3.168 3.658073
3.170 3.658073
