0.000 -0.100633
0.004 -0.100631
0.008 -0.100627
0.012 -0.100619
0.016 -0.100607
0.020 -0.100593
0.024 -0.100575
0.028 -0.100555
0.032 -0.100531
0.036 -0.100503
0.040 -0.100473
0.044 -0.100439
0.048 -0.100403
0.052 -0.100363
0.056 -0.100319
0.060 -0.100273
0.064 -0.100223
0.068 -0.100171
0.072 -0.100115
0.076 -0.100055
0.080 -0.099961
0.084 -0.099927
0.088 -0.099859
0.092 -0.099787
0.096 -0.099711
0.100 -0.099633
0.104 -0.099551
0.108 -0.099467
0.112 -0.099379
0.116 -0.099287
0.120 -0.099193
0.124 -0.099095
0.128 -0.098995
0.132 -0.098891
0.136 -0.098783
0.140 -0.098673
0.144 -0.098559
0.148 -0.098443
0.152 -0.098323
0.156 -0.098199
0.160 -0.098073
0.164 -0.097811
0.168 -0.097743
0.172 -0.097675
0.176 -0.097535
0.180 -0.097393
0.184 -0.097247
0.188 -0.097099
0.192 -0.096947
0.196 -0.096791
0.200 -0.096633
0.204 -0.096471
0.208 -0.096307
0.212 -0.096139
0.216 -0.095967
0.220 -0.095793
0.224 -0.095615
0.228 -0.095435
0.232 -0.095251
0.236 -0.095063
0.240 -0.094873
0.244 -0.094679
0.248 -0.094483
0.252 -0.094283
0.256 -0.094079
0.260 -0.093873
0.264 -0.093663
0.268 -0.093451
0.272 -0.093235
0.276 -0.093015
0.280 -0.092793
0.284 -0.092567
0.288 -0.092339
0.292 -0.092107
0.296 -0.091871
0.300 -0.091633
0.304 -0.091391
0.308 -0.091147
0.312 -0.090899
0.316 -0.090647
0.320 -0.090393
0.324 -0.090135
0.328 -0.089875
0.332 -0.089611
0.336 -0.089343
0.340 -0.089073
0.344 -0.088799
0.348 -0.088523
0.352 -0.088243
0.356 -0.087959
0.360 -0.087673
0.364 -0.087383
0.368 -0.087091
0.372 -0.086795
0.376 -0.086495
0.380 -0.086193
0.384 -0.085887
0.388 -0.085579
0.392 -0.085267
0.396 -0.084951
0.400 -0.084633
0.404 -0.084311
0.408 -0.083987
0.412 -0.083659
0.416 -0.083327
0.420 -0.082993
0.424 -0.082655
0.428 -0.082315
0.432 -0.081971
0.436 -0.081623
0.440 -0.081273
0.444 -0.080919
0.448 -0.080563
0.452 -0.080203
0.456 -0.079839
0.460 -0.079473
0.464 -0.079103
0.468 -0.078731
0.472 -0.078355
0.476 -0.077975
0.480 -0.077593
0.484 -0.077207
0.488 -0.076819
0.492 -0.076427
0.496 -0.076031
0.500 -0.075633
0.504 -0.075231
0.508 -0.074827
0.512 -0.074419
0.516 -0.074007
0.520 -0.073593
0.524 -0.073175
0.528 -0.072755
0.532 -0.072331
0.536 -0.071903
0.540 -0.071689
0.544 -0.071039
0.548 -0.070603
0.552 -0.070163
0.556 -0.069719
0.560 -0.069273
0.564 -0.068823
0.568 -0.068371
0.572 -0.067455
0.576 -0.066761
0.580 -0.066761
0.584 -0.066527
0.588 -0.066059
0.592 -0.065587
0.596 -0.065111
0.600 -0.064151
0.604 -0.063909
0.608 -0.063667
0.612 -0.063179
0.616 -0.062687
0.620 -0.062193
0.624 -0.061695
0.628 -0.061195
0.632 -0.060691
0.636 -0.060183
0.640 -0.059673
0.644 -0.059159
0.648 -0.058643
0.652 -0.058123
0.656 -0.057599
0.660 -0.057073
0.664 -0.056543
0.668 -0.056011
0.672 -0.055205
0.676 -0.054935
0.680 -0.054393
0.684 -0.053847
0.688 -0.053299
0.692 -0.052747
0.696 -0.052191
0.700 -0.051633
0.704 -0.051071
0.708 -0.050507
0.712 -0.049939
0.716 -0.049367
0.720 -0.048793
0.724 -0.048215
0.728 -0.047635
0.732 -0.047051
0.736 -0.046463
0.740 -0.045873
0.744 -0.045279
0.748 -0.044683
0.752 -0.044083
0.756 -0.043479
0.760 -0.042873
0.764 -0.042263
0.768 -0.041651
0.772 -0.040725
0.776 -0.040415
0.780 -0.039793
0.784 -0.039167
0.788 -0.038853
0.792 -0.037907
0.796 -0.037271
0.800 -0.036633
0.804 -0.035991
0.808 -0.035347
0.812 -0.034699
0.816 -0.034047
0.820 -0.033393
0.824 -0.032735
0.828 -0.032075
0.832 -0.031411
0.836 -0.030743
0.840 -0.030073
0.844 -0.029399
0.848 -0.028723
0.852 -0.028043
0.856 -0.027359
0.860 -0.026673
0.864 -0.025983
0.868 -0.025291
0.872 -0.024595
0.876 -0.023895
0.880 -0.023193
0.884 -0.022487
0.888 -0.021779
0.892 -0.021067
0.896 -0.020351
0.900 -0.019633
0.904 -0.018911
0.908 -0.018187
0.912 -0.017459
0.916 -0.016727
0.920 -0.015993
0.924 -0.015255
0.928 -0.014515
0.932 -0.013771
0.936 -0.013023
0.940 -0.012273
0.944 -0.011519
0.948 -0.010763
0.952 -0.010003
0.956 -0.009239
0.960 -0.008473
0.964 -0.007703
0.968 -0.006931
0.972 -0.006155
0.976 -0.005375
0.980 -0.004593
0.984 -0.003807
0.988 -0.003019
0.992 -0.002227
0.996 -0.001431
1.000 -0.000633
1.004 0.000169
1.008 0.000973
1.012 0.001781
1.016 0.002593
1.020 0.003407
1.024 0.004225
1.028 0.005045
1.032 0.006697
1.036 0.006697
1.040 0.007527
1.044 0.008361
1.048 0.009197
1.052 0.010037
1.056 0.010881
1.060 0.011727
1.064 0.012577
1.068 0.013857
1.072 0.014285
1.076 0.015145
1.080 0.016007
1.084 0.016873
1.088 0.017741
1.092 0.018613
1.096 0.019489
1.100 0.021691
1.104 0.021691
1.108 0.022133
1.112 0.023021
1.116 0.023913
1.120 0.024807
1.124 0.025705
1.128 0.026605
1.132 0.027509
1.136 0.028417
1.140 0.029327
1.144 0.030241
1.148 0.031157
1.152 0.032077
1.156 0.033001
1.160 0.033927
1.164 0.034857
1.168 0.035323
1.172 0.035789
1.176 0.037665
1.180 0.038607
1.184 0.039553
1.188 0.040501
1.192 0.041453
1.196 0.042409
1.200 0.043367
1.204 0.044329
1.208 0.045293
1.212 0.046261
1.216 0.047233
1.220 0.048207
1.224 0.049185
1.228 0.050165
1.232 0.051149
1.236 0.052137
1.240 0.053127
1.244 0.054121
1.248 0.055117
1.252 0.056117
1.256 0.057121
1.260 0.058127
1.264 0.059137
1.268 0.059643
1.272 0.059643
1.276 0.062185
1.280 0.063207
1.284 0.064233
1.288 0.065261
1.292 0.066293
1.296 0.067329
1.300 0.068367
1.304 0.069409
1.308 0.070453
1.312 0.071501
1.316 0.072553
1.320 0.073607
1.324 0.074665
1.328 0.075725
1.332 0.076789
1.336 0.077857
1.340 0.078927
1.344 0.080001
1.348 0.081077
1.352 0.082157
1.356 0.083241
1.360 0.084327
1.364 0.085417
1.368 0.086509
1.372 0.087605
1.376 0.088705
1.380 0.089807
1.384 0.090913
1.388 0.092021
1.392 0.093133
1.396 0.094249
1.400 0.095367
1.404 0.096489
1.408 0.097613
1.412 0.098741
1.416 0.099307
1.420 0.101007
1.424 0.102145
1.428 0.103285
1.432 0.104429
1.436 0.105577
1.440 0.107303
1.444 0.107881
1.448 0.109037
1.452 0.110197
1.456 0.111361
1.460 0.112527
1.464 0.113697
1.468 0.114869
1.472 0.116045
1.476 0.117225
1.480 0.118407
1.484 0.119593
1.488 0.120781
1.492 0.121973
1.496 0.123169
1.500 0.124367
1.504 0.125567
1.508 0.126767
1.512 0.127967
1.516 0.129167
1.520 0.130367
1.524 0.131567
1.528 0.132767
1.532 0.133967
1.536 0.135167
1.540 0.136367
1.544 0.137567
1.548 0.138767
1.552 0.139967
1.556 0.141167
1.560 0.142367
1.564 0.143567
1.568 0.144767
1.572 0.145967
1.576 0.147167
1.580 0.148367
1.584 0.149567
1.588 0.150767
1.592 0.151967
1.596 0.153167
1.600 0.154967
1.604 0.156167
1.608 0.156767
1.612 0.157967
1.616 0.159167
1.620 0.160367
1.624 0.161567
1.628 0.162767
1.632 0.163967
1.636 0.165167
1.640 0.166367
1.644 0.167567
1.648 0.168767
1.652 0.169967
1.656 0.171167
1.660 0.172367
1.664 0.173567
1.668 0.174767
1.672 0.175966
1.676 0.177162
1.680 0.178354
1.684 0.179544
1.688 0.180730
1.692 0.181913
1.696 0.183093
1.700 0.184270
1.704 0.185443
1.708 0.186613
1.712 0.187780
1.716 0.188944
1.720 0.190105
1.724 0.191262
1.728 0.192416
1.732 0.193567
1.736 0.194715
1.740 0.195860
1.744 0.197001
1.748 0.198139
1.752 0.199274
1.756 0.200406
1.760 0.201535
1.764 0.202660
1.768 0.203783
1.772 0.206017
1.776 0.206017
1.780 0.207130
1.784 0.208239
1.788 0.209346
1.792 0.210449
1.796 0.211549
1.800 0.213192
1.804 0.213739
1.808 0.214829
1.812 0.215916
1.816 0.217000
1.820 0.218080
1.824 0.219158
1.828 0.220232
1.832 0.221303
1.836 0.222371
1.840 0.223435
1.844 0.224497
1.848 0.226083
1.852 0.226610
1.856 0.227662
1.860 0.228710
1.864 0.229756
1.868 0.230798
1.872 0.231837
1.876 0.232873
1.880 0.233906
1.884 0.234935
1.888 0.235961
1.892 0.236984
1.896 0.238004
1.900 0.239021
1.904 0.240540
1.908 0.241044
1.912 0.242051
1.916 0.243055
1.920 0.244056
1.924 0.245053
1.928 0.246047
1.932 0.247038
1.936 0.248026
1.940 0.249011
1.944 0.249992
1.948 0.250971
1.952 0.251946
1.956 0.252917
1.960 0.253886
1.964 0.254851
1.968 0.256294
1.972 0.256773
1.976 0.257728
1.980 0.258681
1.984 0.259630
1.988 0.260577
1.992 0.261520
1.996 0.262460
2.000 0.263396
2.004 0.264330
2.008 0.265260
2.012 0.266187
2.016 0.267111
2.020 0.268031
2.024 0.268949
2.028 0.269863
2.032 0.270774
2.036 0.271682
2.040 0.272586
2.044 0.273488
2.048 0.274386
2.052 0.275281
2.056 0.276173
2.060 0.277061
2.064 0.277947
2.068 0.278829
2.072 0.280146
2.076 0.280584
2.080 0.281457
2.084 0.282326
2.088 0.283192
2.092 0.284055
2.096 0.284915
2.100 0.285772
2.104 0.286625
2.108 0.287475
2.112 0.288322
2.116 0.289166
2.120 0.290007
2.124 0.290844
2.128 0.291678
2.132 0.292509
2.136 0.293337
2.140 0.294162
2.144 0.294983
2.148 0.295802
2.152 0.296617
2.156 0.297428
2.160 0.298237
2.164 0.299042
2.168 0.299845
2.172 0.301836
2.176 0.301836
2.180 0.302232
2.184 0.303022
2.188 0.303808
2.192 0.304591
2.196 0.305371
2.200 0.306147
2.204 0.306921
2.208 0.307691
2.212 0.308458
2.216 0.309222
2.220 0.309982
2.224 0.310740
2.228 0.311494
2.232 0.312245
2.236 0.312993
2.240 0.313737
2.244 0.314479
2.248 0.315217
2.252 0.315952
2.256 0.316684
2.260 0.317413
2.264 0.318138
2.268 0.318860
2.272 0.319579
2.276 0.320295
2.280 0.321008
2.284 0.321717
2.288 0.322423
2.292 0.323126
2.296 0.323826
2.300 0.324523
2.304 0.325562
2.308 0.325906
2.312 0.326593
2.316 0.327277
2.320 0.327958
2.324 0.328635
2.328 0.329310
2.332 0.329981
2.336 0.330648
2.340 0.331313
2.344 0.331974
2.348 0.332633
2.352 0.333288
2.356 0.333939
2.360 0.334588
2.364 0.335233
2.368 0.335876
2.372 0.336515
2.376 0.337151
2.380 0.337783
2.384 0.338413
2.388 0.339039
2.392 0.339662
2.396 0.340282
2.400 0.340898
2.404 0.341512
2.408 0.342122
2.412 0.342729
2.416 0.343333
2.420 0.343933
2.424 0.344531
2.428 0.345125
2.432 0.345716
2.436 0.346304
2.440 0.347470
2.444 0.347470
2.448 0.348048
2.452 0.348623
2.456 0.349195
2.460 0.349764
2.464 0.350329
2.468 0.351729
2.472 0.351729
2.476 0.352006
2.480 0.352559
2.484 0.353108
2.488 0.353654
2.492 0.354197
2.496 0.354737
2.500 0.355274
2.504 0.355807
2.508 0.356337
2.512 0.356864
2.516 0.357388
2.520 0.357909
2.524 0.358426
2.528 0.358941
2.532 0.359452
2.536 0.359959
2.540 0.360464
2.544 0.360965
2.548 0.361464
2.552 0.361959
2.556 0.362451
2.560 0.362939
2.564 0.363425
2.568 0.363907
2.572 0.364386
2.576 0.364862
2.580 0.365334
2.584 0.365804
2.588 0.366270
2.592 0.366733
2.596 0.367193
2.600 0.367649
2.604 0.368103
2.608 0.368553
2.612 0.369000
2.616 0.369444
2.620 0.369884
2.624 0.370322
2.628 0.370756
2.632 0.371187
2.636 0.371615
2.640 0.372040
2.644 0.372461
2.648 0.372879
2.652 0.373294
2.656 0.373706
2.660 0.374115
2.664 0.374520
2.668 0.374922
2.672 0.375717
2.676 0.375717
2.680 0.376110
2.684 0.376499
2.688 0.376885
2.692 0.377268
2.696 0.377648
2.700 0.378025
2.704 0.378398
2.708 0.378584
2.712 0.379136
2.716 0.379499
2.720 0.379860
2.724 0.380217
2.728 0.380572
2.732 0.380923
2.736 0.381270
2.740 0.381615
2.744 0.381957
2.748 0.382295
2.752 0.382630
2.756 0.382962
2.760 0.383290
2.764 0.383616
2.768 0.383938
2.772 0.384257
2.776 0.384573
2.780 0.384885
2.784 0.385195
2.788 0.385501
2.792 0.385804
2.796 0.386104
2.800 0.386400
2.804 0.386694
2.808 0.386984
2.812 0.387271
2.816 0.387555
2.820 0.387836
2.824 0.388113
2.828 0.388387
2.832 0.388658
2.836 0.388926
2.840 0.389191
2.844 0.389452
2.848 0.389710
2.852 0.389965
2.856 0.390217
2.860 0.390466
2.864 0.390711
2.868 0.390953
2.872 0.391073
2.876 0.391428
2.880 0.391661
2.884 0.391890
2.888 0.392116
2.892 0.392339
2.896 0.392559
2.900 0.392776
2.904 0.392989
2.908 0.393407
2.912 0.393407
2.916 0.393610
2.920 0.393811
2.924 0.394008
2.928 0.394203
2.932 0.394394
2.936 0.394766
2.940 0.394857
2.944 0.394948
2.948 0.395126
2.952 0.395301
2.956 0.395473
2.960 0.395641
2.964 0.395807
2.968 0.395969
2.972 0.396128
2.976 0.396284
2.980 0.396436
2.984 0.396586
2.988 0.396732
2.992 0.396875
2.996 0.397015
3.000 0.397151
3.004 0.397285
3.008 0.397479
3.012 0.397542
3.016 0.397666
3.020 0.397787
3.024 0.397904
3.028 0.398018
3.032 0.398129
3.036 0.398237
3.040 0.398342
3.044 0.398443
3.048 0.398541
3.052 0.398636
3.056 0.398728
3.060 0.398817
3.064 0.398902
3.068 0.398984
3.072 0.399063
3.076 0.399139
3.080 0.399212
3.084 0.399281
3.088 0.399348
3.092 0.399411
3.096 0.399470
3.100 0.399527
3.104 0.399580
3.108 0.399655
3.112 0.399678
3.116 0.399721
3.120 0.399762
3.124 0.399800
3.128 0.399834
3.132 0.399865
3.136 0.399893
3.140 0.399905
3.144 0.399905
3.148 0.399957
3.152 0.399972
3.156 0.399984
3.160 0.399992
3.164 0.399998
3.168 0.400000
3.170 0.400000
