0.000 -0.100633
0.004 -0.100633
0.008 -0.100630
0.012 -0.100625
0.016 -0.100617
0.020 -0.100606
0.024 -0.100593
0.028 -0.100576
0.032 -0.100557
0.036 -0.100534
0.040 -0.100509
0.044 -0.100481
0.048 -0.100449
0.052 -0.100415
0.056 -0.100378
0.060 -0.100337
0.064 -0.100293
0.068 -0.100247
0.072 -0.100197
0.076 -0.100143
0.080 -0.100087
0.084 -0.100016
0.088 -0.099967
0.092 -0.099899
0.096 -0.099829
0.100 -0.099757
0.104 -0.099681
0.108 -0.099602
0.112 -0.099520
0.116 -0.099434
0.120 -0.099345
0.124 -0.099253
0.128 -0.099158
0.132 -0.099059
0.136 -0.098957
0.140 -0.098852
0.144 -0.098743
0.148 -0.098598
0.152 -0.098512
0.156 -0.098400
0.160 -0.098274
0.164 -0.098149
0.168 -0.097898
0.172 -0.097867
0.176 -0.097768
0.180 -0.097611
0.184 -0.097470
0.188 -0.097327
0.192 -0.097136
0.196 -0.097023
0.200 -0.096877
0.204 -0.096713
0.208 -0.096552
0.212 -0.096387
0.216 -0.096219
0.220 -0.096048
0.224 -0.095873
0.228 -0.095695
0.232 -0.095514
0.236 -0.095329
0.240 -0.095141
0.244 -0.094950
0.248 -0.094756
0.252 -0.094558
0.256 -0.094357
0.260 -0.094153
0.264 -0.093945
0.268 -0.093734
0.272 -0.093520
0.276 -0.093303
0.280 -0.093082
0.284 -0.092858
0.288 -0.092631
0.292 -0.092401
0.296 -0.092167
0.300 -0.091930
0.304 -0.091690
0.308 -0.091446
0.312 -0.091199
0.316 -0.090949
0.320 -0.090625
0.324 -0.090433
0.328 -0.090187
0.332 -0.089914
0.336 -0.089649
0.340 -0.089380
0.344 -0.089108
0.348 -0.088832
0.352 -0.088552
0.356 -0.088270
0.360 -0.087984
0.364 -0.087696
0.368 -0.087403
0.372 -0.087108
0.376 -0.086810
0.380 -0.086508
0.384 -0.086203
0.388 -0.085894
0.392 -0.085583
0.396 -0.085268
0.400 -0.084950
0.404 -0.084629
0.408 -0.084305
0.412 -0.083977
0.416 -0.083646
0.420 -0.083312
0.424 -0.082975
0.428 -0.082635
0.432 -0.082291
0.436 -0.081944
0.440 -0.081594
0.444 -0.081241
0.448 -0.080884
0.452 -0.080524
0.456 -0.080161
0.460 -0.079795
0.464 -0.079426
0.468 -0.079053
0.472 -0.078677
0.476 -0.078298
0.480 -0.077916
0.484 -0.077531
0.488 -0.077142
0.492 -0.076750
0.496 -0.076355
0.500 -0.075957
0.504 -0.075555
0.508 -0.075150
0.512 -0.074743
0.516 -0.074331
0.520 -0.073917
0.524 -0.073500
0.528 -0.073079
0.532 -0.072655
0.536 -0.072228
0.540 -0.071797
0.544 -0.071563
0.548 -0.070923
0.552 -0.070473
0.556 -0.070052
0.560 -0.069601
0.564 -0.069150
0.568 -0.068698
0.572 -0.068242
0.576 -0.067359
0.580 -0.066820
0.584 -0.066827
0.588 -0.066418
0.592 -0.065886
0.596 -0.065420
0.600 -0.064678
0.604 -0.064130
0.608 -0.063944
0.612 -0.063520
0.616 -0.062986
0.620 -0.062497
0.624 -0.062004
0.628 -0.061503
0.632 -0.061001
0.636 -0.060495
0.640 -0.059985
0.644 -0.059472
0.648 -0.058957
0.652 -0.058437
0.656 -0.057915
0.660 -0.057389
0.664 -0.056861
0.668 -0.056328
0.672 -0.055793
0.676 -0.055158
0.680 -0.054732
0.684 -0.054170
0.688 -0.053614
0.692 -0.053066
0.696 -0.052511
0.700 -0.051953
0.704 -0.051392
0.708 -0.050828
0.712 -0.050260
0.716 -0.049689
0.720 -0.049115
0.724 -0.048538
0.728 -0.047958
0.732 -0.047374
0.736 -0.046787
0.740 -0.046197
0.744 -0.045603
0.748 -0.045007
0.752 -0.044407
0.756 -0.043804
0.760 -0.043198
0.764 -0.042588
0.768 -0.041976
0.772 -0.041360
0.776 -0.040456
0.780 -0.040124
0.784 -0.039513
0.788 -0.038853
0.792 -0.038340
0.796 -0.037571
0.800 -0.036952
0.804 -0.036320
0.808 -0.035671
0.812 -0.035023
0.816 -0.034373
0.820 -0.033718
0.824 -0.033061
0.828 -0.032400
0.832 -0.031736
0.836 -0.031069
0.840 -0.030399
0.844 -0.029725
0.848 -0.029048
0.852 -0.028368
0.856 -0.027685
0.860 -0.026999
0.864 -0.026309
0.868 -0.025616
0.872 -0.024920
0.876 -0.024221
0.880 -0.023519
0.884 -0.022813
0.888 -0.022104
0.892 -0.021392
0.896 -0.020677
0.900 -0.019959
0.904 -0.019237
0.908 -0.018512
0.912 -0.017784
0.916 -0.017053
0.920 -0.016319
0.924 -0.015581
0.928 -0.014840
0.932 -0.014096
0.936 -0.013349
0.940 -0.012599
0.944 -0.011845
0.948 -0.011088
0.952 -0.010328
0.956 -0.009565
0.960 -0.008799
0.964 -0.008029
0.968 -0.007256
0.972 -0.006480
0.976 -0.005701
0.980 -0.004919
0.984 -0.004133
0.988 -0.003344
0.992 -0.002552
0.996 -0.001757
1.000 -0.000959
1.004 -0.000157
1.008 0.000648
1.012 0.001456
1.016 0.002267
1.020 0.003082
1.024 0.003899
1.028 0.004720
1.032 0.005544
1.036 0.006642
1.040 0.007005
1.044 0.007869
1.048 0.008763
1.052 0.009603
1.056 0.010456
1.060 0.011314
1.064 0.012174
1.068 0.013274
1.072 0.013874
1.076 0.014536
1.080 0.015501
1.084 0.016390
1.088 0.017026
1.092 0.018099
1.096 0.019055
1.100 0.019918
1.104 0.021184
1.108 0.021461
1.112 0.022210
1.116 0.023254
1.120 0.024182
1.124 0.025108
1.128 0.026047
1.132 0.026984
1.136 0.027922
1.140 0.028860
1.144 0.029800
1.148 0.030741
1.152 0.031683
1.156 0.032627
1.160 0.033573
1.164 0.034520
1.168 0.035468
1.172 0.035728
1.176 0.036571
1.180 0.037995
1.184 0.038961
1.188 0.039914
1.192 0.040916
1.196 0.041908
1.200 0.042898
1.204 0.043891
1.208 0.044884
1.212 0.045878
1.216 0.046873
1.220 0.047870
1.224 0.048867
1.228 0.049867
1.232 0.050867
1.236 0.051870
1.240 0.052874
1.244 0.053880
1.248 0.054888
1.252 0.055899
1.256 0.056911
1.260 0.057925
1.264 0.058942
1.268 0.059961
1.272 0.060232
1.276 0.060616
1.280 0.062041
1.284 0.063290
1.288 0.064333
1.292 0.065439
1.296 0.066548
1.300 0.067649
1.304 0.068749
1.308 0.069848
1.312 0.070947
1.316 0.072044
1.320 0.073142
1.324 0.074239
1.328 0.075337
1.332 0.076435
1.336 0.077533
1.340 0.078631
1.344 0.079731
1.348 0.080831
1.352 0.081932
1.356 0.083035
1.360 0.084138
1.364 0.085244
1.368 0.086350
1.372 0.087459
1.376 0.088569
1.380 0.089681
1.384 0.090795
1.388 0.091911
1.392 0.093029
1.396 0.094149
1.400 0.095272
1.404 0.096397
1.408 0.097524
1.412 0.098654
1.416 0.099786
1.420 0.100574
1.424 0.101965
1.428 0.103113
1.432 0.104242
1.436 0.105402
1.440 0.106761
1.444 0.107569
1.448 0.108492
1.452 0.109785
1.456 0.110979
1.460 0.112162
1.464 0.113358
1.468 0.114554
1.472 0.115750
1.476 0.116948
1.480 0.118147
1.484 0.119348
1.488 0.120551
1.492 0.121755
1.496 0.122961
1.500 0.124170
1.504 0.125380
1.508 0.126590
1.512 0.127800
1.516 0.129009
1.520 0.130218
1.524 0.131426
1.528 0.132634
1.532 0.133841
1.536 0.135048
1.540 0.136255
1.544 0.137462
1.548 0.138668
1.552 0.139874
1.556 0.141079
1.560 0.142284
1.564 0.143489
1.568 0.144694
1.572 0.145899
1.576 0.147103
1.580 0.148307
1.584 0.149511
1.588 0.150714
1.592 0.151918
1.596 0.152785
1.600 0.154088
1.604 0.156015
1.608 0.156613
1.612 0.157518
1.616 0.158887
1.620 0.160116
1.624 0.161328
1.628 0.162556
1.632 0.163779
1.636 0.165000
1.640 0.166220
1.644 0.167631
1.648 0.168552
1.652 0.169746
1.656 0.171008
1.660 0.172224
1.664 0.173442
1.668 0.174663
1.672 0.175880
1.676 0.177095
1.680 0.178305
1.684 0.179511
1.688 0.180714
1.692 0.181913
1.696 0.183108
1.700 0.184299
1.704 0.185486
1.708 0.186670
1.712 0.187849
1.716 0.189026
1.720 0.190198
1.724 0.191367
1.728 0.192532
1.732 0.193693
1.736 0.194851
1.740 0.196005
1.744 0.197155
1.748 0.198302
1.752 0.199446
1.756 0.200585
1.760 0.201722
1.764 0.202854
1.768 0.203983
1.772 0.205109
1.776 0.206451
1.780 0.206997
1.784 0.208164
1.788 0.209355
1.792 0.210471
1.796 0.211596
1.800 0.212720
1.804 0.213916
1.808 0.214837
1.812 0.215990
1.816 0.217110
1.820 0.218208
1.824 0.219307
1.828 0.220403
1.832 0.221493
1.836 0.222578
1.840 0.223659
1.844 0.224736
1.848 0.225809
1.852 0.226968
1.856 0.227842
1.860 0.228945
1.864 0.230016
1.868 0.231066
1.872 0.232119
1.876 0.233167
1.880 0.234211
1.884 0.235250
1.888 0.236286
1.892 0.237317
1.896 0.238345
1.900 0.239369
1.904 0.240608
1.908 0.241313
1.912 0.242103
1.916 0.243224
1.920 0.244252
1.924 0.245262
1.928 0.246279
1.932 0.247290
1.936 0.248295
1.940 0.249296
1.944 0.250293
1.948 0.251285
1.952 0.252273
1.956 0.253480
1.960 0.254216
1.964 0.255152
1.968 0.256392
1.972 0.257061
1.976 0.257805
1.980 0.258875
1.984 0.259853
1.988 0.260813
1.992 0.261779
1.996 0.262740
2.000 0.263694
2.004 0.264645
2.008 0.265591
2.012 0.266532
2.016 0.267469
2.020 0.268401
2.024 0.269329
2.028 0.270253
2.032 0.271173
2.036 0.272088
2.040 0.273000
2.044 0.273907
2.048 0.274811
2.052 0.275711
2.056 0.276607
2.060 0.277499
2.064 0.278387
2.068 0.279272
2.072 0.280153
2.076 0.281178
2.080 0.281866
2.084 0.282766
2.088 0.283645
2.092 0.284502
2.096 0.285362
2.100 0.286219
2.104 0.287072
2.108 0.287922
2.112 0.288768
2.116 0.289611
2.120 0.290450
2.124 0.291286
2.128 0.292119
2.132 0.292948
2.136 0.293774
2.140 0.294597
2.144 0.295416
2.148 0.296233
2.152 0.297046
2.156 0.297855
2.160 0.298662
2.164 0.299465
2.168 0.300265
2.172 0.301062
2.176 0.302236
2.180 0.302442
2.184 0.303089
2.188 0.303998
2.192 0.304795
2.196 0.305585
2.200 0.306383
2.204 0.306956
2.208 0.307937
2.212 0.308762
2.216 0.309509
2.220 0.310285
2.224 0.311055
2.228 0.311819
2.232 0.312580
2.236 0.313336
2.240 0.314088
2.244 0.314837
2.248 0.315582
2.252 0.316322
2.256 0.317059
2.260 0.317793
2.264 0.318522
2.268 0.319248
2.272 0.319970
2.276 0.320689
2.280 0.321404
2.284 0.322115
2.288 0.322823
2.292 0.323528
2.296 0.324229
2.300 0.324926
2.304 0.325620
2.308 0.326435
2.312 0.326972
2.316 0.327679
2.320 0.328369
2.324 0.329041
2.328 0.329715
2.332 0.330385
2.336 0.331052
2.340 0.331716
2.344 0.332376
2.348 0.333033
2.352 0.333687
2.356 0.334338
2.360 0.334985
2.364 0.335629
2.368 0.336270
2.372 0.336907
2.376 0.337542
2.380 0.338173
2.384 0.338801
2.388 0.339425
2.392 0.340047
2.396 0.340665
2.400 0.341280
2.404 0.341892
2.408 0.342501
2.412 0.343106
2.416 0.343709
2.420 0.344308
2.424 0.344904
2.428 0.345497
2.432 0.346086
2.436 0.346673
2.440 0.347533
2.444 0.348055
2.448 0.348202
2.452 0.348850
2.456 0.349462
2.460 0.350027
2.464 0.350602
2.468 0.351174
2.472 0.352131
2.476 0.352391
2.480 0.352701
2.484 0.353311
2.488 0.353889
2.492 0.354438
2.496 0.354992
2.500 0.355542
2.504 0.356087
2.508 0.356776
2.512 0.357179
2.516 0.357682
2.520 0.358231
2.524 0.358754
2.528 0.359274
2.532 0.359791
2.536 0.360305
2.540 0.360956
2.544 0.361335
2.548 0.361809
2.552 0.362327
2.556 0.362820
2.560 0.363310
2.564 0.363799
2.568 0.364283
2.572 0.364764
2.576 0.365241
2.580 0.365715
2.584 0.366186
2.588 0.366653
2.592 0.367117
2.596 0.367577
2.600 0.368034
2.604 0.368488
2.608 0.368938
2.612 0.369385
2.616 0.369828
2.620 0.370269
2.624 0.370706
2.628 0.371139
2.632 0.371570
2.636 0.371997
2.640 0.372421
2.644 0.372841
2.648 0.373259
2.652 0.373673
2.656 0.374084
2.660 0.374491
2.664 0.374896
2.668 0.375297
2.672 0.375583
2.676 0.376282
2.680 0.376444
2.684 0.376825
2.688 0.377238
2.692 0.377617
2.696 0.377997
2.700 0.378375
2.704 0.378749
2.708 0.379120
2.712 0.379421
2.716 0.379865
2.720 0.380214
2.724 0.380567
2.728 0.380924
2.732 0.381275
2.736 0.381622
2.740 0.381967
2.744 0.382308
2.748 0.382646
2.752 0.382981
2.756 0.383313
2.760 0.383641
2.764 0.383966
2.768 0.384288
2.772 0.384607
2.776 0.384922
2.780 0.385235
2.784 0.385544
2.788 0.385849
2.792 0.386152
2.796 0.386451
2.800 0.386748
2.804 0.387041
2.808 0.387330
2.812 0.387697
2.816 0.387908
2.820 0.388172
2.824 0.388460
2.828 0.388732
2.832 0.389002
2.836 0.389270
2.840 0.389534
2.844 0.389795
2.848 0.390052
2.852 0.390307
2.856 0.390558
2.860 0.390806
2.864 0.391051
2.868 0.391293
2.872 0.391531
2.876 0.391591
2.880 0.391995
2.884 0.392243
2.888 0.392447
2.892 0.392673
2.896 0.392894
2.900 0.393110
2.904 0.393323
2.908 0.393533
2.912 0.393872
2.916 0.393934
2.920 0.394136
2.924 0.394347
2.928 0.394537
2.932 0.394727
2.936 0.395019
2.940 0.395278
2.944 0.395349
2.948 0.395448
2.952 0.395636
2.956 0.395812
2.960 0.395977
2.964 0.396142
2.968 0.396304
2.972 0.396462
2.976 0.396618
2.980 0.396770
2.984 0.396919
2.988 0.397065
2.992 0.397207
2.996 0.397347
3.000 0.397483
3.004 0.397616
3.008 0.397782
3.012 0.397899
3.016 0.397987
3.020 0.398117
3.024 0.398235
3.028 0.398348
3.032 0.398459
3.036 0.398566
3.040 0.398671
3.044 0.398772
3.048 0.398870
3.052 0.398965
3.056 0.399056
3.060 0.399145
3.064 0.399230
3.068 0.399312
3.072 0.399391
3.076 0.399466
3.080 0.399539
3.084 0.399608
3.088 0.399674
3.092 0.399737
3.096 0.399797
3.100 0.399853
3.104 0.399921
3.108 0.399985
3.112 0.400013
3.116 0.400043
3.120 0.400089
3.124 0.400126
3.128 0.400160
3.132 0.400191
3.136 0.400219
3.140 0.400243
3.144 0.400247
3.148 0.400265
3.152 0.400301
3.156 0.400310
3.160 0.400317
3.164 0.400323
3.168 0.400325
3.170 0.400325
