0.000 -2.738119
0.008 -2.738119
0.016 -2.738119
0.024 -2.738119
0.032 -2.738119
0.040 -2.738119
0.048 -2.738119
0.056 -2.738119
0.064 -2.738119
0.072 -2.738119
0.080 -2.738119
0.088 -2.738119
0.096 -2.738119
0.104 -2.738119
0.112 -2.738119
0.120 -2.738119
0.128 -2.738119
0.136 -2.738119
0.144 -2.738119
0.152 -2.738119
0.160 -2.738119
0.168 -2.738119
0.176 -2.738119
0.184 -2.738119
0.192 -2.738119
0.200 -2.738119
0.208 -2.738119
0.216 -2.738119
0.224 -2.738119
0.232 -2.738119
0.240 -2.738119
0.248 -2.738119
0.256 -2.738119
0.264 -2.738119
0.272 -2.738119
0.280 -2.738119
0.288 -2.738119
0.296 -2.738119
0.304 -2.738119
0.312 -2.738119
0.320 -2.738119
0.328 -2.738119
0.336 -2.738119
0.344 -2.738119
0.352 -2.738119
0.360 -2.738119
0.368 -2.738119
0.376 -2.738119
0.384 -2.738119
0.392 -2.738119
0.400 -2.738119
0.408 -2.738119
0.416 -2.738119
0.424 -2.738119
0.432 -2.738119
0.440 -2.738119
0.448 -2.738119
0.456 -2.738119
0.464 -2.738119
0.472 -2.738119
0.480 -2.738119
0.488 -2.738119
0.496 -2.738119
0.504 -2.738119
0.512 -2.738119
0.520 -2.738119
0.528 -2.738119
0.536 -2.738119
0.544 -2.738119
0.552 -2.738119
0.560 -2.738119
0.568 -2.738119
0.576 -2.738119
0.584 -2.738119
0.592 -2.738119
0.600 -2.738119
0.608 -2.738119
0.616 -2.738119
0.624 -2.738119
0.632 -2.738119
0.640 -2.738119
0.648 -2.738119
0.656 -2.738119
0.664 -2.738119
0.672 -2.738119
0.680 -2.738119
0.688 -2.738119
0.696 -2.738119
0.704 -2.738119
0.712 -2.738119
0.720 -2.738119
0.728 -2.738119
0.736 -2.738119
0.744 -2.738119
0.752 -2.738119
0.760 -2.738119
0.768 -2.738119
0.776 -2.738119
0.784 -2.738119
0.792 -2.738119
0.800 -2.738119
0.808 -2.738119
0.816 -2.738119
0.824 -2.738119
0.832 -2.738119
0.840 -2.738119
0.848 -2.738119
0.856 -2.738119
0.864 -2.738119
0.872 -2.738119
0.880 -2.738119
0.888 -2.738119
0.896 -2.738119
0.904 -2.738119
0.912 -2.738119
0.920 -2.738119
0.928 -2.738119
0.936 -2.738119
0.944 -2.738119
0.952 -2.738119
0.960 -2.738119
0.968 -2.738119
0.976 -2.738119
0.984 -2.738119
0.992 -2.738119
1.000 -2.738119
1.008 -2.738119
1.016 -2.738119
1.024 -2.738119
1.032 -2.738119
1.040 -2.738119
1.048 -2.738119
1.056 -2.738119
1.064 -2.738119
1.072 -2.738119
1.080 -2.738119
1.088 -2.738119
1.096 -2.738119
1.104 -2.738119
1.112 -2.738119
1.120 -2.738119
1.128 -2.738119
1.136 -2.738119
1.144 -2.738119
1.152 -2.738119
1.160 -2.738119
1.168 -2.738119
1.176 -2.738119
1.184 -2.738119
1.192 -2.738119
1.200 -2.738119
1.208 -2.738119
1.216 -2.738119
1.224 -2.738119
1.232 -2.738119
1.240 -2.738119
1.248 -2.738119
1.256 -2.738119
1.264 -2.738119
1.272 -2.738119
1.280 -2.738119
1.288 -2.738119
1.296 -2.738119
1.304 -2.738119
1.312 -2.738119
1.320 -2.738119
1.328 -2.738119
1.336 -2.738119
1.344 -2.738119
1.352 -2.738119
1.360 -2.738119
1.368 -2.738119
1.376 -2.738119
1.384 -2.738119
1.392 -2.738119
1.400 -2.738119
1.408 -2.738119
1.416 -2.738119
1.424 -2.738119
1.432 -2.738119
1.440 -2.738119
1.448 -2.738119
1.456 -2.738119
1.464 -2.738119
1.472 -2.738119
1.480 -2.738119
1.488 -2.738119
1.496 -2.738119
1.504 -2.738119
1.512 -2.738119
1.520 -2.738119
1.528 -2.738119
1.536 -2.738119
1.544 -2.738119
1.552 -2.738119
1.560 -2.738119
1.568 -2.738119
1.576 -2.738119
1.584 -2.738119
1.592 -2.738119
1.600 -2.738119
1.608 -2.738119
1.616 -2.738119
1.624 -2.738119
1.632 -2.738119
1.640 -2.738119
1.648 -2.738119
1.656 -2.738119
1.664 -2.738119
1.672 -2.738119
1.680 -2.738119
1.688 -2.738119
1.696 -2.738119
1.704 -2.738119
1.712 -2.738119
1.720 -2.738119
1.728 -2.738119
1.736 -2.738119
1.744 -2.738119
1.752 -2.738119
1.760 -2.738119
1.768 -2.738119
1.776 -2.738119
1.784 -2.738119
1.792 -2.738119
1.800 -2.738119
1.808 -2.738119
1.816 -2.738119
1.824 -2.738119
1.832 -2.738119
1.840 -2.738119
1.848 -2.738119
1.856 -2.738119
1.864 -2.738119
1.872 -2.738119
1.880 -2.738119
1.888 -2.738119
1.896 -2.738119
1.904 -2.738119
1.912 -2.738119
1.920 -2.738119
1.928 -2.738119
1.936 -2.738119
1.944 -2.738119
1.952 -2.738119
1.960 -2.738119
1.968 -2.738119
1.976 -2.738119
1.984 -2.738119
1.992 -2.738119
2.000 -2.738119
2.008 -2.738119
2.016 -2.738119
2.024 -2.738119
2.032 -2.738119
2.040 -2.738119
2.048 -2.738119
2.056 -2.738119
2.064 -2.738119
2.072 -2.738119
2.080 -2.738119
2.088 -2.738119
2.096 -2.738119
2.104 -2.738119
2.112 -2.738119
2.120 -2.738119
2.128 -2.738119
2.136 -2.738119
2.144 -2.738119
2.152 -2.738119
2.160 -2.738119
2.168 -2.738119
2.176 -2.738119
2.184 -2.738119
2.192 -2.738119
2.200 -2.738119
2.208 -2.738119
2.216 -2.738119
2.224 -2.738119
2.232 -2.738119
2.240 -2.738119
2.248 -2.738119
2.256 -2.738119
2.264 -2.738119
2.272 -2.738119
2.280 -2.738119
2.288 -2.738119
2.296 -2.738119
2.304 -2.738119
2.312 -2.738119
2.320 -2.738119
2.328 -2.738119
2.336 -2.738119
2.344 -2.738119
2.352 -2.738119
2.360 -2.738119
2.368 -2.738119
2.376 -2.738119
2.384 -2.738119
2.392 -2.738119
2.400 -2.738119
2.408 -2.738119
2.416 -2.738119
2.424 -2.738119
2.432 -2.738119
2.440 -2.738119
2.448 -2.738119
2.456 -2.738119
2.464 -2.738119
2.472 -2.738119
2.480 -2.738119
2.488 -2.738119
2.496 -2.738119
2.504 -2.738119
2.512 -2.738119
2.520 -2.738119
2.528 -2.738119
2.536 -2.738119
2.544 -2.738119
2.552 -2.738119
2.560 -2.738119
2.568 -2.738119
2.576 -2.738119
2.584 -2.738119
2.592 -2.738119
2.600 -2.738119
2.608 -2.738119
2.616 -2.738119
2.624 -2.738119
2.632 -2.738119
2.640 -2.738119
2.648 -2.738119
2.656 -2.738119
2.664 -2.738119
2.672 -2.738119
2.680 -2.738119
2.688 -2.738119
2.696 -2.738119
2.704 -2.738119
2.712 -2.738119
2.720 -2.738119
2.728 -2.738119
2.736 -2.738119
2.744 -2.738119
2.752 -2.738119
2.760 -2.738119
2.768 -2.738119
2.776 -2.738119
2.784 -2.738119
2.792 -2.738119
2.800 -2.738119
2.808 -2.738119
2.816 -2.738119
2.824 -2.738119
2.832 -2.738119
2.840 -2.738119
2.848 -2.738119
2.856 -2.738119
2.864 -2.738119
2.872 -2.738119
2.880 -2.738119
2.888 -2.738119
2.896 -2.738119
2.904 -2.738119
2.912 -2.738119
2.920 -2.738119
2.928 -2.738119
2.936 -2.738119
2.944 -2.738119
2.952 -2.738119
2.960 -2.738119
2.968 -2.738119
2.976 -2.738119
2.984 -2.738119
2.992 -2.738119
3.000 -2.738119
3.008 -2.738119
3.016 -2.738119
3.024 -2.738119
3.032 -2.738119
3.040 -2.738119
3.048 -2.738119
3.056 -2.738119
3.064 -2.738119
3.072 -2.738119
3.080 -2.738119
3.088 -2.738119
3.096 -2.738119
3.104 -2.738119
3.112 -2.738119
3.120 -2.738119
3.128 -2.738119
3.136 -2.738119
3.144 -2.738119
3.152 -2.738119
3.160 -2.738119
3.168 -2.738119
3.170 -2.738119
