0.000 -0.100633
0.002 -0.100633
0.004 -0.100633
0.006 -0.100632
0.008 -0.100630
0.010 -0.100628
0.012 -0.100625
0.014 -0.100621
0.016 -0.100617
0.018 -0.100612
0.020 -0.100606
0.022 -0.100600
0.024 -0.100593
0.026 -0.100585
0.028 -0.100576
0.030 -0.100567
0.032 -0.100557
0.034 -0.100546
0.036 -0.100534
0.038 -0.100522
0.040 -0.100491
0.042 -0.100475
0.044 -0.100463
0.046 -0.100461
0.048 -0.100452
0.050 -0.100435
0.052 -0.100416
0.054 -0.100396
0.056 -0.100377
0.058 -0.100357
0.060 -0.100337
0.062 -0.100315
0.064 -0.100293
0.066 -0.100270
0.068 -0.100246
0.070 -0.100222
0.072 -0.100196
0.074 -0.100170
0.076 -0.100143
0.078 -0.100115
0.080 -0.100087
0.082 -0.100057
0.084 -0.100027
0.086 -0.099996
0.088 -0.099965
0.090 -0.099932
0.092 -0.099899
0.094 -0.099864
0.096 -0.099829
0.098 -0.099793
0.100 -0.099757
0.102 -0.099719
0.104 -0.099681
0.106 -0.099642
0.108 -0.099602
0.110 -0.099561
0.112 -0.099520
0.114 -0.099477
0.116 -0.099434
0.118 -0.099390
0.120 -0.099372
0.122 -0.099369
0.124 -0.099290
0.126 -0.099207
0.128 -0.099148
0.130 -0.099103
0.132 -0.099059
0.134 -0.099011
0.136 -0.098959
0.138 -0.098906
0.140 -0.098852
0.142 -0.098798
0.144 -0.098744
0.146 -0.098688
0.148 -0.098632
0.150 -0.098575
0.152 -0.098516
0.154 -0.098458
0.156 -0.098398
0.158 -0.098337
0.160 -0.098276
0.162 -0.098214
0.164 -0.098151
0.166 -0.098087
0.168 -0.098022
0.170 -0.097957
0.172 -0.097890
0.174 -0.097823
0.176 -0.097755
0.178 -0.097686
0.180 -0.097616
0.182 -0.097546
0.184 -0.097475
0.186 -0.097403
0.188 -0.097330
0.190 -0.097256
0.192 -0.097181
0.194 -0.097106
0.196 -0.097029
0.198 -0.096952
0.200 -0.096874
0.202 -0.096796
0.204 -0.096716
0.206 -0.096636
0.208 -0.096554
0.210 -0.096472
0.212 -0.096389
0.214 -0.096306
0.216 -0.096221
0.218 -0.096136
0.220 -0.096050
0.222 -0.095963
0.224 -0.095875
0.226 -0.095786
0.228 -0.095697
0.230 -0.095606
0.232 -0.095515
0.234 -0.095423
0.236 -0.095331
0.238 -0.095237
0.240 -0.095143
0.242 -0.095047
0.244 -0.094951
0.246 -0.094855
0.248 -0.094757
0.250 -0.094658
0.252 -0.094559
0.254 -0.094459
0.256 -0.094358
0.258 -0.094256
0.260 -0.094154
0.262 -0.094050
0.264 -0.093946
0.266 -0.093841
0.268 -0.093735
0.270 -0.093628
0.272 -0.093521
0.274 -0.093412
0.276 -0.093303
0.278 -0.093193
0.280 -0.093083
0.282 -0.092971
0.284 -0.092859
0.286 -0.092745
0.288 -0.092631
0.290 -0.092517
0.292 -0.092401
0.294 -0.092284
0.296 -0.092167
0.298 -0.092049
0.300 -0.091930
0.302 -0.091810
0.304 -0.091690
0.306 -0.091568
0.308 -0.091446
0.310 -0.091323
0.312 -0.091199
0.314 -0.091075
0.316 -0.090949
0.318 -0.090823
0.320 -0.090696
0.322 -0.090568
0.324 -0.090440
0.326 -0.090382
0.328 -0.090371
0.330 -0.090367
0.332 -0.090353
0.334 -0.089989
0.336 -0.089661
0.338 -0.089477
0.340 -0.089371
0.342 -0.089269
0.344 -0.089143
0.346 -0.089001
0.348 -0.088856
0.350 -0.088713
0.352 -0.088572
0.354 -0.088432
0.356 -0.088290
0.358 -0.088146
0.360 -0.088002
0.362 -0.087857
0.364 -0.087711
0.366 -0.087565
0.368 -0.087418
0.370 -0.087270
0.372 -0.087121
0.374 -0.086972
0.376 -0.086821
0.378 -0.086670
0.380 -0.086518
0.382 -0.086365
0.384 -0.086212
0.386 -0.086058
0.388 -0.085903
0.390 -0.085747
0.392 -0.085590
0.394 -0.085433
0.396 -0.085274
0.398 -0.085115
0.400 -0.084956
0.402 -0.084795
0.404 -0.084634
0.406 -0.084472
0.408 -0.084309
0.410 -0.084145
0.412 -0.083980
0.414 -0.083815
0.416 -0.083649
0.418 -0.083482
0.420 -0.083314
0.422 -0.083146
0.424 -0.082976
0.426 -0.082806
0.428 -0.082635
0.430 -0.082464
0.432 -0.082291
0.434 -0.082118
0.436 -0.081944
0.438 -0.081769
0.440 -0.081593
0.442 -0.081219
0.444 -0.081014
0.446 -0.080979
0.448 -0.080899
0.450 -0.080737
0.452 -0.080536
0.454 -0.080336
0.456 -0.080150
0.458 -0.079969
0.460 -0.079789
0.462 -0.079606
0.464 -0.079421
0.466 -0.079234
0.468 -0.079047
0.470 -0.078860
0.472 -0.078672
0.474 -0.078483
0.476 -0.078293
0.478 -0.078102
0.480 -0.077911
0.482 -0.077718
0.484 -0.077525
0.486 -0.077331
0.488 -0.077137
0.490 -0.076941
0.492 -0.076745
0.494 -0.076548
0.496 -0.076350
0.498 -0.076151
0.500 -0.075952
0.502 -0.075751
0.504 -0.075550
0.506 -0.075348
0.508 -0.075146
0.510 -0.074942
0.512 -0.074738
0.514 -0.074533
0.516 -0.074327
0.518 -0.074120
0.520 -0.073913
0.522 -0.073704
0.524 -0.073495
0.526 -0.073285
0.528 -0.073075
0.530 -0.072863
0.532 -0.072651
0.534 -0.072438
0.536 -0.072224
0.538 -0.072009
0.540 -0.071793
0.542 -0.071577
0.544 -0.071360
0.546 -0.071142
0.548 -0.070923
0.550 -0.070704
0.552 -0.070483
0.554 -0.070262
0.556 -0.070040
0.558 -0.069523
0.560 -0.069198
0.562 -0.069124
0.564 -0.069148
0.566 -0.069030
0.568 -0.068790
0.570 -0.068519
0.572 -0.068266
0.574 -0.068034
0.576 -0.067808
0.578 -0.067580
0.580 -0.067347
0.582 -0.067112
0.584 -0.066877
0.586 -0.066641
0.588 -0.066536
0.590 -0.066251
0.592 -0.065942
0.594 -0.065674
0.596 -0.065438
0.598 -0.065210
0.600 -0.064975
0.602 -0.064734
0.604 -0.064489
0.606 -0.064245
0.608 -0.064001
0.610 -0.063756
0.612 -0.063511
0.614 -0.063265
0.616 -0.063018
0.618 -0.062770
0.620 -0.062522
0.622 -0.062273
0.624 -0.062023
0.626 -0.061772
0.628 -0.061520
0.630 -0.061268
0.632 -0.061015
0.634 -0.060761
0.636 -0.060506
0.638 -0.060251
0.640 -0.059995
0.642 -0.059738
0.644 -0.059480
0.646 -0.059222
0.648 -0.058962
0.650 -0.058702
0.652 -0.058442
0.654 -0.058180
0.656 -0.057918
0.658 -0.057654
0.660 -0.057391
0.662 -0.057126
0.664 -0.056860
0.666 -0.056594
0.668 -0.056327
0.670 -0.056059
0.672 -0.055790
0.674 -0.055521
0.676 -0.055251
0.678 -0.054980
0.680 -0.054708
0.682 -0.054435
0.684 -0.054162
0.686 -0.053888
0.688 -0.053613
0.690 -0.053337
0.692 -0.053061
0.694 -0.052784
0.696 -0.052505
0.698 -0.052227
0.700 -0.051947
0.702 -0.051666
0.704 -0.051385
0.706 -0.051103
0.708 -0.050820
0.710 -0.050537
0.712 -0.050252
0.714 -0.049967
0.716 -0.049681
0.718 -0.049394
0.720 -0.049107
0.722 -0.048818
0.724 -0.048529
0.726 -0.048239
0.728 -0.047948
0.730 -0.047657
0.732 -0.047364
0.734 -0.047071
0.736 -0.046777
0.738 -0.046483
0.740 -0.046187
0.742 -0.045891
0.744 -0.045594
0.746 -0.045296
0.748 -0.044997
0.750 -0.044697
0.752 -0.044397
0.754 -0.044096
0.756 -0.043794
0.758 -0.043491
0.760 -0.043188
0.762 -0.042713
0.764 -0.042469
0.766 -0.042256
0.768 -0.041988
0.770 -0.041676
0.772 -0.041352
0.774 -0.041035
0.776 -0.040725
0.778 -0.040417
0.780 -0.040107
0.782 -0.039795
0.784 -0.039482
0.786 -0.039168
0.788 -0.038853
0.790 -0.038538
0.792 -0.038221
0.794 -0.038082
0.796 -0.037700
0.798 -0.037285
0.800 -0.036925
0.802 -0.036610
0.804 -0.036305
0.806 -0.035991
0.808 -0.035669
0.810 -0.035343
0.812 -0.035017
0.814 -0.034691
0.816 -0.034366
0.818 -0.034039
0.820 -0.033712
0.822 -0.033383
0.824 -0.033054
0.826 -0.032724
0.828 -0.032394
0.830 -0.032062
0.832 -0.031730
0.834 -0.031397
0.836 -0.031063
0.838 -0.030728
0.840 -0.030392
0.842 -0.030056
0.844 -0.029719
0.846 -0.029381
0.848 -0.029042
0.850 -0.028703
0.852 -0.028363
0.854 -0.028021
0.856 -0.027679
0.858 -0.027337
0.860 -0.026993
0.862 -0.026649
0.864 -0.026304
0.866 -0.025958
0.868 -0.025611
0.870 -0.025264
0.872 -0.024915
0.874 -0.024566
0.876 -0.024216
0.878 -0.023865
0.880 -0.023514
0.882 -0.023162
0.884 -0.022808
0.886 -0.022454
0.888 -0.022100
0.890 -0.021744
0.892 -0.021388
0.894 -0.021031
0.896 -0.020673
0.898 -0.020314
0.900 -0.019955
0.902 -0.019594
0.904 -0.019233
0.906 -0.018871
0.908 -0.018508
0.910 -0.018145
0.912 -0.017780
0.914 -0.017415
0.916 -0.017049
0.918 -0.016683
0.920 -0.016315
0.922 -0.015947
0.924 -0.015578
0.926 -0.015208
0.928 -0.014837
0.930 -0.014465
0.932 -0.014093
0.934 -0.013720
0.936 -0.013346
0.938 -0.012971
0.940 -0.012596
0.942 -0.012219
0.944 -0.011842
0.946 -0.011464
0.948 -0.011085
0.950 -0.010706
0.952 -0.010325
0.954 -0.009944
0.956 -0.009562
0.958 -0.009180
0.960 -0.008796
0.962 -0.008412
0.964 -0.008026
0.966 -0.007640
0.968 -0.007254
0.970 -0.006866
0.972 -0.006478
0.974 -0.006089
0.976 -0.005699
0.978 -0.005308
0.980 -0.004916
0.982 -0.004524
0.984 -0.004131
0.986 -0.003737
0.988 -0.003342
0.990 -0.002946
0.992 -0.002550
0.994 -0.002153
0.996 -0.001755
0.998 -0.001356
1.000 -0.000957
1.002 -0.000556
1.004 -0.000155
1.006 0.000247
1.008 0.000650
1.010 0.001053
1.012 0.001458
1.014 0.001863
1.016 0.002269
1.018 0.002676
1.020 0.003083
1.022 0.003491
1.024 0.003901
1.026 0.004311
1.028 0.004721
1.030 0.005133
1.032 0.005545
1.034 0.005959
1.036 0.006373
1.038 0.006787
1.040 0.007203
1.042 0.007862
1.044 0.008415
1.046 0.008624
1.048 0.008647
1.050 0.008894
1.052 0.009340
1.054 0.009842
1.056 0.010316
1.058 0.010754
1.060 0.011180
1.062 0.011609
1.064 0.012044
1.066 0.012483
1.068 0.012922
1.070 0.013360
1.072 0.013799
1.074 0.014237
1.076 0.014677
1.078 0.015117
1.080 0.015557
1.082 0.015998
1.084 0.016439
1.086 0.016881
1.088 0.017324
1.090 0.017766
1.092 0.018210
1.094 0.018654
1.096 0.019098
1.098 0.019298
1.100 0.019341
1.102 0.019726
1.104 0.020363
1.106 0.020990
1.108 0.021502
1.110 0.021944
1.112 0.022379
1.114 0.022831
1.116 0.023297
1.118 0.023766
1.120 0.024465
1.122 0.024836
1.124 0.025168
1.126 0.025580
1.128 0.026054
1.130 0.026542
1.132 0.027020
1.134 0.027487
1.136 0.027950
1.138 0.028415
1.140 0.028882
1.142 0.029351
1.144 0.029820
1.146 0.030289
1.148 0.030758
1.150 0.031227
1.152 0.031697
1.154 0.032167
1.156 0.032638
1.158 0.033109
1.160 0.033581
1.162 0.034053
1.164 0.034525
1.166 0.034998
1.168 0.035472
1.170 0.035946
1.172 0.036421
1.174 0.036896
1.176 0.037371
1.178 0.037848
1.180 0.038324
1.182 0.038802
1.184 0.039279
1.186 0.039758
1.188 0.040237
1.190 0.040716
1.192 0.041196
1.194 0.041677
1.196 0.042159
1.198 0.042640
1.200 0.043123
1.202 0.043606
1.204 0.044090
1.206 0.044575
1.208 0.045060
1.210 0.045545
1.212 0.046032
1.214 0.046519
1.216 0.047007
1.218 0.047495
1.220 0.047984
1.222 0.048474
1.224 0.048964
1.226 0.049456
1.228 0.049947
1.230 0.050440
1.232 0.050933
1.234 0.051427
1.236 0.051922
1.238 0.052417
1.240 0.052913
1.242 0.053132
1.244 0.053174
1.246 0.053188
1.248 0.053517
1.250 0.054113
1.252 0.054904
1.254 0.055721
1.256 0.056350
1.258 0.056853
1.260 0.057336
1.262 0.057845
1.264 0.058379
1.266 0.058918
1.268 0.059454
1.270 0.059985
1.272 0.060515
1.274 0.061045
1.276 0.061576
1.278 0.062107
1.280 0.062352
1.282 0.062887
1.284 0.063556
1.286 0.064176
1.288 0.064722
1.290 0.065238
1.292 0.065757
1.294 0.066289
1.296 0.066827
1.298 0.067366
1.300 0.067903
1.302 0.068439
1.304 0.068974
1.306 0.069511
1.308 0.070047
1.310 0.070584
1.312 0.071121
1.314 0.071659
1.316 0.072197
1.318 0.072735
1.320 0.073273
1.322 0.073812
1.324 0.074351
1.326 0.074890
1.328 0.075430
1.330 0.075970
1.332 0.076511
1.334 0.077052
1.336 0.077594
1.338 0.078136
1.340 0.078678
1.342 0.079221
1.344 0.079764
1.346 0.080308
1.348 0.080852
1.350 0.081397
1.352 0.081942
1.354 0.082488
1.356 0.083034
1.358 0.083581
1.360 0.084129
1.362 0.084677
1.364 0.085225
1.366 0.085774
1.368 0.086324
1.370 0.086875
1.372 0.087426
1.374 0.087977
1.376 0.088529
1.378 0.089082
1.380 0.089636
1.382 0.090190
1.384 0.090744
1.386 0.091300
1.388 0.091856
1.390 0.092412
1.392 0.092970
1.394 0.093528
1.396 0.094086
1.398 0.094646
1.400 0.095206
1.402 0.095766
1.404 0.096328
1.406 0.096890
1.408 0.097453
1.410 0.098016
1.412 0.098580
1.414 0.099145
1.416 0.099394
1.418 0.099931
1.420 0.100646
1.422 0.101319
1.424 0.101911
1.426 0.102465
1.428 0.103021
1.430 0.103591
1.432 0.104170
1.434 0.104750
1.436 0.105328
1.438 0.105906
1.440 0.106484
1.442 0.107063
1.444 0.107643
1.446 0.108223
1.448 0.108804
1.450 0.109386
1.452 0.109968
1.454 0.110551
1.456 0.111135
1.458 0.111719
1.460 0.112304
1.462 0.112890
1.464 0.113476
1.466 0.114063
1.468 0.114651
1.470 0.115239
1.472 0.115829
1.474 0.116419
1.476 0.117009
1.478 0.117600
1.480 0.118192
1.482 0.118785
1.484 0.119379
1.486 0.119973
1.488 0.120568
1.490 0.121163
1.492 0.121760
1.494 0.122357
1.496 0.122955
1.498 0.123553
1.500 0.124153
1.502 0.124753
1.504 0.125353
1.506 0.125954
1.508 0.126555
1.510 0.127156
1.512 0.127757
1.514 0.128358
1.516 0.128959
1.518 0.129560
1.520 0.130161
1.522 0.130762
1.524 0.131364
1.526 0.131965
1.528 0.132566
1.530 0.132831
1.532 0.133380
1.534 0.134135
1.536 0.134853
1.538 0.135484
1.540 0.136072
1.542 0.136659
1.544 0.137260
1.546 0.137870
1.548 0.138480
1.550 0.139089
1.552 0.139695
1.554 0.140301
1.556 0.140907
1.558 0.141514
1.560 0.142120
1.562 0.142726
1.564 0.143332
1.566 0.143938
1.568 0.144544
1.570 0.145149
1.572 0.145755
1.574 0.146360
1.576 0.146965
1.578 0.147570
1.580 0.148175
1.582 0.148780
1.584 0.149385
1.586 0.149990
1.588 0.150594
1.590 0.151199
1.592 0.151803
1.594 0.152407
1.596 0.153011
1.598 0.153616
1.600 0.154220
1.602 0.154823
1.604 0.155427
1.606 0.156031
1.608 0.156635
1.610 0.156902
1.612 0.157452
1.614 0.158208
1.616 0.158929
1.618 0.159562
1.620 0.160151
1.622 0.160739
1.624 0.161342
1.626 0.161952
1.628 0.162564
1.630 0.163173
1.632 0.163781
1.634 0.164388
1.636 0.164994
1.638 0.165601
1.640 0.166208
1.642 0.166815
1.644 0.167421
1.646 0.168027
1.648 0.168633
1.650 0.169239
1.652 0.169845
1.654 0.170450
1.656 0.171056
1.658 0.171661
1.660 0.172266
1.662 0.172870
1.664 0.173475
1.666 0.174080
1.668 0.174684
1.670 0.175288
1.672 0.175892
1.674 0.176495
1.676 0.177098
1.678 0.177700
1.680 0.178300
1.682 0.178900
1.684 0.179500
1.686 0.180098
1.688 0.180696
1.690 0.181292
1.692 0.181888
1.694 0.182483
1.696 0.183078
1.698 0.183671
1.700 0.184264
1.702 0.184856
1.704 0.185447
1.706 0.186037
1.708 0.186627
1.710 0.187215
1.712 0.187803
1.714 0.188390
1.716 0.188976
1.718 0.189561
1.720 0.190146
1.722 0.190729
1.724 0.191312
1.726 0.191894
1.728 0.192475
1.730 0.193055
1.732 0.193635
1.734 0.194213
1.736 0.194791
1.738 0.195368
1.740 0.195944
1.742 0.196519
1.744 0.197093
1.746 0.197667
1.748 0.198239
1.750 0.198811
1.752 0.199382
1.754 0.199952
1.756 0.200521
1.758 0.201090
1.760 0.201861
1.762 0.202295
1.764 0.202715
1.766 0.203233
1.768 0.203816
1.770 0.204409
1.772 0.204986
1.774 0.205550
1.776 0.206109
1.778 0.206670
1.780 0.207232
1.782 0.207794
1.784 0.208355
1.786 0.208914
1.788 0.209472
1.790 0.210029
1.792 0.210586
1.794 0.211141
1.796 0.211696
1.798 0.212250
1.800 0.212803
1.802 0.213354
1.804 0.213905
1.806 0.214455
1.808 0.215004
1.810 0.215553
1.812 0.216100
1.814 0.216646
1.816 0.217192
1.818 0.217736
1.820 0.218280
1.822 0.218823
1.824 0.219365
1.826 0.219906
1.828 0.220446
1.830 0.220985
1.832 0.221524
1.834 0.222061
1.836 0.222598
1.838 0.223133
1.840 0.223668
1.842 0.224202
1.844 0.224735
1.846 0.225268
1.848 0.225799
1.850 0.226329
1.852 0.226859
1.854 0.227388
1.856 0.227916
1.858 0.228443
1.860 0.228969
1.862 0.229494
1.864 0.230019
1.866 0.230542
1.868 0.231065
1.870 0.231587
1.872 0.232108
1.874 0.232628
1.876 0.233147
1.878 0.233666
1.880 0.234183
1.882 0.234700
1.884 0.235216
1.886 0.235731
1.888 0.236245
1.890 0.236759
1.892 0.237271
1.894 0.237783
1.896 0.238294
1.898 0.238804
1.900 0.239313
1.902 0.239822
1.904 0.240329
1.906 0.240836
1.908 0.241342
1.910 0.241847
1.912 0.242351
1.914 0.242854
1.916 0.243075
1.918 0.243592
1.920 0.244230
1.922 0.244815
1.924 0.245325
1.926 0.245807
1.928 0.246292
1.930 0.246788
1.932 0.247289
1.934 0.247790
1.936 0.248287
1.938 0.248783
1.940 0.249278
1.942 0.249771
1.944 0.250265
1.946 0.250757
1.948 0.251249
1.950 0.251739
1.952 0.252229
1.954 0.252717
1.956 0.253205
1.958 0.253692
1.960 0.254178
1.962 0.254664
1.964 0.255148
1.966 0.255631
1.968 0.256114
1.970 0.256596
1.972 0.257077
1.974 0.257557
1.976 0.258036
1.978 0.258514
1.980 0.258991
1.982 0.259468
1.984 0.259944
1.986 0.260419
1.988 0.260893
1.990 0.261366
1.992 0.261838
1.994 0.262310
1.996 0.262780
1.998 0.262987
2.000 0.263493
2.002 0.264094
2.004 0.264634
2.006 0.265367
2.008 0.265721
2.010 0.266032
2.012 0.266436
2.014 0.266911
2.016 0.267401
2.018 0.267877
2.020 0.268339
2.022 0.268796
2.024 0.269254
2.026 0.269713
2.028 0.270172
2.030 0.270630
2.032 0.271087
2.034 0.271543
2.036 0.271998
2.038 0.272453
2.040 0.272906
2.042 0.273593
2.044 0.274451
2.046 0.275152
2.048 0.275395
2.050 0.275398
2.052 0.275390
2.054 0.275699
2.056 0.276210
2.058 0.276498
2.060 0.277063
2.062 0.277646
2.064 0.278145
2.066 0.278585
2.068 0.279014
2.070 0.279454
2.072 0.279903
2.074 0.280354
2.076 0.280802
2.078 0.281247
2.080 0.281691
2.082 0.282133
2.084 0.282575
2.086 0.283016
2.088 0.283455
2.090 0.283894
2.092 0.284332
2.094 0.284768
2.096 0.285203
2.098 0.285638
2.100 0.286071
2.102 0.286504
2.104 0.286935
2.106 0.287365
2.108 0.287794
2.110 0.288223
2.112 0.288650
2.114 0.289076
2.116 0.289502
2.118 0.289926
2.120 0.290350
2.122 0.290772
2.124 0.291194
2.126 0.291614
2.128 0.292034
2.130 0.292452
2.132 0.292870
2.134 0.293287
2.136 0.293703
2.138 0.294118
2.140 0.294532
2.142 0.294945
2.144 0.295357
2.146 0.295768
2.148 0.296179
2.150 0.296588
2.152 0.296997
2.154 0.297404
2.156 0.297811
2.158 0.298217
2.160 0.298622
2.162 0.299026
2.164 0.299430
2.166 0.299832
2.168 0.300233
2.170 0.300634
2.172 0.301034
2.174 0.301433
2.176 0.301831
2.178 0.302228
2.180 0.302624
2.182 0.303020
2.184 0.303414
2.186 0.303808
2.188 0.304201
2.190 0.304593
2.192 0.304984
2.194 0.305375
2.196 0.305764
2.198 0.306153
2.200 0.306541
2.202 0.306928
2.204 0.307314
2.206 0.307699
2.208 0.308084
2.210 0.308468
2.212 0.308850
2.214 0.309232
2.216 0.309614
2.218 0.309994
2.220 0.310374
2.222 0.310752
2.224 0.311130
2.226 0.311507
2.228 0.311884
2.230 0.312259
2.232 0.312634
2.234 0.313008
2.236 0.313381
2.238 0.313753
2.240 0.314124
2.242 0.314495
2.244 0.314865
2.246 0.315234
2.248 0.315602
2.250 0.315969
2.252 0.316336
2.254 0.316701
2.256 0.317066
2.258 0.317430
2.260 0.317794
2.262 0.318156
2.264 0.318518
2.266 0.318879
2.268 0.319239
2.270 0.319598
2.272 0.319956
2.274 0.320314
2.276 0.320671
2.278 0.321027
2.280 0.321643
2.282 0.322029
2.284 0.322126
2.286 0.322311
2.288 0.322641
2.290 0.323035
2.292 0.323422
2.294 0.323784
2.296 0.324131
2.298 0.324477
2.300 0.324826
2.302 0.325177
2.304 0.325526
2.306 0.325875
2.308 0.326222
2.310 0.326568
2.312 0.326914
2.314 0.327066
2.316 0.327479
2.318 0.327926
2.320 0.328312
2.322 0.328647
2.324 0.328970
2.326 0.329300
2.328 0.329638
2.330 0.329979
2.332 0.330317
2.334 0.330653
2.336 0.330987
2.338 0.331321
2.340 0.331654
2.342 0.331987
2.344 0.332318
2.346 0.332649
2.348 0.332978
2.350 0.333307
2.352 0.333635
2.354 0.333962
2.356 0.334289
2.358 0.334614
2.360 0.334939
2.362 0.335263
2.364 0.335585
2.366 0.335908
2.368 0.336229
2.370 0.336549
2.372 0.336869
2.374 0.337187
2.376 0.337505
2.378 0.337822
2.380 0.338139
2.382 0.338454
2.384 0.338769
2.386 0.339082
2.388 0.339395
2.390 0.339707
2.392 0.340019
2.394 0.340329
2.396 0.340639
2.398 0.340947
2.400 0.341255
2.402 0.341563
2.404 0.341869
2.406 0.342174
2.408 0.342479
2.410 0.342783
2.412 0.342916
2.414 0.343279
2.416 0.343673
2.418 0.344013
2.420 0.344308
2.422 0.344591
2.424 0.344882
2.426 0.345179
2.428 0.345478
2.430 0.345775
2.432 0.346071
2.434 0.346364
2.436 0.346657
2.438 0.346950
2.440 0.347242
2.442 0.347533
2.444 0.347823
2.446 0.348112
2.448 0.348401
2.450 0.348967
2.452 0.349291
2.454 0.349354
2.456 0.349488
2.458 0.349749
2.460 0.350066
2.462 0.350379
2.464 0.350669
2.466 0.350948
2.468 0.351224
2.470 0.351503
2.472 0.351783
2.474 0.352063
2.476 0.352342
2.478 0.352619
2.480 0.352895
2.482 0.353171
2.484 0.353446
2.486 0.353720
2.488 0.353993
2.490 0.354265
2.492 0.354537
2.494 0.354807
2.496 0.355077
2.498 0.355346
2.500 0.355464
2.502 0.355786
2.504 0.356134
2.506 0.356434
2.508 0.356695
2.510 0.356797
2.512 0.357107
2.514 0.357450
2.516 0.357748
2.518 0.358006
2.520 0.358253
2.522 0.358505
2.524 0.358763
2.526 0.359022
2.528 0.359281
2.530 0.359537
2.532 0.359792
2.534 0.360046
2.536 0.360300
2.538 0.360553
2.540 0.360805
2.542 0.361056
2.544 0.361306
2.546 0.361556
2.548 0.361805
2.550 0.362053
2.552 0.362300
2.554 0.362546
2.556 0.362792
2.558 0.363036
2.560 0.363143
2.562 0.363299
2.564 0.363665
2.566 0.364012
2.568 0.364280
2.570 0.364504
2.572 0.364724
2.574 0.364956
2.576 0.365195
2.578 0.365435
2.580 0.365672
2.582 0.365907
2.584 0.366141
2.586 0.366374
2.588 0.366607
2.590 0.366839
2.592 0.367070
2.594 0.367300
2.596 0.367530
2.598 0.367759
2.600 0.367986
2.602 0.368214
2.604 0.368440
2.606 0.368665
2.608 0.368890
2.610 0.369114
2.612 0.369337
2.614 0.369559
2.616 0.369780
2.618 0.370001
2.620 0.370221
2.622 0.370440
2.624 0.370658
2.626 0.370876
2.628 0.371092
2.630 0.371308
2.632 0.371523
2.634 0.371737
2.636 0.371951
2.638 0.372163
2.640 0.372375
2.642 0.372467
2.644 0.372720
2.646 0.372994
2.648 0.373230
2.650 0.373434
2.652 0.373631
2.654 0.373831
2.656 0.374037
2.658 0.374243
2.660 0.374448
2.662 0.374651
2.664 0.374853
2.666 0.375054
2.668 0.375255
2.670 0.375455
2.672 0.375654
2.674 0.375852
2.676 0.376050
2.678 0.376246
2.680 0.376442
2.682 0.376637
2.684 0.376831
2.686 0.377025
2.688 0.377217
2.690 0.377409
2.692 0.377600
2.694 0.377791
2.696 0.377980
2.698 0.378169
2.700 0.378251
2.702 0.378476
2.704 0.378719
2.706 0.378929
2.708 0.379111
2.710 0.379285
2.712 0.379463
2.714 0.379645
2.716 0.379828
2.718 0.380010
2.720 0.380190
2.722 0.380369
2.724 0.380547
2.726 0.380724
2.728 0.380901
2.730 0.380978
2.732 0.381189
2.734 0.381417
2.736 0.381613
2.738 0.381783
2.740 0.381946
2.742 0.382112
2.744 0.382282
2.746 0.382453
2.748 0.382623
2.750 0.382791
2.752 0.382958
2.754 0.383124
2.756 0.383289
2.758 0.383454
2.760 0.383618
2.762 0.383872
2.764 0.384002
2.766 0.384114
2.768 0.384253
2.770 0.384416
2.772 0.384583
2.774 0.384746
2.776 0.384903
2.778 0.385059
2.780 0.385214
2.782 0.385369
2.784 0.385523
2.786 0.385677
2.788 0.386085
2.790 0.386314
2.792 0.386350
2.794 0.386404
2.796 0.386445
2.798 0.386556
2.800 0.386631
2.802 0.386826
2.804 0.387026
2.806 0.387190
2.808 0.387329
2.810 0.387463
2.812 0.387602
2.814 0.387744
2.816 0.387887
2.818 0.388028
2.820 0.388168
2.822 0.388307
2.824 0.388445
2.826 0.388582
2.828 0.388719
2.830 0.388854
2.832 0.388989
2.834 0.389123
2.836 0.389257
2.838 0.389389
2.840 0.389521
2.842 0.389652
2.844 0.389782
2.846 0.389911
2.848 0.390040
2.850 0.390168
2.852 0.390223
2.854 0.390375
2.856 0.390539
2.858 0.390680
2.860 0.390802
2.862 0.390919
2.864 0.391037
2.866 0.391159
2.868 0.391280
2.870 0.391401
2.872 0.391520
2.874 0.391638
2.876 0.391755
2.878 0.391872
2.880 0.391988
2.882 0.392103
2.884 0.392217
2.886 0.392331
2.888 0.392443
2.890 0.392555
2.892 0.392666
2.894 0.392776
2.896 0.392886
2.898 0.392994
2.900 0.393102
2.902 0.393209
2.904 0.393316
2.906 0.393421
2.908 0.393526
2.910 0.393630
2.912 0.393733
2.914 0.393835
2.916 0.393936
2.918 0.394037
2.920 0.394137
2.922 0.394236
2.924 0.394334
2.926 0.394432
2.928 0.394528
2.930 0.394624
2.932 0.394719
2.934 0.394814
2.936 0.394907
2.938 0.395000
2.940 0.395092
2.942 0.395183
2.944 0.395273
2.946 0.395363
2.948 0.395451
2.950 0.395539
2.952 0.395626
2.954 0.395713
2.956 0.395798
2.958 0.395883
2.960 0.395967
2.962 0.396050
2.964 0.396132
2.966 0.396213
2.968 0.396294
2.970 0.396374
2.972 0.396453
2.974 0.396531
2.976 0.396609
2.978 0.396686
2.980 0.396761
2.982 0.396837
2.984 0.396911
2.986 0.396984
2.988 0.397057
2.990 0.397129
2.992 0.397200
2.994 0.397270
2.996 0.397340
2.998 0.397409
3.000 0.397476
3.002 0.397544
3.004 0.397610
3.006 0.397675
3.008 0.397848
3.010 0.397944
3.012 0.397993
3.014 0.398002
3.016 0.398000
3.018 0.398037
3.020 0.398102
3.022 0.398172
3.024 0.398235
3.026 0.398292
3.028 0.398347
3.030 0.398402
3.032 0.398457
3.034 0.398511
3.036 0.398565
3.038 0.398618
3.040 0.398669
3.042 0.398720
3.044 0.398771
3.046 0.398820
3.048 0.398869
3.050 0.398916
3.052 0.398963
3.054 0.399010
3.056 0.399055
3.058 0.399100
3.060 0.399144
3.062 0.399187
3.064 0.399229
3.066 0.399270
3.068 0.399311
3.070 0.399351
3.072 0.399390
3.074 0.399428
3.076 0.399465
3.078 0.399502
3.080 0.399538
3.082 0.399573
3.084 0.399607
3.086 0.399641
3.088 0.399673
3.090 0.399705
3.092 0.399736
3.094 0.399767
3.096 0.399796
3.098 0.399825
3.100 0.399853
3.102 0.399880
3.104 0.399906
3.106 0.399931
3.108 0.399956
3.110 0.399980
3.112 0.400003
3.114 0.400025
3.116 0.400047
3.118 0.400067
3.120 0.400087
3.122 0.400106
3.124 0.400125
3.126 0.400142
3.128 0.400159
3.130 0.400175
3.132 0.400190
3.134 0.400204
3.136 0.400218
3.138 0.400230
3.140 0.400242
3.142 0.400253
3.144 0.400264
3.146 0.400273
3.148 0.400282
3.150 0.400290
3.152 0.400297
3.154 0.400303
3.156 0.400309
3.158 0.400313
3.160 0.400317
3.162 0.400318
3.164 0.400321
3.166 0.400324
